/*---------------------------------------------------------------------------*\
| =========                 |                                                 |
| \\      /  F ield         | OpenFOAM: The Open Source CFD Toolbox           |
|  \\    /   O peration     | Version:  1.2                                   |
|   \\  /    A nd           | Web:      http://www.openfoam.org               |
|    \\/     M anipulation  |                                                 |
\*---------------------------------------------------------------------------*/

FoamFile
{
    version 2.0;
    format ascii;

    root "/home/dm2/henry/OpenFOAM/OpenFOAM-1.2/tutorials/XiFoam";
    case "moriyoshiHomogeneous";
    instance ""constant"";
    local "polyMesh";

    class cellList;
    object cells;
}

// * * * * * * * * * * * * * * * * * * * * * * * * * * * * * * * * * * * * * //


2450
(
6(4935 1 7455 5005 4795 0)
6(4936 3 7490 5040 0 2)
6(4937 5 7525 5075 2 4)
6(4938 7 7560 5110 4 6)
6(4939 9 7595 5145 6 8)
6(4940 11 7630 5180 8 10)
6(4941 13 7665 5215 10 12)
6(4942 15 7700 5250 12 14)
6(4943 17 7735 5285 14 16)
6(4944 19 7770 5320 16 18)
6(4945 21 7805 5355 18 20)
6(4946 23 7840 5390 20 22)
6(4947 25 7875 5425 22 24)
6(4948 27 7910 5460 24 26)
6(4949 29 7945 5495 26 28)
6(4950 31 7980 5530 28 30)
6(4951 33 8015 5565 30 32)
6(4952 35 8050 5600 32 34)
6(4953 37 8085 5635 34 36)
6(4954 39 8120 5670 36 38)
6(4955 41 8155 5705 38 40)
6(4956 43 8190 5740 40 42)
6(4957 45 8225 5775 42 44)
6(4958 47 8260 5810 44 46)
6(4959 49 8295 5845 46 48)
6(4960 51 8330 5880 48 50)
6(4961 53 8365 5915 50 52)
6(4962 55 8400 5950 52 54)
6(4963 57 8435 5985 54 56)
6(4964 59 8470 6020 56 58)
6(4965 61 8505 6055 58 60)
6(4966 63 8540 6090 60 62)
6(4967 65 8575 6125 62 64)
6(4968 67 8610 6160 64 66)
6(4969 69 8645 6195 66 68)
6(4970 71 8680 6230 68 70)
6(4971 73 8715 6265 70 72)
6(4972 75 8750 6300 72 74)
6(4973 77 8785 6335 74 76)
6(4974 79 8820 6370 76 78)
6(4975 81 8855 6405 78 80)
6(4976 83 8890 6440 80 82)
6(4977 85 8925 6475 82 84)
6(4978 87 8960 6510 84 86)
6(4979 89 8995 6545 86 88)
6(4980 91 9030 6580 88 90)
6(4981 93 9065 6615 90 92)
6(4982 95 9100 6650 92 94)
6(4983 97 9135 6685 94 96)
6(4984 99 9170 6720 96 98)
6(4985 101 9205 6755 98 100)
6(4986 103 9240 6790 100 102)
6(4987 105 9275 6825 102 104)
6(4988 107 9310 6860 104 106)
6(4989 109 9345 6895 106 108)
6(4990 111 9380 6930 108 110)
6(4991 113 9415 6965 110 112)
6(4992 115 9450 7000 112 114)
6(4993 117 9485 7035 114 116)
6(4994 119 9520 7070 116 118)
6(4995 121 9555 7105 118 120)
6(4996 123 9590 7140 120 122)
6(4997 125 9625 7175 122 124)
6(4998 127 9660 7210 124 126)
6(4999 129 9695 7245 126 128)
6(5000 131 9730 7280 128 130)
6(5001 133 9765 7315 130 132)
6(5002 135 9800 7350 132 134)
6(5003 137 9835 7385 134 136)
6(5004 138 9870 7420 136 4830)
6(1 140 7456 5006 4796 139)
6(3 142 7491 5041 139 141)
6(5 144 7526 5076 141 143)
6(7 146 7561 5111 143 145)
6(9 148 7596 5146 145 147)
6(11 150 7631 5181 147 149)
6(13 152 7666 5216 149 151)
6(15 154 7701 5251 151 153)
6(17 156 7736 5286 153 155)
6(19 158 7771 5321 155 157)
6(21 160 7806 5356 157 159)
6(23 162 7841 5391 159 161)
6(25 164 7876 5426 161 163)
6(27 166 7911 5461 163 165)
6(29 168 7946 5496 165 167)
6(31 170 7981 5531 167 169)
6(33 172 8016 5566 169 171)
6(35 174 8051 5601 171 173)
6(37 176 8086 5636 173 175)
6(39 178 8121 5671 175 177)
6(41 180 8156 5706 177 179)
6(43 182 8191 5741 179 181)
6(45 184 8226 5776 181 183)
6(47 186 8261 5811 183 185)
6(49 188 8296 5846 185 187)
6(51 190 8331 5881 187 189)
6(53 192 8366 5916 189 191)
6(55 194 8401 5951 191 193)
6(57 196 8436 5986 193 195)
6(59 198 8471 6021 195 197)
6(61 200 8506 6056 197 199)
6(63 202 8541 6091 199 201)
6(65 204 8576 6126 201 203)
6(67 206 8611 6161 203 205)
6(69 208 8646 6196 205 207)
6(71 210 8681 6231 207 209)
6(73 212 8716 6266 209 211)
6(75 214 8751 6301 211 213)
6(77 216 8786 6336 213 215)
6(79 218 8821 6371 215 217)
6(81 220 8856 6406 217 219)
6(83 222 8891 6441 219 221)
6(85 224 8926 6476 221 223)
6(87 226 8961 6511 223 225)
6(89 228 8996 6546 225 227)
6(91 230 9031 6581 227 229)
6(93 232 9066 6616 229 231)
6(95 234 9101 6651 231 233)
6(97 236 9136 6686 233 235)
6(99 238 9171 6721 235 237)
6(101 240 9206 6756 237 239)
6(103 242 9241 6791 239 241)
6(105 244 9276 6826 241 243)
6(107 246 9311 6861 243 245)
6(109 248 9346 6896 245 247)
6(111 250 9381 6931 247 249)
6(113 252 9416 6966 249 251)
6(115 254 9451 7001 251 253)
6(117 256 9486 7036 253 255)
6(119 258 9521 7071 255 257)
6(121 260 9556 7106 257 259)
6(123 262 9591 7141 259 261)
6(125 264 9626 7176 261 263)
6(127 266 9661 7211 263 265)
6(129 268 9696 7246 265 267)
6(131 270 9731 7281 267 269)
6(133 272 9766 7316 269 271)
6(135 274 9801 7351 271 273)
6(137 276 9836 7386 273 275)
6(138 277 9871 7421 275 4831)
6(140 279 7457 5007 4797 278)
6(142 281 7492 5042 278 280)
6(144 283 7527 5077 280 282)
6(146 285 7562 5112 282 284)
6(148 287 7597 5147 284 286)
6(150 289 7632 5182 286 288)
6(152 291 7667 5217 288 290)
6(154 293 7702 5252 290 292)
6(156 295 7737 5287 292 294)
6(158 297 7772 5322 294 296)
6(160 299 7807 5357 296 298)
6(162 301 7842 5392 298 300)
6(164 303 7877 5427 300 302)
6(166 305 7912 5462 302 304)
6(168 307 7947 5497 304 306)
6(170 309 7982 5532 306 308)
6(172 311 8017 5567 308 310)
6(174 313 8052 5602 310 312)
6(176 315 8087 5637 312 314)
6(178 317 8122 5672 314 316)
6(180 319 8157 5707 316 318)
6(182 321 8192 5742 318 320)
6(184 323 8227 5777 320 322)
6(186 325 8262 5812 322 324)
6(188 327 8297 5847 324 326)
6(190 329 8332 5882 326 328)
6(192 331 8367 5917 328 330)
6(194 333 8402 5952 330 332)
6(196 335 8437 5987 332 334)
6(198 337 8472 6022 334 336)
6(200 339 8507 6057 336 338)
6(202 341 8542 6092 338 340)
6(204 343 8577 6127 340 342)
6(206 345 8612 6162 342 344)
6(208 347 8647 6197 344 346)
6(210 349 8682 6232 346 348)
6(212 351 8717 6267 348 350)
6(214 353 8752 6302 350 352)
6(216 355 8787 6337 352 354)
6(218 357 8822 6372 354 356)
6(220 359 8857 6407 356 358)
6(222 361 8892 6442 358 360)
6(224 363 8927 6477 360 362)
6(226 365 8962 6512 362 364)
6(228 367 8997 6547 364 366)
6(230 369 9032 6582 366 368)
6(232 371 9067 6617 368 370)
6(234 373 9102 6652 370 372)
6(236 375 9137 6687 372 374)
6(238 377 9172 6722 374 376)
6(240 379 9207 6757 376 378)
6(242 381 9242 6792 378 380)
6(244 383 9277 6827 380 382)
6(246 385 9312 6862 382 384)
6(248 387 9347 6897 384 386)
6(250 389 9382 6932 386 388)
6(252 391 9417 6967 388 390)
6(254 393 9452 7002 390 392)
6(256 395 9487 7037 392 394)
6(258 397 9522 7072 394 396)
6(260 399 9557 7107 396 398)
6(262 401 9592 7142 398 400)
6(264 403 9627 7177 400 402)
6(266 405 9662 7212 402 404)
6(268 407 9697 7247 404 406)
6(270 409 9732 7282 406 408)
6(272 411 9767 7317 408 410)
6(274 413 9802 7352 410 412)
6(276 415 9837 7387 412 414)
6(277 416 9872 7422 414 4832)
6(279 418 7458 5008 4798 417)
6(281 420 7493 5043 417 419)
6(283 422 7528 5078 419 421)
6(285 424 7563 5113 421 423)
6(287 426 7598 5148 423 425)
6(289 428 7633 5183 425 427)
6(291 430 7668 5218 427 429)
6(293 432 7703 5253 429 431)
6(295 434 7738 5288 431 433)
6(297 436 7773 5323 433 435)
6(299 438 7808 5358 435 437)
6(301 440 7843 5393 437 439)
6(303 442 7878 5428 439 441)
6(305 444 7913 5463 441 443)
6(307 446 7948 5498 443 445)
6(309 448 7983 5533 445 447)
6(311 450 8018 5568 447 449)
6(313 452 8053 5603 449 451)
6(315 454 8088 5638 451 453)
6(317 456 8123 5673 453 455)
6(319 458 8158 5708 455 457)
6(321 460 8193 5743 457 459)
6(323 462 8228 5778 459 461)
6(325 464 8263 5813 461 463)
6(327 466 8298 5848 463 465)
6(329 468 8333 5883 465 467)
6(331 470 8368 5918 467 469)
6(333 472 8403 5953 469 471)
6(335 474 8438 5988 471 473)
6(337 476 8473 6023 473 475)
6(339 478 8508 6058 475 477)
6(341 480 8543 6093 477 479)
6(343 482 8578 6128 479 481)
6(345 484 8613 6163 481 483)
6(347 486 8648 6198 483 485)
6(349 488 8683 6233 485 487)
6(351 490 8718 6268 487 489)
6(353 492 8753 6303 489 491)
6(355 494 8788 6338 491 493)
6(357 496 8823 6373 493 495)
6(359 498 8858 6408 495 497)
6(361 500 8893 6443 497 499)
6(363 502 8928 6478 499 501)
6(365 504 8963 6513 501 503)
6(367 506 8998 6548 503 505)
6(369 508 9033 6583 505 507)
6(371 510 9068 6618 507 509)
6(373 512 9103 6653 509 511)
6(375 514 9138 6688 511 513)
6(377 516 9173 6723 513 515)
6(379 518 9208 6758 515 517)
6(381 520 9243 6793 517 519)
6(383 522 9278 6828 519 521)
6(385 524 9313 6863 521 523)
6(387 526 9348 6898 523 525)
6(389 528 9383 6933 525 527)
6(391 530 9418 6968 527 529)
6(393 532 9453 7003 529 531)
6(395 534 9488 7038 531 533)
6(397 536 9523 7073 533 535)
6(399 538 9558 7108 535 537)
6(401 540 9593 7143 537 539)
6(403 542 9628 7178 539 541)
6(405 544 9663 7213 541 543)
6(407 546 9698 7248 543 545)
6(409 548 9733 7283 545 547)
6(411 550 9768 7318 547 549)
6(413 552 9803 7353 549 551)
6(415 554 9838 7388 551 553)
6(416 555 9873 7423 553 4833)
6(418 557 7459 5009 4799 556)
6(420 559 7494 5044 556 558)
6(422 561 7529 5079 558 560)
6(424 563 7564 5114 560 562)
6(426 565 7599 5149 562 564)
6(428 567 7634 5184 564 566)
6(430 569 7669 5219 566 568)
6(432 571 7704 5254 568 570)
6(434 573 7739 5289 570 572)
6(436 575 7774 5324 572 574)
6(438 577 7809 5359 574 576)
6(440 579 7844 5394 576 578)
6(442 581 7879 5429 578 580)
6(444 583 7914 5464 580 582)
6(446 585 7949 5499 582 584)
6(448 587 7984 5534 584 586)
6(450 589 8019 5569 586 588)
6(452 591 8054 5604 588 590)
6(454 593 8089 5639 590 592)
6(456 595 8124 5674 592 594)
6(458 597 8159 5709 594 596)
6(460 599 8194 5744 596 598)
6(462 601 8229 5779 598 600)
6(464 603 8264 5814 600 602)
6(466 605 8299 5849 602 604)
6(468 607 8334 5884 604 606)
6(470 609 8369 5919 606 608)
6(472 611 8404 5954 608 610)
6(474 613 8439 5989 610 612)
6(476 615 8474 6024 612 614)
6(478 617 8509 6059 614 616)
6(480 619 8544 6094 616 618)
6(482 621 8579 6129 618 620)
6(484 623 8614 6164 620 622)
6(486 625 8649 6199 622 624)
6(488 627 8684 6234 624 626)
6(490 629 8719 6269 626 628)
6(492 631 8754 6304 628 630)
6(494 633 8789 6339 630 632)
6(496 635 8824 6374 632 634)
6(498 637 8859 6409 634 636)
6(500 639 8894 6444 636 638)
6(502 641 8929 6479 638 640)
6(504 643 8964 6514 640 642)
6(506 645 8999 6549 642 644)
6(508 647 9034 6584 644 646)
6(510 649 9069 6619 646 648)
6(512 651 9104 6654 648 650)
6(514 653 9139 6689 650 652)
6(516 655 9174 6724 652 654)
6(518 657 9209 6759 654 656)
6(520 659 9244 6794 656 658)
6(522 661 9279 6829 658 660)
6(524 663 9314 6864 660 662)
6(526 665 9349 6899 662 664)
6(528 667 9384 6934 664 666)
6(530 669 9419 6969 666 668)
6(532 671 9454 7004 668 670)
6(534 673 9489 7039 670 672)
6(536 675 9524 7074 672 674)
6(538 677 9559 7109 674 676)
6(540 679 9594 7144 676 678)
6(542 681 9629 7179 678 680)
6(544 683 9664 7214 680 682)
6(546 685 9699 7249 682 684)
6(548 687 9734 7284 684 686)
6(550 689 9769 7319 686 688)
6(552 691 9804 7354 688 690)
6(554 693 9839 7389 690 692)
6(555 694 9874 7424 692 4834)
6(557 696 7460 5010 4800 695)
6(559 698 7495 5045 695 697)
6(561 700 7530 5080 697 699)
6(563 702 7565 5115 699 701)
6(565 704 7600 5150 701 703)
6(567 706 7635 5185 703 705)
6(569 708 7670 5220 705 707)
6(571 710 7705 5255 707 709)
6(573 712 7740 5290 709 711)
6(575 714 7775 5325 711 713)
6(577 716 7810 5360 713 715)
6(579 718 7845 5395 715 717)
6(581 720 7880 5430 717 719)
6(583 722 7915 5465 719 721)
6(585 724 7950 5500 721 723)
6(587 726 7985 5535 723 725)
6(589 728 8020 5570 725 727)
6(591 730 8055 5605 727 729)
6(593 732 8090 5640 729 731)
6(595 734 8125 5675 731 733)
6(597 736 8160 5710 733 735)
6(599 738 8195 5745 735 737)
6(601 740 8230 5780 737 739)
6(603 742 8265 5815 739 741)
6(605 744 8300 5850 741 743)
6(607 746 8335 5885 743 745)
6(609 748 8370 5920 745 747)
6(611 750 8405 5955 747 749)
6(613 752 8440 5990 749 751)
6(615 754 8475 6025 751 753)
6(617 756 8510 6060 753 755)
6(619 758 8545 6095 755 757)
6(621 760 8580 6130 757 759)
6(623 762 8615 6165 759 761)
6(625 764 8650 6200 761 763)
6(627 766 8685 6235 763 765)
6(629 768 8720 6270 765 767)
6(631 770 8755 6305 767 769)
6(633 772 8790 6340 769 771)
6(635 774 8825 6375 771 773)
6(637 776 8860 6410 773 775)
6(639 778 8895 6445 775 777)
6(641 780 8930 6480 777 779)
6(643 782 8965 6515 779 781)
6(645 784 9000 6550 781 783)
6(647 786 9035 6585 783 785)
6(649 788 9070 6620 785 787)
6(651 790 9105 6655 787 789)
6(653 792 9140 6690 789 791)
6(655 794 9175 6725 791 793)
6(657 796 9210 6760 793 795)
6(659 798 9245 6795 795 797)
6(661 800 9280 6830 797 799)
6(663 802 9315 6865 799 801)
6(665 804 9350 6900 801 803)
6(667 806 9385 6935 803 805)
6(669 808 9420 6970 805 807)
6(671 810 9455 7005 807 809)
6(673 812 9490 7040 809 811)
6(675 814 9525 7075 811 813)
6(677 816 9560 7110 813 815)
6(679 818 9595 7145 815 817)
6(681 820 9630 7180 817 819)
6(683 822 9665 7215 819 821)
6(685 824 9700 7250 821 823)
6(687 826 9735 7285 823 825)
6(689 828 9770 7320 825 827)
6(691 830 9805 7355 827 829)
6(693 832 9840 7390 829 831)
6(694 833 9875 7425 831 4835)
6(696 835 7461 5011 4801 834)
6(698 837 7496 5046 834 836)
6(700 839 7531 5081 836 838)
6(702 841 7566 5116 838 840)
6(704 843 7601 5151 840 842)
6(706 845 7636 5186 842 844)
6(708 847 7671 5221 844 846)
6(710 849 7706 5256 846 848)
6(712 851 7741 5291 848 850)
6(714 853 7776 5326 850 852)
6(716 855 7811 5361 852 854)
6(718 857 7846 5396 854 856)
6(720 859 7881 5431 856 858)
6(722 861 7916 5466 858 860)
6(724 863 7951 5501 860 862)
6(726 865 7986 5536 862 864)
6(728 867 8021 5571 864 866)
6(730 869 8056 5606 866 868)
6(732 871 8091 5641 868 870)
6(734 873 8126 5676 870 872)
6(736 875 8161 5711 872 874)
6(738 877 8196 5746 874 876)
6(740 879 8231 5781 876 878)
6(742 881 8266 5816 878 880)
6(744 883 8301 5851 880 882)
6(746 885 8336 5886 882 884)
6(748 887 8371 5921 884 886)
6(750 889 8406 5956 886 888)
6(752 891 8441 5991 888 890)
6(754 893 8476 6026 890 892)
6(756 895 8511 6061 892 894)
6(758 897 8546 6096 894 896)
6(760 899 8581 6131 896 898)
6(762 901 8616 6166 898 900)
6(764 903 8651 6201 900 902)
6(766 905 8686 6236 902 904)
6(768 907 8721 6271 904 906)
6(770 909 8756 6306 906 908)
6(772 911 8791 6341 908 910)
6(774 913 8826 6376 910 912)
6(776 915 8861 6411 912 914)
6(778 917 8896 6446 914 916)
6(780 919 8931 6481 916 918)
6(782 921 8966 6516 918 920)
6(784 923 9001 6551 920 922)
6(786 925 9036 6586 922 924)
6(788 927 9071 6621 924 926)
6(790 929 9106 6656 926 928)
6(792 931 9141 6691 928 930)
6(794 933 9176 6726 930 932)
6(796 935 9211 6761 932 934)
6(798 937 9246 6796 934 936)
6(800 939 9281 6831 936 938)
6(802 941 9316 6866 938 940)
6(804 943 9351 6901 940 942)
6(806 945 9386 6936 942 944)
6(808 947 9421 6971 944 946)
6(810 949 9456 7006 946 948)
6(812 951 9491 7041 948 950)
6(814 953 9526 7076 950 952)
6(816 955 9561 7111 952 954)
6(818 957 9596 7146 954 956)
6(820 959 9631 7181 956 958)
6(822 961 9666 7216 958 960)
6(824 963 9701 7251 960 962)
6(826 965 9736 7286 962 964)
6(828 967 9771 7321 964 966)
6(830 969 9806 7356 966 968)
6(832 971 9841 7391 968 970)
6(833 972 9876 7426 970 4836)
6(835 974 7462 5012 4802 973)
6(837 976 7497 5047 973 975)
6(839 978 7532 5082 975 977)
6(841 980 7567 5117 977 979)
6(843 982 7602 5152 979 981)
6(845 984 7637 5187 981 983)
6(847 986 7672 5222 983 985)
6(849 988 7707 5257 985 987)
6(851 990 7742 5292 987 989)
6(853 992 7777 5327 989 991)
6(855 994 7812 5362 991 993)
6(857 996 7847 5397 993 995)
6(859 998 7882 5432 995 997)
6(861 1000 7917 5467 997 999)
6(863 1002 7952 5502 999 1001)
6(865 1004 7987 5537 1001 1003)
6(867 1006 8022 5572 1003 1005)
6(869 1008 8057 5607 1005 1007)
6(871 1010 8092 5642 1007 1009)
6(873 1012 8127 5677 1009 1011)
6(875 1014 8162 5712 1011 1013)
6(877 1016 8197 5747 1013 1015)
6(879 1018 8232 5782 1015 1017)
6(881 1020 8267 5817 1017 1019)
6(883 1022 8302 5852 1019 1021)
6(885 1024 8337 5887 1021 1023)
6(887 1026 8372 5922 1023 1025)
6(889 1028 8407 5957 1025 1027)
6(891 1030 8442 5992 1027 1029)
6(893 1032 8477 6027 1029 1031)
6(895 1034 8512 6062 1031 1033)
6(897 1036 8547 6097 1033 1035)
6(899 1038 8582 6132 1035 1037)
6(901 1040 8617 6167 1037 1039)
6(903 1042 8652 6202 1039 1041)
6(905 1044 8687 6237 1041 1043)
6(907 1046 8722 6272 1043 1045)
6(909 1048 8757 6307 1045 1047)
6(911 1050 8792 6342 1047 1049)
6(913 1052 8827 6377 1049 1051)
6(915 1054 8862 6412 1051 1053)
6(917 1056 8897 6447 1053 1055)
6(919 1058 8932 6482 1055 1057)
6(921 1060 8967 6517 1057 1059)
6(923 1062 9002 6552 1059 1061)
6(925 1064 9037 6587 1061 1063)
6(927 1066 9072 6622 1063 1065)
6(929 1068 9107 6657 1065 1067)
6(931 1070 9142 6692 1067 1069)
6(933 1072 9177 6727 1069 1071)
6(935 1074 9212 6762 1071 1073)
6(937 1076 9247 6797 1073 1075)
6(939 1078 9282 6832 1075 1077)
6(941 1080 9317 6867 1077 1079)
6(943 1082 9352 6902 1079 1081)
6(945 1084 9387 6937 1081 1083)
6(947 1086 9422 6972 1083 1085)
6(949 1088 9457 7007 1085 1087)
6(951 1090 9492 7042 1087 1089)
6(953 1092 9527 7077 1089 1091)
6(955 1094 9562 7112 1091 1093)
6(957 1096 9597 7147 1093 1095)
6(959 1098 9632 7182 1095 1097)
6(961 1100 9667 7217 1097 1099)
6(963 1102 9702 7252 1099 1101)
6(965 1104 9737 7287 1101 1103)
6(967 1106 9772 7322 1103 1105)
6(969 1108 9807 7357 1105 1107)
6(971 1110 9842 7392 1107 1109)
6(972 1111 9877 7427 1109 4837)
6(974 1113 7463 5013 4803 1112)
6(976 1115 7498 5048 1112 1114)
6(978 1117 7533 5083 1114 1116)
6(980 1119 7568 5118 1116 1118)
6(982 1121 7603 5153 1118 1120)
6(984 1123 7638 5188 1120 1122)
6(986 1125 7673 5223 1122 1124)
6(988 1127 7708 5258 1124 1126)
6(990 1129 7743 5293 1126 1128)
6(992 1131 7778 5328 1128 1130)
6(994 1133 7813 5363 1130 1132)
6(996 1135 7848 5398 1132 1134)
6(998 1137 7883 5433 1134 1136)
6(1000 1139 7918 5468 1136 1138)
6(1002 1141 7953 5503 1138 1140)
6(1004 1143 7988 5538 1140 1142)
6(1006 1145 8023 5573 1142 1144)
6(1008 1147 8058 5608 1144 1146)
6(1010 1149 8093 5643 1146 1148)
6(1012 1151 8128 5678 1148 1150)
6(1014 1153 8163 5713 1150 1152)
6(1016 1155 8198 5748 1152 1154)
6(1018 1157 8233 5783 1154 1156)
6(1020 1159 8268 5818 1156 1158)
6(1022 1161 8303 5853 1158 1160)
6(1024 1163 8338 5888 1160 1162)
6(1026 1165 8373 5923 1162 1164)
6(1028 1167 8408 5958 1164 1166)
6(1030 1169 8443 5993 1166 1168)
6(1032 1171 8478 6028 1168 1170)
6(1034 1173 8513 6063 1170 1172)
6(1036 1175 8548 6098 1172 1174)
6(1038 1177 8583 6133 1174 1176)
6(1040 1179 8618 6168 1176 1178)
6(1042 1181 8653 6203 1178 1180)
6(1044 1183 8688 6238 1180 1182)
6(1046 1185 8723 6273 1182 1184)
6(1048 1187 8758 6308 1184 1186)
6(1050 1189 8793 6343 1186 1188)
6(1052 1191 8828 6378 1188 1190)
6(1054 1193 8863 6413 1190 1192)
6(1056 1195 8898 6448 1192 1194)
6(1058 1197 8933 6483 1194 1196)
6(1060 1199 8968 6518 1196 1198)
6(1062 1201 9003 6553 1198 1200)
6(1064 1203 9038 6588 1200 1202)
6(1066 1205 9073 6623 1202 1204)
6(1068 1207 9108 6658 1204 1206)
6(1070 1209 9143 6693 1206 1208)
6(1072 1211 9178 6728 1208 1210)
6(1074 1213 9213 6763 1210 1212)
6(1076 1215 9248 6798 1212 1214)
6(1078 1217 9283 6833 1214 1216)
6(1080 1219 9318 6868 1216 1218)
6(1082 1221 9353 6903 1218 1220)
6(1084 1223 9388 6938 1220 1222)
6(1086 1225 9423 6973 1222 1224)
6(1088 1227 9458 7008 1224 1226)
6(1090 1229 9493 7043 1226 1228)
6(1092 1231 9528 7078 1228 1230)
6(1094 1233 9563 7113 1230 1232)
6(1096 1235 9598 7148 1232 1234)
6(1098 1237 9633 7183 1234 1236)
6(1100 1239 9668 7218 1236 1238)
6(1102 1241 9703 7253 1238 1240)
6(1104 1243 9738 7288 1240 1242)
6(1106 1245 9773 7323 1242 1244)
6(1108 1247 9808 7358 1244 1246)
6(1110 1249 9843 7393 1246 1248)
6(1111 1250 9878 7428 1248 4838)
6(1113 1252 7464 5014 4804 1251)
6(1115 1254 7499 5049 1251 1253)
6(1117 1256 7534 5084 1253 1255)
6(1119 1258 7569 5119 1255 1257)
6(1121 1260 7604 5154 1257 1259)
6(1123 1262 7639 5189 1259 1261)
6(1125 1264 7674 5224 1261 1263)
6(1127 1266 7709 5259 1263 1265)
6(1129 1268 7744 5294 1265 1267)
6(1131 1270 7779 5329 1267 1269)
6(1133 1272 7814 5364 1269 1271)
6(1135 1274 7849 5399 1271 1273)
6(1137 1276 7884 5434 1273 1275)
6(1139 1278 7919 5469 1275 1277)
6(1141 1280 7954 5504 1277 1279)
6(1143 1282 7989 5539 1279 1281)
6(1145 1284 8024 5574 1281 1283)
6(1147 1286 8059 5609 1283 1285)
6(1149 1288 8094 5644 1285 1287)
6(1151 1290 8129 5679 1287 1289)
6(1153 1292 8164 5714 1289 1291)
6(1155 1294 8199 5749 1291 1293)
6(1157 1296 8234 5784 1293 1295)
6(1159 1298 8269 5819 1295 1297)
6(1161 1300 8304 5854 1297 1299)
6(1163 1302 8339 5889 1299 1301)
6(1165 1304 8374 5924 1301 1303)
6(1167 1306 8409 5959 1303 1305)
6(1169 1308 8444 5994 1305 1307)
6(1171 1310 8479 6029 1307 1309)
6(1173 1312 8514 6064 1309 1311)
6(1175 1314 8549 6099 1311 1313)
6(1177 1316 8584 6134 1313 1315)
6(1179 1318 8619 6169 1315 1317)
6(1181 1320 8654 6204 1317 1319)
6(1183 1322 8689 6239 1319 1321)
6(1185 1324 8724 6274 1321 1323)
6(1187 1326 8759 6309 1323 1325)
6(1189 1328 8794 6344 1325 1327)
6(1191 1330 8829 6379 1327 1329)
6(1193 1332 8864 6414 1329 1331)
6(1195 1334 8899 6449 1331 1333)
6(1197 1336 8934 6484 1333 1335)
6(1199 1338 8969 6519 1335 1337)
6(1201 1340 9004 6554 1337 1339)
6(1203 1342 9039 6589 1339 1341)
6(1205 1344 9074 6624 1341 1343)
6(1207 1346 9109 6659 1343 1345)
6(1209 1348 9144 6694 1345 1347)
6(1211 1350 9179 6729 1347 1349)
6(1213 1352 9214 6764 1349 1351)
6(1215 1354 9249 6799 1351 1353)
6(1217 1356 9284 6834 1353 1355)
6(1219 1358 9319 6869 1355 1357)
6(1221 1360 9354 6904 1357 1359)
6(1223 1362 9389 6939 1359 1361)
6(1225 1364 9424 6974 1361 1363)
6(1227 1366 9459 7009 1363 1365)
6(1229 1368 9494 7044 1365 1367)
6(1231 1370 9529 7079 1367 1369)
6(1233 1372 9564 7114 1369 1371)
6(1235 1374 9599 7149 1371 1373)
6(1237 1376 9634 7184 1373 1375)
6(1239 1378 9669 7219 1375 1377)
6(1241 1380 9704 7254 1377 1379)
6(1243 1382 9739 7289 1379 1381)
6(1245 1384 9774 7324 1381 1383)
6(1247 1386 9809 7359 1383 1385)
6(1249 1388 9844 7394 1385 1387)
6(1250 1389 9879 7429 1387 4839)
6(1252 1391 7465 5015 4805 1390)
6(1254 1393 7500 5050 1390 1392)
6(1256 1395 7535 5085 1392 1394)
6(1258 1397 7570 5120 1394 1396)
6(1260 1399 7605 5155 1396 1398)
6(1262 1401 7640 5190 1398 1400)
6(1264 1403 7675 5225 1400 1402)
6(1266 1405 7710 5260 1402 1404)
6(1268 1407 7745 5295 1404 1406)
6(1270 1409 7780 5330 1406 1408)
6(1272 1411 7815 5365 1408 1410)
6(1274 1413 7850 5400 1410 1412)
6(1276 1415 7885 5435 1412 1414)
6(1278 1417 7920 5470 1414 1416)
6(1280 1419 7955 5505 1416 1418)
6(1282 1421 7990 5540 1418 1420)
6(1284 1423 8025 5575 1420 1422)
6(1286 1425 8060 5610 1422 1424)
6(1288 1427 8095 5645 1424 1426)
6(1290 1429 8130 5680 1426 1428)
6(1292 1431 8165 5715 1428 1430)
6(1294 1433 8200 5750 1430 1432)
6(1296 1435 8235 5785 1432 1434)
6(1298 1437 8270 5820 1434 1436)
6(1300 1439 8305 5855 1436 1438)
6(1302 1441 8340 5890 1438 1440)
6(1304 1443 8375 5925 1440 1442)
6(1306 1445 8410 5960 1442 1444)
6(1308 1447 8445 5995 1444 1446)
6(1310 1449 8480 6030 1446 1448)
6(1312 1451 8515 6065 1448 1450)
6(1314 1453 8550 6100 1450 1452)
6(1316 1455 8585 6135 1452 1454)
6(1318 1457 8620 6170 1454 1456)
6(1320 1459 8655 6205 1456 1458)
6(1322 1461 8690 6240 1458 1460)
6(1324 1463 8725 6275 1460 1462)
6(1326 1465 8760 6310 1462 1464)
6(1328 1467 8795 6345 1464 1466)
6(1330 1469 8830 6380 1466 1468)
6(1332 1471 8865 6415 1468 1470)
6(1334 1473 8900 6450 1470 1472)
6(1336 1475 8935 6485 1472 1474)
6(1338 1477 8970 6520 1474 1476)
6(1340 1479 9005 6555 1476 1478)
6(1342 1481 9040 6590 1478 1480)
6(1344 1483 9075 6625 1480 1482)
6(1346 1485 9110 6660 1482 1484)
6(1348 1487 9145 6695 1484 1486)
6(1350 1489 9180 6730 1486 1488)
6(1352 1491 9215 6765 1488 1490)
6(1354 1493 9250 6800 1490 1492)
6(1356 1495 9285 6835 1492 1494)
6(1358 1497 9320 6870 1494 1496)
6(1360 1499 9355 6905 1496 1498)
6(1362 1501 9390 6940 1498 1500)
6(1364 1503 9425 6975 1500 1502)
6(1366 1505 9460 7010 1502 1504)
6(1368 1507 9495 7045 1504 1506)
6(1370 1509 9530 7080 1506 1508)
6(1372 1511 9565 7115 1508 1510)
6(1374 1513 9600 7150 1510 1512)
6(1376 1515 9635 7185 1512 1514)
6(1378 1517 9670 7220 1514 1516)
6(1380 1519 9705 7255 1516 1518)
6(1382 1521 9740 7290 1518 1520)
6(1384 1523 9775 7325 1520 1522)
6(1386 1525 9810 7360 1522 1524)
6(1388 1527 9845 7395 1524 1526)
6(1389 1528 9880 7430 1526 4840)
6(1391 1530 7466 5016 4806 1529)
6(1393 1532 7501 5051 1529 1531)
6(1395 1534 7536 5086 1531 1533)
6(1397 1536 7571 5121 1533 1535)
6(1399 1538 7606 5156 1535 1537)
6(1401 1540 7641 5191 1537 1539)
6(1403 1542 7676 5226 1539 1541)
6(1405 1544 7711 5261 1541 1543)
6(1407 1546 7746 5296 1543 1545)
6(1409 1548 7781 5331 1545 1547)
6(1411 1550 7816 5366 1547 1549)
6(1413 1552 7851 5401 1549 1551)
6(1415 1554 7886 5436 1551 1553)
6(1417 1556 7921 5471 1553 1555)
6(1419 1558 7956 5506 1555 1557)
6(1421 1560 7991 5541 1557 1559)
6(1423 1562 8026 5576 1559 1561)
6(1425 1564 8061 5611 1561 1563)
6(1427 1566 8096 5646 1563 1565)
6(1429 1568 8131 5681 1565 1567)
6(1431 1570 8166 5716 1567 1569)
6(1433 1572 8201 5751 1569 1571)
6(1435 1574 8236 5786 1571 1573)
6(1437 1576 8271 5821 1573 1575)
6(1439 1578 8306 5856 1575 1577)
6(1441 1580 8341 5891 1577 1579)
6(1443 1582 8376 5926 1579 1581)
6(1445 1584 8411 5961 1581 1583)
6(1447 1586 8446 5996 1583 1585)
6(1449 1588 8481 6031 1585 1587)
6(1451 1590 8516 6066 1587 1589)
6(1453 1592 8551 6101 1589 1591)
6(1455 1594 8586 6136 1591 1593)
6(1457 1596 8621 6171 1593 1595)
6(1459 1598 8656 6206 1595 1597)
6(1461 1600 8691 6241 1597 1599)
6(1463 1602 8726 6276 1599 1601)
6(1465 1604 8761 6311 1601 1603)
6(1467 1606 8796 6346 1603 1605)
6(1469 1608 8831 6381 1605 1607)
6(1471 1610 8866 6416 1607 1609)
6(1473 1612 8901 6451 1609 1611)
6(1475 1614 8936 6486 1611 1613)
6(1477 1616 8971 6521 1613 1615)
6(1479 1618 9006 6556 1615 1617)
6(1481 1620 9041 6591 1617 1619)
6(1483 1622 9076 6626 1619 1621)
6(1485 1624 9111 6661 1621 1623)
6(1487 1626 9146 6696 1623 1625)
6(1489 1628 9181 6731 1625 1627)
6(1491 1630 9216 6766 1627 1629)
6(1493 1632 9251 6801 1629 1631)
6(1495 1634 9286 6836 1631 1633)
6(1497 1636 9321 6871 1633 1635)
6(1499 1638 9356 6906 1635 1637)
6(1501 1640 9391 6941 1637 1639)
6(1503 1642 9426 6976 1639 1641)
6(1505 1644 9461 7011 1641 1643)
6(1507 1646 9496 7046 1643 1645)
6(1509 1648 9531 7081 1645 1647)
6(1511 1650 9566 7116 1647 1649)
6(1513 1652 9601 7151 1649 1651)
6(1515 1654 9636 7186 1651 1653)
6(1517 1656 9671 7221 1653 1655)
6(1519 1658 9706 7256 1655 1657)
6(1521 1660 9741 7291 1657 1659)
6(1523 1662 9776 7326 1659 1661)
6(1525 1664 9811 7361 1661 1663)
6(1527 1666 9846 7396 1663 1665)
6(1528 1667 9881 7431 1665 4841)
6(1530 1669 7467 5017 4807 1668)
6(1532 1671 7502 5052 1668 1670)
6(1534 1673 7537 5087 1670 1672)
6(1536 1675 7572 5122 1672 1674)
6(1538 1677 7607 5157 1674 1676)
6(1540 1679 7642 5192 1676 1678)
6(1542 1681 7677 5227 1678 1680)
6(1544 1683 7712 5262 1680 1682)
6(1546 1685 7747 5297 1682 1684)
6(1548 1687 7782 5332 1684 1686)
6(1550 1689 7817 5367 1686 1688)
6(1552 1691 7852 5402 1688 1690)
6(1554 1693 7887 5437 1690 1692)
6(1556 1695 7922 5472 1692 1694)
6(1558 1697 7957 5507 1694 1696)
6(1560 1699 7992 5542 1696 1698)
6(1562 1701 8027 5577 1698 1700)
6(1564 1703 8062 5612 1700 1702)
6(1566 1705 8097 5647 1702 1704)
6(1568 1707 8132 5682 1704 1706)
6(1570 1709 8167 5717 1706 1708)
6(1572 1711 8202 5752 1708 1710)
6(1574 1713 8237 5787 1710 1712)
6(1576 1715 8272 5822 1712 1714)
6(1578 1717 8307 5857 1714 1716)
6(1580 1719 8342 5892 1716 1718)
6(1582 1721 8377 5927 1718 1720)
6(1584 1723 8412 5962 1720 1722)
6(1586 1725 8447 5997 1722 1724)
6(1588 1727 8482 6032 1724 1726)
6(1590 1729 8517 6067 1726 1728)
6(1592 1731 8552 6102 1728 1730)
6(1594 1733 8587 6137 1730 1732)
6(1596 1735 8622 6172 1732 1734)
6(1598 1737 8657 6207 1734 1736)
6(1600 1739 8692 6242 1736 1738)
6(1602 1741 8727 6277 1738 1740)
6(1604 1743 8762 6312 1740 1742)
6(1606 1745 8797 6347 1742 1744)
6(1608 1747 8832 6382 1744 1746)
6(1610 1749 8867 6417 1746 1748)
6(1612 1751 8902 6452 1748 1750)
6(1614 1753 8937 6487 1750 1752)
6(1616 1755 8972 6522 1752 1754)
6(1618 1757 9007 6557 1754 1756)
6(1620 1759 9042 6592 1756 1758)
6(1622 1761 9077 6627 1758 1760)
6(1624 1763 9112 6662 1760 1762)
6(1626 1765 9147 6697 1762 1764)
6(1628 1767 9182 6732 1764 1766)
6(1630 1769 9217 6767 1766 1768)
6(1632 1771 9252 6802 1768 1770)
6(1634 1773 9287 6837 1770 1772)
6(1636 1775 9322 6872 1772 1774)
6(1638 1777 9357 6907 1774 1776)
6(1640 1779 9392 6942 1776 1778)
6(1642 1781 9427 6977 1778 1780)
6(1644 1783 9462 7012 1780 1782)
6(1646 1785 9497 7047 1782 1784)
6(1648 1787 9532 7082 1784 1786)
6(1650 1789 9567 7117 1786 1788)
6(1652 1791 9602 7152 1788 1790)
6(1654 1793 9637 7187 1790 1792)
6(1656 1795 9672 7222 1792 1794)
6(1658 1797 9707 7257 1794 1796)
6(1660 1799 9742 7292 1796 1798)
6(1662 1801 9777 7327 1798 1800)
6(1664 1803 9812 7362 1800 1802)
6(1666 1805 9847 7397 1802 1804)
6(1667 1806 9882 7432 1804 4842)
6(1669 1808 7468 5018 4808 1807)
6(1671 1810 7503 5053 1807 1809)
6(1673 1812 7538 5088 1809 1811)
6(1675 1814 7573 5123 1811 1813)
6(1677 1816 7608 5158 1813 1815)
6(1679 1818 7643 5193 1815 1817)
6(1681 1820 7678 5228 1817 1819)
6(1683 1822 7713 5263 1819 1821)
6(1685 1824 7748 5298 1821 1823)
6(1687 1826 7783 5333 1823 1825)
6(1689 1828 7818 5368 1825 1827)
6(1691 1830 7853 5403 1827 1829)
6(1693 1832 7888 5438 1829 1831)
6(1695 1834 7923 5473 1831 1833)
6(1697 1836 7958 5508 1833 1835)
6(1699 1838 7993 5543 1835 1837)
6(1701 1840 8028 5578 1837 1839)
6(1703 1842 8063 5613 1839 1841)
6(1705 1844 8098 5648 1841 1843)
6(1707 1846 8133 5683 1843 1845)
6(1709 1848 8168 5718 1845 1847)
6(1711 1850 8203 5753 1847 1849)
6(1713 1852 8238 5788 1849 1851)
6(1715 1854 8273 5823 1851 1853)
6(1717 1856 8308 5858 1853 1855)
6(1719 1858 8343 5893 1855 1857)
6(1721 1860 8378 5928 1857 1859)
6(1723 1862 8413 5963 1859 1861)
6(1725 1864 8448 5998 1861 1863)
6(1727 1866 8483 6033 1863 1865)
6(1729 1868 8518 6068 1865 1867)
6(1731 1870 8553 6103 1867 1869)
6(1733 1872 8588 6138 1869 1871)
6(1735 1874 8623 6173 1871 1873)
6(1737 1876 8658 6208 1873 1875)
6(1739 1878 8693 6243 1875 1877)
6(1741 1880 8728 6278 1877 1879)
6(1743 1882 8763 6313 1879 1881)
6(1745 1884 8798 6348 1881 1883)
6(1747 1886 8833 6383 1883 1885)
6(1749 1888 8868 6418 1885 1887)
6(1751 1890 8903 6453 1887 1889)
6(1753 1892 8938 6488 1889 1891)
6(1755 1894 8973 6523 1891 1893)
6(1757 1896 9008 6558 1893 1895)
6(1759 1898 9043 6593 1895 1897)
6(1761 1900 9078 6628 1897 1899)
6(1763 1902 9113 6663 1899 1901)
6(1765 1904 9148 6698 1901 1903)
6(1767 1906 9183 6733 1903 1905)
6(1769 1908 9218 6768 1905 1907)
6(1771 1910 9253 6803 1907 1909)
6(1773 1912 9288 6838 1909 1911)
6(1775 1914 9323 6873 1911 1913)
6(1777 1916 9358 6908 1913 1915)
6(1779 1918 9393 6943 1915 1917)
6(1781 1920 9428 6978 1917 1919)
6(1783 1922 9463 7013 1919 1921)
6(1785 1924 9498 7048 1921 1923)
6(1787 1926 9533 7083 1923 1925)
6(1789 1928 9568 7118 1925 1927)
6(1791 1930 9603 7153 1927 1929)
6(1793 1932 9638 7188 1929 1931)
6(1795 1934 9673 7223 1931 1933)
6(1797 1936 9708 7258 1933 1935)
6(1799 1938 9743 7293 1935 1937)
6(1801 1940 9778 7328 1937 1939)
6(1803 1942 9813 7363 1939 1941)
6(1805 1944 9848 7398 1941 1943)
6(1806 1945 9883 7433 1943 4843)
6(1808 1947 7469 5019 4809 1946)
6(1810 1949 7504 5054 1946 1948)
6(1812 1951 7539 5089 1948 1950)
6(1814 1953 7574 5124 1950 1952)
6(1816 1955 7609 5159 1952 1954)
6(1818 1957 7644 5194 1954 1956)
6(1820 1959 7679 5229 1956 1958)
6(1822 1961 7714 5264 1958 1960)
6(1824 1963 7749 5299 1960 1962)
6(1826 1965 7784 5334 1962 1964)
6(1828 1967 7819 5369 1964 1966)
6(1830 1969 7854 5404 1966 1968)
6(1832 1971 7889 5439 1968 1970)
6(1834 1973 7924 5474 1970 1972)
6(1836 1975 7959 5509 1972 1974)
6(1838 1977 7994 5544 1974 1976)
6(1840 1979 8029 5579 1976 1978)
6(1842 1981 8064 5614 1978 1980)
6(1844 1983 8099 5649 1980 1982)
6(1846 1985 8134 5684 1982 1984)
6(1848 1987 8169 5719 1984 1986)
6(1850 1989 8204 5754 1986 1988)
6(1852 1991 8239 5789 1988 1990)
6(1854 1993 8274 5824 1990 1992)
6(1856 1995 8309 5859 1992 1994)
6(1858 1997 8344 5894 1994 1996)
6(1860 1999 8379 5929 1996 1998)
6(1862 2001 8414 5964 1998 2000)
6(1864 2003 8449 5999 2000 2002)
6(1866 2005 8484 6034 2002 2004)
6(1868 2007 8519 6069 2004 2006)
6(1870 2009 8554 6104 2006 2008)
6(1872 2011 8589 6139 2008 2010)
6(1874 2013 8624 6174 2010 2012)
6(1876 2015 8659 6209 2012 2014)
6(1878 2017 8694 6244 2014 2016)
6(1880 2019 8729 6279 2016 2018)
6(1882 2021 8764 6314 2018 2020)
6(1884 2023 8799 6349 2020 2022)
6(1886 2025 8834 6384 2022 2024)
6(1888 2027 8869 6419 2024 2026)
6(1890 2029 8904 6454 2026 2028)
6(1892 2031 8939 6489 2028 2030)
6(1894 2033 8974 6524 2030 2032)
6(1896 2035 9009 6559 2032 2034)
6(1898 2037 9044 6594 2034 2036)
6(1900 2039 9079 6629 2036 2038)
6(1902 2041 9114 6664 2038 2040)
6(1904 2043 9149 6699 2040 2042)
6(1906 2045 9184 6734 2042 2044)
6(1908 2047 9219 6769 2044 2046)
6(1910 2049 9254 6804 2046 2048)
6(1912 2051 9289 6839 2048 2050)
6(1914 2053 9324 6874 2050 2052)
6(1916 2055 9359 6909 2052 2054)
6(1918 2057 9394 6944 2054 2056)
6(1920 2059 9429 6979 2056 2058)
6(1922 2061 9464 7014 2058 2060)
6(1924 2063 9499 7049 2060 2062)
6(1926 2065 9534 7084 2062 2064)
6(1928 2067 9569 7119 2064 2066)
6(1930 2069 9604 7154 2066 2068)
6(1932 2071 9639 7189 2068 2070)
6(1934 2073 9674 7224 2070 2072)
6(1936 2075 9709 7259 2072 2074)
6(1938 2077 9744 7294 2074 2076)
6(1940 2079 9779 7329 2076 2078)
6(1942 2081 9814 7364 2078 2080)
6(1944 2083 9849 7399 2080 2082)
6(1945 2084 9884 7434 2082 4844)
6(1947 2086 7470 5020 4810 2085)
6(1949 2088 7505 5055 2085 2087)
6(1951 2090 7540 5090 2087 2089)
6(1953 2092 7575 5125 2089 2091)
6(1955 2094 7610 5160 2091 2093)
6(1957 2096 7645 5195 2093 2095)
6(1959 2098 7680 5230 2095 2097)
6(1961 2100 7715 5265 2097 2099)
6(1963 2102 7750 5300 2099 2101)
6(1965 2104 7785 5335 2101 2103)
6(1967 2106 7820 5370 2103 2105)
6(1969 2108 7855 5405 2105 2107)
6(1971 2110 7890 5440 2107 2109)
6(1973 2112 7925 5475 2109 2111)
6(1975 2114 7960 5510 2111 2113)
6(1977 2116 7995 5545 2113 2115)
6(1979 2118 8030 5580 2115 2117)
6(1981 2120 8065 5615 2117 2119)
6(1983 2122 8100 5650 2119 2121)
6(1985 2124 8135 5685 2121 2123)
6(1987 2126 8170 5720 2123 2125)
6(1989 2128 8205 5755 2125 2127)
6(1991 2130 8240 5790 2127 2129)
6(1993 2132 8275 5825 2129 2131)
6(1995 2134 8310 5860 2131 2133)
6(1997 2136 8345 5895 2133 2135)
6(1999 2138 8380 5930 2135 2137)
6(2001 2140 8415 5965 2137 2139)
6(2003 2142 8450 6000 2139 2141)
6(2005 2144 8485 6035 2141 2143)
6(2007 2146 8520 6070 2143 2145)
6(2009 2148 8555 6105 2145 2147)
6(2011 2150 8590 6140 2147 2149)
6(2013 2152 8625 6175 2149 2151)
6(2015 2154 8660 6210 2151 2153)
6(2017 2156 8695 6245 2153 2155)
6(2019 2158 8730 6280 2155 2157)
6(2021 2160 8765 6315 2157 2159)
6(2023 2162 8800 6350 2159 2161)
6(2025 2164 8835 6385 2161 2163)
6(2027 2166 8870 6420 2163 2165)
6(2029 2168 8905 6455 2165 2167)
6(2031 2170 8940 6490 2167 2169)
6(2033 2172 8975 6525 2169 2171)
6(2035 2174 9010 6560 2171 2173)
6(2037 2176 9045 6595 2173 2175)
6(2039 2178 9080 6630 2175 2177)
6(2041 2180 9115 6665 2177 2179)
6(2043 2182 9150 6700 2179 2181)
6(2045 2184 9185 6735 2181 2183)
6(2047 2186 9220 6770 2183 2185)
6(2049 2188 9255 6805 2185 2187)
6(2051 2190 9290 6840 2187 2189)
6(2053 2192 9325 6875 2189 2191)
6(2055 2194 9360 6910 2191 2193)
6(2057 2196 9395 6945 2193 2195)
6(2059 2198 9430 6980 2195 2197)
6(2061 2200 9465 7015 2197 2199)
6(2063 2202 9500 7050 2199 2201)
6(2065 2204 9535 7085 2201 2203)
6(2067 2206 9570 7120 2203 2205)
6(2069 2208 9605 7155 2205 2207)
6(2071 2210 9640 7190 2207 2209)
6(2073 2212 9675 7225 2209 2211)
6(2075 2214 9710 7260 2211 2213)
6(2077 2216 9745 7295 2213 2215)
6(2079 2218 9780 7330 2215 2217)
6(2081 2220 9815 7365 2217 2219)
6(2083 2222 9850 7400 2219 2221)
6(2084 2223 9885 7435 2221 4845)
6(2086 2225 7471 5021 4811 2224)
6(2088 2227 7506 5056 2224 2226)
6(2090 2229 7541 5091 2226 2228)
6(2092 2231 7576 5126 2228 2230)
6(2094 2233 7611 5161 2230 2232)
6(2096 2235 7646 5196 2232 2234)
6(2098 2237 7681 5231 2234 2236)
6(2100 2239 7716 5266 2236 2238)
6(2102 2241 7751 5301 2238 2240)
6(2104 2243 7786 5336 2240 2242)
6(2106 2245 7821 5371 2242 2244)
6(2108 2247 7856 5406 2244 2246)
6(2110 2249 7891 5441 2246 2248)
6(2112 2251 7926 5476 2248 2250)
6(2114 2253 7961 5511 2250 2252)
6(2116 2255 7996 5546 2252 2254)
6(2118 2257 8031 5581 2254 2256)
6(2120 2259 8066 5616 2256 2258)
6(2122 2261 8101 5651 2258 2260)
6(2124 2263 8136 5686 2260 2262)
6(2126 2265 8171 5721 2262 2264)
6(2128 2267 8206 5756 2264 2266)
6(2130 2269 8241 5791 2266 2268)
6(2132 2271 8276 5826 2268 2270)
6(2134 2273 8311 5861 2270 2272)
6(2136 2275 8346 5896 2272 2274)
6(2138 2277 8381 5931 2274 2276)
6(2140 2279 8416 5966 2276 2278)
6(2142 2281 8451 6001 2278 2280)
6(2144 2283 8486 6036 2280 2282)
6(2146 2285 8521 6071 2282 2284)
6(2148 2287 8556 6106 2284 2286)
6(2150 2289 8591 6141 2286 2288)
6(2152 2291 8626 6176 2288 2290)
6(2154 2293 8661 6211 2290 2292)
6(2156 2295 8696 6246 2292 2294)
6(2158 2297 8731 6281 2294 2296)
6(2160 2299 8766 6316 2296 2298)
6(2162 2301 8801 6351 2298 2300)
6(2164 2303 8836 6386 2300 2302)
6(2166 2305 8871 6421 2302 2304)
6(2168 2307 8906 6456 2304 2306)
6(2170 2309 8941 6491 2306 2308)
6(2172 2311 8976 6526 2308 2310)
6(2174 2313 9011 6561 2310 2312)
6(2176 2315 9046 6596 2312 2314)
6(2178 2317 9081 6631 2314 2316)
6(2180 2319 9116 6666 2316 2318)
6(2182 2321 9151 6701 2318 2320)
6(2184 2323 9186 6736 2320 2322)
6(2186 2325 9221 6771 2322 2324)
6(2188 2327 9256 6806 2324 2326)
6(2190 2329 9291 6841 2326 2328)
6(2192 2331 9326 6876 2328 2330)
6(2194 2333 9361 6911 2330 2332)
6(2196 2335 9396 6946 2332 2334)
6(2198 2337 9431 6981 2334 2336)
6(2200 2339 9466 7016 2336 2338)
6(2202 2341 9501 7051 2338 2340)
6(2204 2343 9536 7086 2340 2342)
6(2206 2345 9571 7121 2342 2344)
6(2208 2347 9606 7156 2344 2346)
6(2210 2349 9641 7191 2346 2348)
6(2212 2351 9676 7226 2348 2350)
6(2214 2353 9711 7261 2350 2352)
6(2216 2355 9746 7296 2352 2354)
6(2218 2357 9781 7331 2354 2356)
6(2220 2359 9816 7366 2356 2358)
6(2222 2361 9851 7401 2358 2360)
6(2223 2362 9886 7436 2360 4846)
6(2225 2364 7472 5022 4812 2363)
6(2227 2366 7507 5057 2363 2365)
6(2229 2368 7542 5092 2365 2367)
6(2231 2370 7577 5127 2367 2369)
6(2233 2372 7612 5162 2369 2371)
6(2235 2374 7647 5197 2371 2373)
6(2237 2376 7682 5232 2373 2375)
6(2239 2378 7717 5267 2375 2377)
6(2241 2380 7752 5302 2377 2379)
6(2243 2382 7787 5337 2379 2381)
6(2245 2384 7822 5372 2381 2383)
6(2247 2386 7857 5407 2383 2385)
6(2249 2388 7892 5442 2385 2387)
6(2251 2390 7927 5477 2387 2389)
6(2253 2392 7962 5512 2389 2391)
6(2255 2394 7997 5547 2391 2393)
6(2257 2396 8032 5582 2393 2395)
6(2259 2398 8067 5617 2395 2397)
6(2261 2400 8102 5652 2397 2399)
6(2263 2402 8137 5687 2399 2401)
6(2265 2404 8172 5722 2401 2403)
6(2267 2406 8207 5757 2403 2405)
6(2269 2408 8242 5792 2405 2407)
6(2271 2410 8277 5827 2407 2409)
6(2273 2412 8312 5862 2409 2411)
6(2275 2414 8347 5897 2411 2413)
6(2277 2416 8382 5932 2413 2415)
6(2279 2418 8417 5967 2415 2417)
6(2281 2420 8452 6002 2417 2419)
6(2283 2422 8487 6037 2419 2421)
6(2285 2424 8522 6072 2421 2423)
6(2287 2426 8557 6107 2423 2425)
6(2289 2428 8592 6142 2425 2427)
6(2291 2430 8627 6177 2427 2429)
6(2293 2432 8662 6212 2429 2431)
6(2295 2434 8697 6247 2431 2433)
6(2297 2436 8732 6282 2433 2435)
6(2299 2438 8767 6317 2435 2437)
6(2301 2440 8802 6352 2437 2439)
6(2303 2442 8837 6387 2439 2441)
6(2305 2444 8872 6422 2441 2443)
6(2307 2446 8907 6457 2443 2445)
6(2309 2448 8942 6492 2445 2447)
6(2311 2450 8977 6527 2447 2449)
6(2313 2452 9012 6562 2449 2451)
6(2315 2454 9047 6597 2451 2453)
6(2317 2456 9082 6632 2453 2455)
6(2319 2458 9117 6667 2455 2457)
6(2321 2460 9152 6702 2457 2459)
6(2323 2462 9187 6737 2459 2461)
6(2325 2464 9222 6772 2461 2463)
6(2327 2466 9257 6807 2463 2465)
6(2329 2468 9292 6842 2465 2467)
6(2331 2470 9327 6877 2467 2469)
6(2333 2472 9362 6912 2469 2471)
6(2335 2474 9397 6947 2471 2473)
6(2337 2476 9432 6982 2473 2475)
6(2339 2478 9467 7017 2475 2477)
6(2341 2480 9502 7052 2477 2479)
6(2343 2482 9537 7087 2479 2481)
6(2345 2484 9572 7122 2481 2483)
6(2347 2486 9607 7157 2483 2485)
6(2349 2488 9642 7192 2485 2487)
6(2351 2490 9677 7227 2487 2489)
6(2353 2492 9712 7262 2489 2491)
6(2355 2494 9747 7297 2491 2493)
6(2357 2496 9782 7332 2493 2495)
6(2359 2498 9817 7367 2495 2497)
6(2361 2500 9852 7402 2497 2499)
6(2362 2501 9887 7437 2499 4847)
6(2364 2503 7473 5023 4813 2502)
6(2366 2505 7508 5058 2502 2504)
6(2368 2507 7543 5093 2504 2506)
6(2370 2509 7578 5128 2506 2508)
6(2372 2511 7613 5163 2508 2510)
6(2374 2513 7648 5198 2510 2512)
6(2376 2515 7683 5233 2512 2514)
6(2378 2517 7718 5268 2514 2516)
6(2380 2519 7753 5303 2516 2518)
6(2382 2521 7788 5338 2518 2520)
6(2384 2523 7823 5373 2520 2522)
6(2386 2525 7858 5408 2522 2524)
6(2388 2527 7893 5443 2524 2526)
6(2390 2529 7928 5478 2526 2528)
6(2392 2531 7963 5513 2528 2530)
6(2394 2533 7998 5548 2530 2532)
6(2396 2535 8033 5583 2532 2534)
6(2398 2537 8068 5618 2534 2536)
6(2400 2539 8103 5653 2536 2538)
6(2402 2541 8138 5688 2538 2540)
6(2404 2543 8173 5723 2540 2542)
6(2406 2545 8208 5758 2542 2544)
6(2408 2547 8243 5793 2544 2546)
6(2410 2549 8278 5828 2546 2548)
6(2412 2551 8313 5863 2548 2550)
6(2414 2553 8348 5898 2550 2552)
6(2416 2555 8383 5933 2552 2554)
6(2418 2557 8418 5968 2554 2556)
6(2420 2559 8453 6003 2556 2558)
6(2422 2561 8488 6038 2558 2560)
6(2424 2563 8523 6073 2560 2562)
6(2426 2565 8558 6108 2562 2564)
6(2428 2567 8593 6143 2564 2566)
6(2430 2569 8628 6178 2566 2568)
6(2432 2571 8663 6213 2568 2570)
6(2434 2573 8698 6248 2570 2572)
6(2436 2575 8733 6283 2572 2574)
6(2438 2577 8768 6318 2574 2576)
6(2440 2579 8803 6353 2576 2578)
6(2442 2581 8838 6388 2578 2580)
6(2444 2583 8873 6423 2580 2582)
6(2446 2585 8908 6458 2582 2584)
6(2448 2587 8943 6493 2584 2586)
6(2450 2589 8978 6528 2586 2588)
6(2452 2591 9013 6563 2588 2590)
6(2454 2593 9048 6598 2590 2592)
6(2456 2595 9083 6633 2592 2594)
6(2458 2597 9118 6668 2594 2596)
6(2460 2599 9153 6703 2596 2598)
6(2462 2601 9188 6738 2598 2600)
6(2464 2603 9223 6773 2600 2602)
6(2466 2605 9258 6808 2602 2604)
6(2468 2607 9293 6843 2604 2606)
6(2470 2609 9328 6878 2606 2608)
6(2472 2611 9363 6913 2608 2610)
6(2474 2613 9398 6948 2610 2612)
6(2476 2615 9433 6983 2612 2614)
6(2478 2617 9468 7018 2614 2616)
6(2480 2619 9503 7053 2616 2618)
6(2482 2621 9538 7088 2618 2620)
6(2484 2623 9573 7123 2620 2622)
6(2486 2625 9608 7158 2622 2624)
6(2488 2627 9643 7193 2624 2626)
6(2490 2629 9678 7228 2626 2628)
6(2492 2631 9713 7263 2628 2630)
6(2494 2633 9748 7298 2630 2632)
6(2496 2635 9783 7333 2632 2634)
6(2498 2637 9818 7368 2634 2636)
6(2500 2639 9853 7403 2636 2638)
6(2501 2640 9888 7438 2638 4848)
6(2503 2642 7474 5024 4814 2641)
6(2505 2644 7509 5059 2641 2643)
6(2507 2646 7544 5094 2643 2645)
6(2509 2648 7579 5129 2645 2647)
6(2511 2650 7614 5164 2647 2649)
6(2513 2652 7649 5199 2649 2651)
6(2515 2654 7684 5234 2651 2653)
6(2517 2656 7719 5269 2653 2655)
6(2519 2658 7754 5304 2655 2657)
6(2521 2660 7789 5339 2657 2659)
6(2523 2662 7824 5374 2659 2661)
6(2525 2664 7859 5409 2661 2663)
6(2527 2666 7894 5444 2663 2665)
6(2529 2668 7929 5479 2665 2667)
6(2531 2670 7964 5514 2667 2669)
6(2533 2672 7999 5549 2669 2671)
6(2535 2674 8034 5584 2671 2673)
6(2537 2676 8069 5619 2673 2675)
6(2539 2678 8104 5654 2675 2677)
6(2541 2680 8139 5689 2677 2679)
6(2543 2682 8174 5724 2679 2681)
6(2545 2684 8209 5759 2681 2683)
6(2547 2686 8244 5794 2683 2685)
6(2549 2688 8279 5829 2685 2687)
6(2551 2690 8314 5864 2687 2689)
6(2553 2692 8349 5899 2689 2691)
6(2555 2694 8384 5934 2691 2693)
6(2557 2696 8419 5969 2693 2695)
6(2559 2698 8454 6004 2695 2697)
6(2561 2700 8489 6039 2697 2699)
6(2563 2702 8524 6074 2699 2701)
6(2565 2704 8559 6109 2701 2703)
6(2567 2706 8594 6144 2703 2705)
6(2569 2708 8629 6179 2705 2707)
6(2571 2710 8664 6214 2707 2709)
6(2573 2712 8699 6249 2709 2711)
6(2575 2714 8734 6284 2711 2713)
6(2577 2716 8769 6319 2713 2715)
6(2579 2718 8804 6354 2715 2717)
6(2581 2720 8839 6389 2717 2719)
6(2583 2722 8874 6424 2719 2721)
6(2585 2724 8909 6459 2721 2723)
6(2587 2726 8944 6494 2723 2725)
6(2589 2728 8979 6529 2725 2727)
6(2591 2730 9014 6564 2727 2729)
6(2593 2732 9049 6599 2729 2731)
6(2595 2734 9084 6634 2731 2733)
6(2597 2736 9119 6669 2733 2735)
6(2599 2738 9154 6704 2735 2737)
6(2601 2740 9189 6739 2737 2739)
6(2603 2742 9224 6774 2739 2741)
6(2605 2744 9259 6809 2741 2743)
6(2607 2746 9294 6844 2743 2745)
6(2609 2748 9329 6879 2745 2747)
6(2611 2750 9364 6914 2747 2749)
6(2613 2752 9399 6949 2749 2751)
6(2615 2754 9434 6984 2751 2753)
6(2617 2756 9469 7019 2753 2755)
6(2619 2758 9504 7054 2755 2757)
6(2621 2760 9539 7089 2757 2759)
6(2623 2762 9574 7124 2759 2761)
6(2625 2764 9609 7159 2761 2763)
6(2627 2766 9644 7194 2763 2765)
6(2629 2768 9679 7229 2765 2767)
6(2631 2770 9714 7264 2767 2769)
6(2633 2772 9749 7299 2769 2771)
6(2635 2774 9784 7334 2771 2773)
6(2637 2776 9819 7369 2773 2775)
6(2639 2778 9854 7404 2775 2777)
6(2640 2779 9889 7439 2777 4849)
6(2642 2781 7475 5025 4815 2780)
6(2644 2783 7510 5060 2780 2782)
6(2646 2785 7545 5095 2782 2784)
6(2648 2787 7580 5130 2784 2786)
6(2650 2789 7615 5165 2786 2788)
6(2652 2791 7650 5200 2788 2790)
6(2654 2793 7685 5235 2790 2792)
6(2656 2795 7720 5270 2792 2794)
6(2658 2797 7755 5305 2794 2796)
6(2660 2799 7790 5340 2796 2798)
6(2662 2801 7825 5375 2798 2800)
6(2664 2803 7860 5410 2800 2802)
6(2666 2805 7895 5445 2802 2804)
6(2668 2807 7930 5480 2804 2806)
6(2670 2809 7965 5515 2806 2808)
6(2672 2811 8000 5550 2808 2810)
6(2674 2813 8035 5585 2810 2812)
6(2676 2815 8070 5620 2812 2814)
6(2678 2817 8105 5655 2814 2816)
6(2680 2819 8140 5690 2816 2818)
6(2682 2821 8175 5725 2818 2820)
6(2684 2823 8210 5760 2820 2822)
6(2686 2825 8245 5795 2822 2824)
6(2688 2827 8280 5830 2824 2826)
6(2690 2829 8315 5865 2826 2828)
6(2692 2831 8350 5900 2828 2830)
6(2694 2833 8385 5935 2830 2832)
6(2696 2835 8420 5970 2832 2834)
6(2698 2837 8455 6005 2834 2836)
6(2700 2839 8490 6040 2836 2838)
6(2702 2841 8525 6075 2838 2840)
6(2704 2843 8560 6110 2840 2842)
6(2706 2845 8595 6145 2842 2844)
6(2708 2847 8630 6180 2844 2846)
6(2710 2849 8665 6215 2846 2848)
6(2712 2851 8700 6250 2848 2850)
6(2714 2853 8735 6285 2850 2852)
6(2716 2855 8770 6320 2852 2854)
6(2718 2857 8805 6355 2854 2856)
6(2720 2859 8840 6390 2856 2858)
6(2722 2861 8875 6425 2858 2860)
6(2724 2863 8910 6460 2860 2862)
6(2726 2865 8945 6495 2862 2864)
6(2728 2867 8980 6530 2864 2866)
6(2730 2869 9015 6565 2866 2868)
6(2732 2871 9050 6600 2868 2870)
6(2734 2873 9085 6635 2870 2872)
6(2736 2875 9120 6670 2872 2874)
6(2738 2877 9155 6705 2874 2876)
6(2740 2879 9190 6740 2876 2878)
6(2742 2881 9225 6775 2878 2880)
6(2744 2883 9260 6810 2880 2882)
6(2746 2885 9295 6845 2882 2884)
6(2748 2887 9330 6880 2884 2886)
6(2750 2889 9365 6915 2886 2888)
6(2752 2891 9400 6950 2888 2890)
6(2754 2893 9435 6985 2890 2892)
6(2756 2895 9470 7020 2892 2894)
6(2758 2897 9505 7055 2894 2896)
6(2760 2899 9540 7090 2896 2898)
6(2762 2901 9575 7125 2898 2900)
6(2764 2903 9610 7160 2900 2902)
6(2766 2905 9645 7195 2902 2904)
6(2768 2907 9680 7230 2904 2906)
6(2770 2909 9715 7265 2906 2908)
6(2772 2911 9750 7300 2908 2910)
6(2774 2913 9785 7335 2910 2912)
6(2776 2915 9820 7370 2912 2914)
6(2778 2917 9855 7405 2914 2916)
6(2779 2918 9890 7440 2916 4850)
6(2781 2920 7476 5026 4816 2919)
6(2783 2922 7511 5061 2919 2921)
6(2785 2924 7546 5096 2921 2923)
6(2787 2926 7581 5131 2923 2925)
6(2789 2928 7616 5166 2925 2927)
6(2791 2930 7651 5201 2927 2929)
6(2793 2932 7686 5236 2929 2931)
6(2795 2934 7721 5271 2931 2933)
6(2797 2936 7756 5306 2933 2935)
6(2799 2938 7791 5341 2935 2937)
6(2801 2940 7826 5376 2937 2939)
6(2803 2942 7861 5411 2939 2941)
6(2805 2944 7896 5446 2941 2943)
6(2807 2946 7931 5481 2943 2945)
6(2809 2948 7966 5516 2945 2947)
6(2811 2950 8001 5551 2947 2949)
6(2813 2952 8036 5586 2949 2951)
6(2815 2954 8071 5621 2951 2953)
6(2817 2956 8106 5656 2953 2955)
6(2819 2958 8141 5691 2955 2957)
6(2821 2960 8176 5726 2957 2959)
6(2823 2962 8211 5761 2959 2961)
6(2825 2964 8246 5796 2961 2963)
6(2827 2966 8281 5831 2963 2965)
6(2829 2968 8316 5866 2965 2967)
6(2831 2970 8351 5901 2967 2969)
6(2833 2972 8386 5936 2969 2971)
6(2835 2974 8421 5971 2971 2973)
6(2837 2976 8456 6006 2973 2975)
6(2839 2978 8491 6041 2975 2977)
6(2841 2980 8526 6076 2977 2979)
6(2843 2982 8561 6111 2979 2981)
6(2845 2984 8596 6146 2981 2983)
6(2847 2986 8631 6181 2983 2985)
6(2849 2988 8666 6216 2985 2987)
6(2851 2990 8701 6251 2987 2989)
6(2853 2992 8736 6286 2989 2991)
6(2855 2994 8771 6321 2991 2993)
6(2857 2996 8806 6356 2993 2995)
6(2859 2998 8841 6391 2995 2997)
6(2861 3000 8876 6426 2997 2999)
6(2863 3002 8911 6461 2999 3001)
6(2865 3004 8946 6496 3001 3003)
6(2867 3006 8981 6531 3003 3005)
6(2869 3008 9016 6566 3005 3007)
6(2871 3010 9051 6601 3007 3009)
6(2873 3012 9086 6636 3009 3011)
6(2875 3014 9121 6671 3011 3013)
6(2877 3016 9156 6706 3013 3015)
6(2879 3018 9191 6741 3015 3017)
6(2881 3020 9226 6776 3017 3019)
6(2883 3022 9261 6811 3019 3021)
6(2885 3024 9296 6846 3021 3023)
6(2887 3026 9331 6881 3023 3025)
6(2889 3028 9366 6916 3025 3027)
6(2891 3030 9401 6951 3027 3029)
6(2893 3032 9436 6986 3029 3031)
6(2895 3034 9471 7021 3031 3033)
6(2897 3036 9506 7056 3033 3035)
6(2899 3038 9541 7091 3035 3037)
6(2901 3040 9576 7126 3037 3039)
6(2903 3042 9611 7161 3039 3041)
6(2905 3044 9646 7196 3041 3043)
6(2907 3046 9681 7231 3043 3045)
6(2909 3048 9716 7266 3045 3047)
6(2911 3050 9751 7301 3047 3049)
6(2913 3052 9786 7336 3049 3051)
6(2915 3054 9821 7371 3051 3053)
6(2917 3056 9856 7406 3053 3055)
6(2918 3057 9891 7441 3055 4851)
6(2920 3059 7477 5027 4817 3058)
6(2922 3061 7512 5062 3058 3060)
6(2924 3063 7547 5097 3060 3062)
6(2926 3065 7582 5132 3062 3064)
6(2928 3067 7617 5167 3064 3066)
6(2930 3069 7652 5202 3066 3068)
6(2932 3071 7687 5237 3068 3070)
6(2934 3073 7722 5272 3070 3072)
6(2936 3075 7757 5307 3072 3074)
6(2938 3077 7792 5342 3074 3076)
6(2940 3079 7827 5377 3076 3078)
6(2942 3081 7862 5412 3078 3080)
6(2944 3083 7897 5447 3080 3082)
6(2946 3085 7932 5482 3082 3084)
6(2948 3087 7967 5517 3084 3086)
6(2950 3089 8002 5552 3086 3088)
6(2952 3091 8037 5587 3088 3090)
6(2954 3093 8072 5622 3090 3092)
6(2956 3095 8107 5657 3092 3094)
6(2958 3097 8142 5692 3094 3096)
6(2960 3099 8177 5727 3096 3098)
6(2962 3101 8212 5762 3098 3100)
6(2964 3103 8247 5797 3100 3102)
6(2966 3105 8282 5832 3102 3104)
6(2968 3107 8317 5867 3104 3106)
6(2970 3109 8352 5902 3106 3108)
6(2972 3111 8387 5937 3108 3110)
6(2974 3113 8422 5972 3110 3112)
6(2976 3115 8457 6007 3112 3114)
6(2978 3117 8492 6042 3114 3116)
6(2980 3119 8527 6077 3116 3118)
6(2982 3121 8562 6112 3118 3120)
6(2984 3123 8597 6147 3120 3122)
6(2986 3125 8632 6182 3122 3124)
6(2988 3127 8667 6217 3124 3126)
6(2990 3129 8702 6252 3126 3128)
6(2992 3131 8737 6287 3128 3130)
6(2994 3133 8772 6322 3130 3132)
6(2996 3135 8807 6357 3132 3134)
6(2998 3137 8842 6392 3134 3136)
6(3000 3139 8877 6427 3136 3138)
6(3002 3141 8912 6462 3138 3140)
6(3004 3143 8947 6497 3140 3142)
6(3006 3145 8982 6532 3142 3144)
6(3008 3147 9017 6567 3144 3146)
6(3010 3149 9052 6602 3146 3148)
6(3012 3151 9087 6637 3148 3150)
6(3014 3153 9122 6672 3150 3152)
6(3016 3155 9157 6707 3152 3154)
6(3018 3157 9192 6742 3154 3156)
6(3020 3159 9227 6777 3156 3158)
6(3022 3161 9262 6812 3158 3160)
6(3024 3163 9297 6847 3160 3162)
6(3026 3165 9332 6882 3162 3164)
6(3028 3167 9367 6917 3164 3166)
6(3030 3169 9402 6952 3166 3168)
6(3032 3171 9437 6987 3168 3170)
6(3034 3173 9472 7022 3170 3172)
6(3036 3175 9507 7057 3172 3174)
6(3038 3177 9542 7092 3174 3176)
6(3040 3179 9577 7127 3176 3178)
6(3042 3181 9612 7162 3178 3180)
6(3044 3183 9647 7197 3180 3182)
6(3046 3185 9682 7232 3182 3184)
6(3048 3187 9717 7267 3184 3186)
6(3050 3189 9752 7302 3186 3188)
6(3052 3191 9787 7337 3188 3190)
6(3054 3193 9822 7372 3190 3192)
6(3056 3195 9857 7407 3192 3194)
6(3057 3196 9892 7442 3194 4852)
6(3059 3198 7478 5028 4818 3197)
6(3061 3200 7513 5063 3197 3199)
6(3063 3202 7548 5098 3199 3201)
6(3065 3204 7583 5133 3201 3203)
6(3067 3206 7618 5168 3203 3205)
6(3069 3208 7653 5203 3205 3207)
6(3071 3210 7688 5238 3207 3209)
6(3073 3212 7723 5273 3209 3211)
6(3075 3214 7758 5308 3211 3213)
6(3077 3216 7793 5343 3213 3215)
6(3079 3218 7828 5378 3215 3217)
6(3081 3220 7863 5413 3217 3219)
6(3083 3222 7898 5448 3219 3221)
6(3085 3224 7933 5483 3221 3223)
6(3087 3226 7968 5518 3223 3225)
6(3089 3228 8003 5553 3225 3227)
6(3091 3230 8038 5588 3227 3229)
6(3093 3232 8073 5623 3229 3231)
6(3095 3234 8108 5658 3231 3233)
6(3097 3236 8143 5693 3233 3235)
6(3099 3238 8178 5728 3235 3237)
6(3101 3240 8213 5763 3237 3239)
6(3103 3242 8248 5798 3239 3241)
6(3105 3244 8283 5833 3241 3243)
6(3107 3246 8318 5868 3243 3245)
6(3109 3248 8353 5903 3245 3247)
6(3111 3250 8388 5938 3247 3249)
6(3113 3252 8423 5973 3249 3251)
6(3115 3254 8458 6008 3251 3253)
6(3117 3256 8493 6043 3253 3255)
6(3119 3258 8528 6078 3255 3257)
6(3121 3260 8563 6113 3257 3259)
6(3123 3262 8598 6148 3259 3261)
6(3125 3264 8633 6183 3261 3263)
6(3127 3266 8668 6218 3263 3265)
6(3129 3268 8703 6253 3265 3267)
6(3131 3270 8738 6288 3267 3269)
6(3133 3272 8773 6323 3269 3271)
6(3135 3274 8808 6358 3271 3273)
6(3137 3276 8843 6393 3273 3275)
6(3139 3278 8878 6428 3275 3277)
6(3141 3280 8913 6463 3277 3279)
6(3143 3282 8948 6498 3279 3281)
6(3145 3284 8983 6533 3281 3283)
6(3147 3286 9018 6568 3283 3285)
6(3149 3288 9053 6603 3285 3287)
6(3151 3290 9088 6638 3287 3289)
6(3153 3292 9123 6673 3289 3291)
6(3155 3294 9158 6708 3291 3293)
6(3157 3296 9193 6743 3293 3295)
6(3159 3298 9228 6778 3295 3297)
6(3161 3300 9263 6813 3297 3299)
6(3163 3302 9298 6848 3299 3301)
6(3165 3304 9333 6883 3301 3303)
6(3167 3306 9368 6918 3303 3305)
6(3169 3308 9403 6953 3305 3307)
6(3171 3310 9438 6988 3307 3309)
6(3173 3312 9473 7023 3309 3311)
6(3175 3314 9508 7058 3311 3313)
6(3177 3316 9543 7093 3313 3315)
6(3179 3318 9578 7128 3315 3317)
6(3181 3320 9613 7163 3317 3319)
6(3183 3322 9648 7198 3319 3321)
6(3185 3324 9683 7233 3321 3323)
6(3187 3326 9718 7268 3323 3325)
6(3189 3328 9753 7303 3325 3327)
6(3191 3330 9788 7338 3327 3329)
6(3193 3332 9823 7373 3329 3331)
6(3195 3334 9858 7408 3331 3333)
6(3196 3335 9893 7443 3333 4853)
6(3198 3337 7479 5029 4819 3336)
6(3200 3339 7514 5064 3336 3338)
6(3202 3341 7549 5099 3338 3340)
6(3204 3343 7584 5134 3340 3342)
6(3206 3345 7619 5169 3342 3344)
6(3208 3347 7654 5204 3344 3346)
6(3210 3349 7689 5239 3346 3348)
6(3212 3351 7724 5274 3348 3350)
6(3214 3353 7759 5309 3350 3352)
6(3216 3355 7794 5344 3352 3354)
6(3218 3357 7829 5379 3354 3356)
6(3220 3359 7864 5414 3356 3358)
6(3222 3361 7899 5449 3358 3360)
6(3224 3363 7934 5484 3360 3362)
6(3226 3365 7969 5519 3362 3364)
6(3228 3367 8004 5554 3364 3366)
6(3230 3369 8039 5589 3366 3368)
6(3232 3371 8074 5624 3368 3370)
6(3234 3373 8109 5659 3370 3372)
6(3236 3375 8144 5694 3372 3374)
6(3238 3377 8179 5729 3374 3376)
6(3240 3379 8214 5764 3376 3378)
6(3242 3381 8249 5799 3378 3380)
6(3244 3383 8284 5834 3380 3382)
6(3246 3385 8319 5869 3382 3384)
6(3248 3387 8354 5904 3384 3386)
6(3250 3389 8389 5939 3386 3388)
6(3252 3391 8424 5974 3388 3390)
6(3254 3393 8459 6009 3390 3392)
6(3256 3395 8494 6044 3392 3394)
6(3258 3397 8529 6079 3394 3396)
6(3260 3399 8564 6114 3396 3398)
6(3262 3401 8599 6149 3398 3400)
6(3264 3403 8634 6184 3400 3402)
6(3266 3405 8669 6219 3402 3404)
6(3268 3407 8704 6254 3404 3406)
6(3270 3409 8739 6289 3406 3408)
6(3272 3411 8774 6324 3408 3410)
6(3274 3413 8809 6359 3410 3412)
6(3276 3415 8844 6394 3412 3414)
6(3278 3417 8879 6429 3414 3416)
6(3280 3419 8914 6464 3416 3418)
6(3282 3421 8949 6499 3418 3420)
6(3284 3423 8984 6534 3420 3422)
6(3286 3425 9019 6569 3422 3424)
6(3288 3427 9054 6604 3424 3426)
6(3290 3429 9089 6639 3426 3428)
6(3292 3431 9124 6674 3428 3430)
6(3294 3433 9159 6709 3430 3432)
6(3296 3435 9194 6744 3432 3434)
6(3298 3437 9229 6779 3434 3436)
6(3300 3439 9264 6814 3436 3438)
6(3302 3441 9299 6849 3438 3440)
6(3304 3443 9334 6884 3440 3442)
6(3306 3445 9369 6919 3442 3444)
6(3308 3447 9404 6954 3444 3446)
6(3310 3449 9439 6989 3446 3448)
6(3312 3451 9474 7024 3448 3450)
6(3314 3453 9509 7059 3450 3452)
6(3316 3455 9544 7094 3452 3454)
6(3318 3457 9579 7129 3454 3456)
6(3320 3459 9614 7164 3456 3458)
6(3322 3461 9649 7199 3458 3460)
6(3324 3463 9684 7234 3460 3462)
6(3326 3465 9719 7269 3462 3464)
6(3328 3467 9754 7304 3464 3466)
6(3330 3469 9789 7339 3466 3468)
6(3332 3471 9824 7374 3468 3470)
6(3334 3473 9859 7409 3470 3472)
6(3335 3474 9894 7444 3472 4854)
6(3337 3476 7480 5030 4820 3475)
6(3339 3478 7515 5065 3475 3477)
6(3341 3480 7550 5100 3477 3479)
6(3343 3482 7585 5135 3479 3481)
6(3345 3484 7620 5170 3481 3483)
6(3347 3486 7655 5205 3483 3485)
6(3349 3488 7690 5240 3485 3487)
6(3351 3490 7725 5275 3487 3489)
6(3353 3492 7760 5310 3489 3491)
6(3355 3494 7795 5345 3491 3493)
6(3357 3496 7830 5380 3493 3495)
6(3359 3498 7865 5415 3495 3497)
6(3361 3500 7900 5450 3497 3499)
6(3363 3502 7935 5485 3499 3501)
6(3365 3504 7970 5520 3501 3503)
6(3367 3506 8005 5555 3503 3505)
6(3369 3508 8040 5590 3505 3507)
6(3371 3510 8075 5625 3507 3509)
6(3373 3512 8110 5660 3509 3511)
6(3375 3514 8145 5695 3511 3513)
6(3377 3516 8180 5730 3513 3515)
6(3379 3518 8215 5765 3515 3517)
6(3381 3520 8250 5800 3517 3519)
6(3383 3522 8285 5835 3519 3521)
6(3385 3524 8320 5870 3521 3523)
6(3387 3526 8355 5905 3523 3525)
6(3389 3528 8390 5940 3525 3527)
6(3391 3530 8425 5975 3527 3529)
6(3393 3532 8460 6010 3529 3531)
6(3395 3534 8495 6045 3531 3533)
6(3397 3536 8530 6080 3533 3535)
6(3399 3538 8565 6115 3535 3537)
6(3401 3540 8600 6150 3537 3539)
6(3403 3542 8635 6185 3539 3541)
6(3405 3544 8670 6220 3541 3543)
6(3407 3546 8705 6255 3543 3545)
6(3409 3548 8740 6290 3545 3547)
6(3411 3550 8775 6325 3547 3549)
6(3413 3552 8810 6360 3549 3551)
6(3415 3554 8845 6395 3551 3553)
6(3417 3556 8880 6430 3553 3555)
6(3419 3558 8915 6465 3555 3557)
6(3421 3560 8950 6500 3557 3559)
6(3423 3562 8985 6535 3559 3561)
6(3425 3564 9020 6570 3561 3563)
6(3427 3566 9055 6605 3563 3565)
6(3429 3568 9090 6640 3565 3567)
6(3431 3570 9125 6675 3567 3569)
6(3433 3572 9160 6710 3569 3571)
6(3435 3574 9195 6745 3571 3573)
6(3437 3576 9230 6780 3573 3575)
6(3439 3578 9265 6815 3575 3577)
6(3441 3580 9300 6850 3577 3579)
6(3443 3582 9335 6885 3579 3581)
6(3445 3584 9370 6920 3581 3583)
6(3447 3586 9405 6955 3583 3585)
6(3449 3588 9440 6990 3585 3587)
6(3451 3590 9475 7025 3587 3589)
6(3453 3592 9510 7060 3589 3591)
6(3455 3594 9545 7095 3591 3593)
6(3457 3596 9580 7130 3593 3595)
6(3459 3598 9615 7165 3595 3597)
6(3461 3600 9650 7200 3597 3599)
6(3463 3602 9685 7235 3599 3601)
6(3465 3604 9720 7270 3601 3603)
6(3467 3606 9755 7305 3603 3605)
6(3469 3608 9790 7340 3605 3607)
6(3471 3610 9825 7375 3607 3609)
6(3473 3612 9860 7410 3609 3611)
6(3474 3613 9895 7445 3611 4855)
6(3476 3615 7481 5031 4821 3614)
6(3478 3617 7516 5066 3614 3616)
6(3480 3619 7551 5101 3616 3618)
6(3482 3621 7586 5136 3618 3620)
6(3484 3623 7621 5171 3620 3622)
6(3486 3625 7656 5206 3622 3624)
6(3488 3627 7691 5241 3624 3626)
6(3490 3629 7726 5276 3626 3628)
6(3492 3631 7761 5311 3628 3630)
6(3494 3633 7796 5346 3630 3632)
6(3496 3635 7831 5381 3632 3634)
6(3498 3637 7866 5416 3634 3636)
6(3500 3639 7901 5451 3636 3638)
6(3502 3641 7936 5486 3638 3640)
6(3504 3643 7971 5521 3640 3642)
6(3506 3645 8006 5556 3642 3644)
6(3508 3647 8041 5591 3644 3646)
6(3510 3649 8076 5626 3646 3648)
6(3512 3651 8111 5661 3648 3650)
6(3514 3653 8146 5696 3650 3652)
6(3516 3655 8181 5731 3652 3654)
6(3518 3657 8216 5766 3654 3656)
6(3520 3659 8251 5801 3656 3658)
6(3522 3661 8286 5836 3658 3660)
6(3524 3663 8321 5871 3660 3662)
6(3526 3665 8356 5906 3662 3664)
6(3528 3667 8391 5941 3664 3666)
6(3530 3669 8426 5976 3666 3668)
6(3532 3671 8461 6011 3668 3670)
6(3534 3673 8496 6046 3670 3672)
6(3536 3675 8531 6081 3672 3674)
6(3538 3677 8566 6116 3674 3676)
6(3540 3679 8601 6151 3676 3678)
6(3542 3681 8636 6186 3678 3680)
6(3544 3683 8671 6221 3680 3682)
6(3546 3685 8706 6256 3682 3684)
6(3548 3687 8741 6291 3684 3686)
6(3550 3689 8776 6326 3686 3688)
6(3552 3691 8811 6361 3688 3690)
6(3554 3693 8846 6396 3690 3692)
6(3556 3695 8881 6431 3692 3694)
6(3558 3697 8916 6466 3694 3696)
6(3560 3699 8951 6501 3696 3698)
6(3562 3701 8986 6536 3698 3700)
6(3564 3703 9021 6571 3700 3702)
6(3566 3705 9056 6606 3702 3704)
6(3568 3707 9091 6641 3704 3706)
6(3570 3709 9126 6676 3706 3708)
6(3572 3711 9161 6711 3708 3710)
6(3574 3713 9196 6746 3710 3712)
6(3576 3715 9231 6781 3712 3714)
6(3578 3717 9266 6816 3714 3716)
6(3580 3719 9301 6851 3716 3718)
6(3582 3721 9336 6886 3718 3720)
6(3584 3723 9371 6921 3720 3722)
6(3586 3725 9406 6956 3722 3724)
6(3588 3727 9441 6991 3724 3726)
6(3590 3729 9476 7026 3726 3728)
6(3592 3731 9511 7061 3728 3730)
6(3594 3733 9546 7096 3730 3732)
6(3596 3735 9581 7131 3732 3734)
6(3598 3737 9616 7166 3734 3736)
6(3600 3739 9651 7201 3736 3738)
6(3602 3741 9686 7236 3738 3740)
6(3604 3743 9721 7271 3740 3742)
6(3606 3745 9756 7306 3742 3744)
6(3608 3747 9791 7341 3744 3746)
6(3610 3749 9826 7376 3746 3748)
6(3612 3751 9861 7411 3748 3750)
6(3613 3752 9896 7446 3750 4856)
6(3615 3754 7482 5032 4822 3753)
6(3617 3756 7517 5067 3753 3755)
6(3619 3758 7552 5102 3755 3757)
6(3621 3760 7587 5137 3757 3759)
6(3623 3762 7622 5172 3759 3761)
6(3625 3764 7657 5207 3761 3763)
6(3627 3766 7692 5242 3763 3765)
6(3629 3768 7727 5277 3765 3767)
6(3631 3770 7762 5312 3767 3769)
6(3633 3772 7797 5347 3769 3771)
6(3635 3774 7832 5382 3771 3773)
6(3637 3776 7867 5417 3773 3775)
6(3639 3778 7902 5452 3775 3777)
6(3641 3780 7937 5487 3777 3779)
6(3643 3782 7972 5522 3779 3781)
6(3645 3784 8007 5557 3781 3783)
6(3647 3786 8042 5592 3783 3785)
6(3649 3788 8077 5627 3785 3787)
6(3651 3790 8112 5662 3787 3789)
6(3653 3792 8147 5697 3789 3791)
6(3655 3794 8182 5732 3791 3793)
6(3657 3796 8217 5767 3793 3795)
6(3659 3798 8252 5802 3795 3797)
6(3661 3800 8287 5837 3797 3799)
6(3663 3802 8322 5872 3799 3801)
6(3665 3804 8357 5907 3801 3803)
6(3667 3806 8392 5942 3803 3805)
6(3669 3808 8427 5977 3805 3807)
6(3671 3810 8462 6012 3807 3809)
6(3673 3812 8497 6047 3809 3811)
6(3675 3814 8532 6082 3811 3813)
6(3677 3816 8567 6117 3813 3815)
6(3679 3818 8602 6152 3815 3817)
6(3681 3820 8637 6187 3817 3819)
6(3683 3822 8672 6222 3819 3821)
6(3685 3824 8707 6257 3821 3823)
6(3687 3826 8742 6292 3823 3825)
6(3689 3828 8777 6327 3825 3827)
6(3691 3830 8812 6362 3827 3829)
6(3693 3832 8847 6397 3829 3831)
6(3695 3834 8882 6432 3831 3833)
6(3697 3836 8917 6467 3833 3835)
6(3699 3838 8952 6502 3835 3837)
6(3701 3840 8987 6537 3837 3839)
6(3703 3842 9022 6572 3839 3841)
6(3705 3844 9057 6607 3841 3843)
6(3707 3846 9092 6642 3843 3845)
6(3709 3848 9127 6677 3845 3847)
6(3711 3850 9162 6712 3847 3849)
6(3713 3852 9197 6747 3849 3851)
6(3715 3854 9232 6782 3851 3853)
6(3717 3856 9267 6817 3853 3855)
6(3719 3858 9302 6852 3855 3857)
6(3721 3860 9337 6887 3857 3859)
6(3723 3862 9372 6922 3859 3861)
6(3725 3864 9407 6957 3861 3863)
6(3727 3866 9442 6992 3863 3865)
6(3729 3868 9477 7027 3865 3867)
6(3731 3870 9512 7062 3867 3869)
6(3733 3872 9547 7097 3869 3871)
6(3735 3874 9582 7132 3871 3873)
6(3737 3876 9617 7167 3873 3875)
6(3739 3878 9652 7202 3875 3877)
6(3741 3880 9687 7237 3877 3879)
6(3743 3882 9722 7272 3879 3881)
6(3745 3884 9757 7307 3881 3883)
6(3747 3886 9792 7342 3883 3885)
6(3749 3888 9827 7377 3885 3887)
6(3751 3890 9862 7412 3887 3889)
6(3752 3891 9897 7447 3889 4857)
6(3754 3893 7483 5033 4823 3892)
6(3756 3895 7518 5068 3892 3894)
6(3758 3897 7553 5103 3894 3896)
6(3760 3899 7588 5138 3896 3898)
6(3762 3901 7623 5173 3898 3900)
6(3764 3903 7658 5208 3900 3902)
6(3766 3905 7693 5243 3902 3904)
6(3768 3907 7728 5278 3904 3906)
6(3770 3909 7763 5313 3906 3908)
6(3772 3911 7798 5348 3908 3910)
6(3774 3913 7833 5383 3910 3912)
6(3776 3915 7868 5418 3912 3914)
6(3778 3917 7903 5453 3914 3916)
6(3780 3919 7938 5488 3916 3918)
6(3782 3921 7973 5523 3918 3920)
6(3784 3923 8008 5558 3920 3922)
6(3786 3925 8043 5593 3922 3924)
6(3788 3927 8078 5628 3924 3926)
6(3790 3929 8113 5663 3926 3928)
6(3792 3931 8148 5698 3928 3930)
6(3794 3933 8183 5733 3930 3932)
6(3796 3935 8218 5768 3932 3934)
6(3798 3937 8253 5803 3934 3936)
6(3800 3939 8288 5838 3936 3938)
6(3802 3941 8323 5873 3938 3940)
6(3804 3943 8358 5908 3940 3942)
6(3806 3945 8393 5943 3942 3944)
6(3808 3947 8428 5978 3944 3946)
6(3810 3949 8463 6013 3946 3948)
6(3812 3951 8498 6048 3948 3950)
6(3814 3953 8533 6083 3950 3952)
6(3816 3955 8568 6118 3952 3954)
6(3818 3957 8603 6153 3954 3956)
6(3820 3959 8638 6188 3956 3958)
6(3822 3961 8673 6223 3958 3960)
6(3824 3963 8708 6258 3960 3962)
6(3826 3965 8743 6293 3962 3964)
6(3828 3967 8778 6328 3964 3966)
6(3830 3969 8813 6363 3966 3968)
6(3832 3971 8848 6398 3968 3970)
6(3834 3973 8883 6433 3970 3972)
6(3836 3975 8918 6468 3972 3974)
6(3838 3977 8953 6503 3974 3976)
6(3840 3979 8988 6538 3976 3978)
6(3842 3981 9023 6573 3978 3980)
6(3844 3983 9058 6608 3980 3982)
6(3846 3985 9093 6643 3982 3984)
6(3848 3987 9128 6678 3984 3986)
6(3850 3989 9163 6713 3986 3988)
6(3852 3991 9198 6748 3988 3990)
6(3854 3993 9233 6783 3990 3992)
6(3856 3995 9268 6818 3992 3994)
6(3858 3997 9303 6853 3994 3996)
6(3860 3999 9338 6888 3996 3998)
6(3862 4001 9373 6923 3998 4000)
6(3864 4003 9408 6958 4000 4002)
6(3866 4005 9443 6993 4002 4004)
6(3868 4007 9478 7028 4004 4006)
6(3870 4009 9513 7063 4006 4008)
6(3872 4011 9548 7098 4008 4010)
6(3874 4013 9583 7133 4010 4012)
6(3876 4015 9618 7168 4012 4014)
6(3878 4017 9653 7203 4014 4016)
6(3880 4019 9688 7238 4016 4018)
6(3882 4021 9723 7273 4018 4020)
6(3884 4023 9758 7308 4020 4022)
6(3886 4025 9793 7343 4022 4024)
6(3888 4027 9828 7378 4024 4026)
6(3890 4029 9863 7413 4026 4028)
6(3891 4030 9898 7448 4028 4858)
6(3893 4032 7484 5034 4824 4031)
6(3895 4034 7519 5069 4031 4033)
6(3897 4036 7554 5104 4033 4035)
6(3899 4038 7589 5139 4035 4037)
6(3901 4040 7624 5174 4037 4039)
6(3903 4042 7659 5209 4039 4041)
6(3905 4044 7694 5244 4041 4043)
6(3907 4046 7729 5279 4043 4045)
6(3909 4048 7764 5314 4045 4047)
6(3911 4050 7799 5349 4047 4049)
6(3913 4052 7834 5384 4049 4051)
6(3915 4054 7869 5419 4051 4053)
6(3917 4056 7904 5454 4053 4055)
6(3919 4058 7939 5489 4055 4057)
6(3921 4060 7974 5524 4057 4059)
6(3923 4062 8009 5559 4059 4061)
6(3925 4064 8044 5594 4061 4063)
6(3927 4066 8079 5629 4063 4065)
6(3929 4068 8114 5664 4065 4067)
6(3931 4070 8149 5699 4067 4069)
6(3933 4072 8184 5734 4069 4071)
6(3935 4074 8219 5769 4071 4073)
6(3937 4076 8254 5804 4073 4075)
6(3939 4078 8289 5839 4075 4077)
6(3941 4080 8324 5874 4077 4079)
6(3943 4082 8359 5909 4079 4081)
6(3945 4084 8394 5944 4081 4083)
6(3947 4086 8429 5979 4083 4085)
6(3949 4088 8464 6014 4085 4087)
6(3951 4090 8499 6049 4087 4089)
6(3953 4092 8534 6084 4089 4091)
6(3955 4094 8569 6119 4091 4093)
6(3957 4096 8604 6154 4093 4095)
6(3959 4098 8639 6189 4095 4097)
6(3961 4100 8674 6224 4097 4099)
6(3963 4102 8709 6259 4099 4101)
6(3965 4104 8744 6294 4101 4103)
6(3967 4106 8779 6329 4103 4105)
6(3969 4108 8814 6364 4105 4107)
6(3971 4110 8849 6399 4107 4109)
6(3973 4112 8884 6434 4109 4111)
6(3975 4114 8919 6469 4111 4113)
6(3977 4116 8954 6504 4113 4115)
6(3979 4118 8989 6539 4115 4117)
6(3981 4120 9024 6574 4117 4119)
6(3983 4122 9059 6609 4119 4121)
6(3985 4124 9094 6644 4121 4123)
6(3987 4126 9129 6679 4123 4125)
6(3989 4128 9164 6714 4125 4127)
6(3991 4130 9199 6749 4127 4129)
6(3993 4132 9234 6784 4129 4131)
6(3995 4134 9269 6819 4131 4133)
6(3997 4136 9304 6854 4133 4135)
6(3999 4138 9339 6889 4135 4137)
6(4001 4140 9374 6924 4137 4139)
6(4003 4142 9409 6959 4139 4141)
6(4005 4144 9444 6994 4141 4143)
6(4007 4146 9479 7029 4143 4145)
6(4009 4148 9514 7064 4145 4147)
6(4011 4150 9549 7099 4147 4149)
6(4013 4152 9584 7134 4149 4151)
6(4015 4154 9619 7169 4151 4153)
6(4017 4156 9654 7204 4153 4155)
6(4019 4158 9689 7239 4155 4157)
6(4021 4160 9724 7274 4157 4159)
6(4023 4162 9759 7309 4159 4161)
6(4025 4164 9794 7344 4161 4163)
6(4027 4166 9829 7379 4163 4165)
6(4029 4168 9864 7414 4165 4167)
6(4030 4169 9899 7449 4167 4859)
6(4032 4171 7485 5035 4825 4170)
6(4034 4173 7520 5070 4170 4172)
6(4036 4175 7555 5105 4172 4174)
6(4038 4177 7590 5140 4174 4176)
6(4040 4179 7625 5175 4176 4178)
6(4042 4181 7660 5210 4178 4180)
6(4044 4183 7695 5245 4180 4182)
6(4046 4185 7730 5280 4182 4184)
6(4048 4187 7765 5315 4184 4186)
6(4050 4189 7800 5350 4186 4188)
6(4052 4191 7835 5385 4188 4190)
6(4054 4193 7870 5420 4190 4192)
6(4056 4195 7905 5455 4192 4194)
6(4058 4197 7940 5490 4194 4196)
6(4060 4199 7975 5525 4196 4198)
6(4062 4201 8010 5560 4198 4200)
6(4064 4203 8045 5595 4200 4202)
6(4066 4205 8080 5630 4202 4204)
6(4068 4207 8115 5665 4204 4206)
6(4070 4209 8150 5700 4206 4208)
6(4072 4211 8185 5735 4208 4210)
6(4074 4213 8220 5770 4210 4212)
6(4076 4215 8255 5805 4212 4214)
6(4078 4217 8290 5840 4214 4216)
6(4080 4219 8325 5875 4216 4218)
6(4082 4221 8360 5910 4218 4220)
6(4084 4223 8395 5945 4220 4222)
6(4086 4225 8430 5980 4222 4224)
6(4088 4227 8465 6015 4224 4226)
6(4090 4229 8500 6050 4226 4228)
6(4092 4231 8535 6085 4228 4230)
6(4094 4233 8570 6120 4230 4232)
6(4096 4235 8605 6155 4232 4234)
6(4098 4237 8640 6190 4234 4236)
6(4100 4239 8675 6225 4236 4238)
6(4102 4241 8710 6260 4238 4240)
6(4104 4243 8745 6295 4240 4242)
6(4106 4245 8780 6330 4242 4244)
6(4108 4247 8815 6365 4244 4246)
6(4110 4249 8850 6400 4246 4248)
6(4112 4251 8885 6435 4248 4250)
6(4114 4253 8920 6470 4250 4252)
6(4116 4255 8955 6505 4252 4254)
6(4118 4257 8990 6540 4254 4256)
6(4120 4259 9025 6575 4256 4258)
6(4122 4261 9060 6610 4258 4260)
6(4124 4263 9095 6645 4260 4262)
6(4126 4265 9130 6680 4262 4264)
6(4128 4267 9165 6715 4264 4266)
6(4130 4269 9200 6750 4266 4268)
6(4132 4271 9235 6785 4268 4270)
6(4134 4273 9270 6820 4270 4272)
6(4136 4275 9305 6855 4272 4274)
6(4138 4277 9340 6890 4274 4276)
6(4140 4279 9375 6925 4276 4278)
6(4142 4281 9410 6960 4278 4280)
6(4144 4283 9445 6995 4280 4282)
6(4146 4285 9480 7030 4282 4284)
6(4148 4287 9515 7065 4284 4286)
6(4150 4289 9550 7100 4286 4288)
6(4152 4291 9585 7135 4288 4290)
6(4154 4293 9620 7170 4290 4292)
6(4156 4295 9655 7205 4292 4294)
6(4158 4297 9690 7240 4294 4296)
6(4160 4299 9725 7275 4296 4298)
6(4162 4301 9760 7310 4298 4300)
6(4164 4303 9795 7345 4300 4302)
6(4166 4305 9830 7380 4302 4304)
6(4168 4307 9865 7415 4304 4306)
6(4169 4308 9900 7450 4306 4860)
6(4171 4310 7486 5036 4826 4309)
6(4173 4312 7521 5071 4309 4311)
6(4175 4314 7556 5106 4311 4313)
6(4177 4316 7591 5141 4313 4315)
6(4179 4318 7626 5176 4315 4317)
6(4181 4320 7661 5211 4317 4319)
6(4183 4322 7696 5246 4319 4321)
6(4185 4324 7731 5281 4321 4323)
6(4187 4326 7766 5316 4323 4325)
6(4189 4328 7801 5351 4325 4327)
6(4191 4330 7836 5386 4327 4329)
6(4193 4332 7871 5421 4329 4331)
6(4195 4334 7906 5456 4331 4333)
6(4197 4336 7941 5491 4333 4335)
6(4199 4338 7976 5526 4335 4337)
6(4201 4340 8011 5561 4337 4339)
6(4203 4342 8046 5596 4339 4341)
6(4205 4344 8081 5631 4341 4343)
6(4207 4346 8116 5666 4343 4345)
6(4209 4348 8151 5701 4345 4347)
6(4211 4350 8186 5736 4347 4349)
6(4213 4352 8221 5771 4349 4351)
6(4215 4354 8256 5806 4351 4353)
6(4217 4356 8291 5841 4353 4355)
6(4219 4358 8326 5876 4355 4357)
6(4221 4360 8361 5911 4357 4359)
6(4223 4362 8396 5946 4359 4361)
6(4225 4364 8431 5981 4361 4363)
6(4227 4366 8466 6016 4363 4365)
6(4229 4368 8501 6051 4365 4367)
6(4231 4370 8536 6086 4367 4369)
6(4233 4372 8571 6121 4369 4371)
6(4235 4374 8606 6156 4371 4373)
6(4237 4376 8641 6191 4373 4375)
6(4239 4378 8676 6226 4375 4377)
6(4241 4380 8711 6261 4377 4379)
6(4243 4382 8746 6296 4379 4381)
6(4245 4384 8781 6331 4381 4383)
6(4247 4386 8816 6366 4383 4385)
6(4249 4388 8851 6401 4385 4387)
6(4251 4390 8886 6436 4387 4389)
6(4253 4392 8921 6471 4389 4391)
6(4255 4394 8956 6506 4391 4393)
6(4257 4396 8991 6541 4393 4395)
6(4259 4398 9026 6576 4395 4397)
6(4261 4400 9061 6611 4397 4399)
6(4263 4402 9096 6646 4399 4401)
6(4265 4404 9131 6681 4401 4403)
6(4267 4406 9166 6716 4403 4405)
6(4269 4408 9201 6751 4405 4407)
6(4271 4410 9236 6786 4407 4409)
6(4273 4412 9271 6821 4409 4411)
6(4275 4414 9306 6856 4411 4413)
6(4277 4416 9341 6891 4413 4415)
6(4279 4418 9376 6926 4415 4417)
6(4281 4420 9411 6961 4417 4419)
6(4283 4422 9446 6996 4419 4421)
6(4285 4424 9481 7031 4421 4423)
6(4287 4426 9516 7066 4423 4425)
6(4289 4428 9551 7101 4425 4427)
6(4291 4430 9586 7136 4427 4429)
6(4293 4432 9621 7171 4429 4431)
6(4295 4434 9656 7206 4431 4433)
6(4297 4436 9691 7241 4433 4435)
6(4299 4438 9726 7276 4435 4437)
6(4301 4440 9761 7311 4437 4439)
6(4303 4442 9796 7346 4439 4441)
6(4305 4444 9831 7381 4441 4443)
6(4307 4446 9866 7416 4443 4445)
6(4308 4447 9901 7451 4445 4861)
6(4310 4449 7487 5037 4827 4448)
6(4312 4451 7522 5072 4448 4450)
6(4314 4453 7557 5107 4450 4452)
6(4316 4455 7592 5142 4452 4454)
6(4318 4457 7627 5177 4454 4456)
6(4320 4459 7662 5212 4456 4458)
6(4322 4461 7697 5247 4458 4460)
6(4324 4463 7732 5282 4460 4462)
6(4326 4465 7767 5317 4462 4464)
6(4328 4467 7802 5352 4464 4466)
6(4330 4469 7837 5387 4466 4468)
6(4332 4471 7872 5422 4468 4470)
6(4334 4473 7907 5457 4470 4472)
6(4336 4475 7942 5492 4472 4474)
6(4338 4477 7977 5527 4474 4476)
6(4340 4479 8012 5562 4476 4478)
6(4342 4481 8047 5597 4478 4480)
6(4344 4483 8082 5632 4480 4482)
6(4346 4485 8117 5667 4482 4484)
6(4348 4487 8152 5702 4484 4486)
6(4350 4489 8187 5737 4486 4488)
6(4352 4491 8222 5772 4488 4490)
6(4354 4493 8257 5807 4490 4492)
6(4356 4495 8292 5842 4492 4494)
6(4358 4497 8327 5877 4494 4496)
6(4360 4499 8362 5912 4496 4498)
6(4362 4501 8397 5947 4498 4500)
6(4364 4503 8432 5982 4500 4502)
6(4366 4505 8467 6017 4502 4504)
6(4368 4507 8502 6052 4504 4506)
6(4370 4509 8537 6087 4506 4508)
6(4372 4511 8572 6122 4508 4510)
6(4374 4513 8607 6157 4510 4512)
6(4376 4515 8642 6192 4512 4514)
6(4378 4517 8677 6227 4514 4516)
6(4380 4519 8712 6262 4516 4518)
6(4382 4521 8747 6297 4518 4520)
6(4384 4523 8782 6332 4520 4522)
6(4386 4525 8817 6367 4522 4524)
6(4388 4527 8852 6402 4524 4526)
6(4390 4529 8887 6437 4526 4528)
6(4392 4531 8922 6472 4528 4530)
6(4394 4533 8957 6507 4530 4532)
6(4396 4535 8992 6542 4532 4534)
6(4398 4537 9027 6577 4534 4536)
6(4400 4539 9062 6612 4536 4538)
6(4402 4541 9097 6647 4538 4540)
6(4404 4543 9132 6682 4540 4542)
6(4406 4545 9167 6717 4542 4544)
6(4408 4547 9202 6752 4544 4546)
6(4410 4549 9237 6787 4546 4548)
6(4412 4551 9272 6822 4548 4550)
6(4414 4553 9307 6857 4550 4552)
6(4416 4555 9342 6892 4552 4554)
6(4418 4557 9377 6927 4554 4556)
6(4420 4559 9412 6962 4556 4558)
6(4422 4561 9447 6997 4558 4560)
6(4424 4563 9482 7032 4560 4562)
6(4426 4565 9517 7067 4562 4564)
6(4428 4567 9552 7102 4564 4566)
6(4430 4569 9587 7137 4566 4568)
6(4432 4571 9622 7172 4568 4570)
6(4434 4573 9657 7207 4570 4572)
6(4436 4575 9692 7242 4572 4574)
6(4438 4577 9727 7277 4574 4576)
6(4440 4579 9762 7312 4576 4578)
6(4442 4581 9797 7347 4578 4580)
6(4444 4583 9832 7382 4580 4582)
6(4446 4585 9867 7417 4582 4584)
6(4447 4586 9902 7452 4584 4862)
6(4449 4588 7488 5038 4828 4587)
6(4451 4590 7523 5073 4587 4589)
6(4453 4592 7558 5108 4589 4591)
6(4455 4594 7593 5143 4591 4593)
6(4457 4596 7628 5178 4593 4595)
6(4459 4598 7663 5213 4595 4597)
6(4461 4600 7698 5248 4597 4599)
6(4463 4602 7733 5283 4599 4601)
6(4465 4604 7768 5318 4601 4603)
6(4467 4606 7803 5353 4603 4605)
6(4469 4608 7838 5388 4605 4607)
6(4471 4610 7873 5423 4607 4609)
6(4473 4612 7908 5458 4609 4611)
6(4475 4614 7943 5493 4611 4613)
6(4477 4616 7978 5528 4613 4615)
6(4479 4618 8013 5563 4615 4617)
6(4481 4620 8048 5598 4617 4619)
6(4483 4622 8083 5633 4619 4621)
6(4485 4624 8118 5668 4621 4623)
6(4487 4626 8153 5703 4623 4625)
6(4489 4628 8188 5738 4625 4627)
6(4491 4630 8223 5773 4627 4629)
6(4493 4632 8258 5808 4629 4631)
6(4495 4634 8293 5843 4631 4633)
6(4497 4636 8328 5878 4633 4635)
6(4499 4638 8363 5913 4635 4637)
6(4501 4640 8398 5948 4637 4639)
6(4503 4642 8433 5983 4639 4641)
6(4505 4644 8468 6018 4641 4643)
6(4507 4646 8503 6053 4643 4645)
6(4509 4648 8538 6088 4645 4647)
6(4511 4650 8573 6123 4647 4649)
6(4513 4652 8608 6158 4649 4651)
6(4515 4654 8643 6193 4651 4653)
6(4517 4656 8678 6228 4653 4655)
6(4519 4658 8713 6263 4655 4657)
6(4521 4660 8748 6298 4657 4659)
6(4523 4662 8783 6333 4659 4661)
6(4525 4664 8818 6368 4661 4663)
6(4527 4666 8853 6403 4663 4665)
6(4529 4668 8888 6438 4665 4667)
6(4531 4670 8923 6473 4667 4669)
6(4533 4672 8958 6508 4669 4671)
6(4535 4674 8993 6543 4671 4673)
6(4537 4676 9028 6578 4673 4675)
6(4539 4678 9063 6613 4675 4677)
6(4541 4680 9098 6648 4677 4679)
6(4543 4682 9133 6683 4679 4681)
6(4545 4684 9168 6718 4681 4683)
6(4547 4686 9203 6753 4683 4685)
6(4549 4688 9238 6788 4685 4687)
6(4551 4690 9273 6823 4687 4689)
6(4553 4692 9308 6858 4689 4691)
6(4555 4694 9343 6893 4691 4693)
6(4557 4696 9378 6928 4693 4695)
6(4559 4698 9413 6963 4695 4697)
6(4561 4700 9448 6998 4697 4699)
6(4563 4702 9483 7033 4699 4701)
6(4565 4704 9518 7068 4701 4703)
6(4567 4706 9553 7103 4703 4705)
6(4569 4708 9588 7138 4705 4707)
6(4571 4710 9623 7173 4707 4709)
6(4573 4712 9658 7208 4709 4711)
6(4575 4714 9693 7243 4711 4713)
6(4577 4716 9728 7278 4713 4715)
6(4579 4718 9763 7313 4715 4717)
6(4581 4720 9798 7348 4717 4719)
6(4583 4722 9833 7383 4719 4721)
6(4585 4724 9868 7418 4721 4723)
6(4586 4725 9903 7453 4723 4863)
6(4588 4865 7489 5039 4829 4726)
6(4590 4866 7524 5074 4726 4727)
6(4592 4867 7559 5109 4727 4728)
6(4594 4868 7594 5144 4728 4729)
6(4596 4869 7629 5179 4729 4730)
6(4598 4870 7664 5214 4730 4731)
6(4600 4871 7699 5249 4731 4732)
6(4602 4872 7734 5284 4732 4733)
6(4604 4873 7769 5319 4733 4734)
6(4606 4874 7804 5354 4734 4735)
6(4608 4875 7839 5389 4735 4736)
6(4610 4876 7874 5424 4736 4737)
6(4612 4877 7909 5459 4737 4738)
6(4614 4878 7944 5494 4738 4739)
6(4616 4879 7979 5529 4739 4740)
6(4618 4880 8014 5564 4740 4741)
6(4620 4881 8049 5599 4741 4742)
6(4622 4882 8084 5634 4742 4743)
6(4624 4883 8119 5669 4743 4744)
6(4626 4884 8154 5704 4744 4745)
6(4628 4885 8189 5739 4745 4746)
6(4630 4886 8224 5774 4746 4747)
6(4632 4887 8259 5809 4747 4748)
6(4634 4888 8294 5844 4748 4749)
6(4636 4889 8329 5879 4749 4750)
6(4638 4890 8364 5914 4750 4751)
6(4640 4891 8399 5949 4751 4752)
6(4642 4892 8434 5984 4752 4753)
6(4644 4893 8469 6019 4753 4754)
6(4646 4894 8504 6054 4754 4755)
6(4648 4895 8539 6089 4755 4756)
6(4650 4896 8574 6124 4756 4757)
6(4652 4897 8609 6159 4757 4758)
6(4654 4898 8644 6194 4758 4759)
6(4656 4899 8679 6229 4759 4760)
6(4658 4900 8714 6264 4760 4761)
6(4660 4901 8749 6299 4761 4762)
6(4662 4902 8784 6334 4762 4763)
6(4664 4903 8819 6369 4763 4764)
6(4666 4904 8854 6404 4764 4765)
6(4668 4905 8889 6439 4765 4766)
6(4670 4906 8924 6474 4766 4767)
6(4672 4907 8959 6509 4767 4768)
6(4674 4908 8994 6544 4768 4769)
6(4676 4909 9029 6579 4769 4770)
6(4678 4910 9064 6614 4770 4771)
6(4680 4911 9099 6649 4771 4772)
6(4682 4912 9134 6684 4772 4773)
6(4684 4913 9169 6719 4773 4774)
6(4686 4914 9204 6754 4774 4775)
6(4688 4915 9239 6789 4775 4776)
6(4690 4916 9274 6824 4776 4777)
6(4692 4917 9309 6859 4777 4778)
6(4694 4918 9344 6894 4778 4779)
6(4696 4919 9379 6929 4779 4780)
6(4698 4920 9414 6964 4780 4781)
6(4700 4921 9449 6999 4781 4782)
6(4702 4922 9484 7034 4782 4783)
6(4704 4923 9519 7069 4783 4784)
6(4706 4924 9554 7104 4784 4785)
6(4708 4925 9589 7139 4785 4786)
6(4710 4926 9624 7174 4786 4787)
6(4712 4927 9659 7209 4787 4788)
6(4714 4928 9694 7244 4788 4789)
6(4716 4929 9729 7279 4789 4790)
6(4718 4930 9764 7314 4790 4791)
6(4720 4931 9799 7349 4791 4792)
6(4722 4932 9834 7384 4792 4793)
6(4724 4933 9869 7419 4793 4794)
6(4725 4934 9904 7454 4794 4864)
)


// ************************************************************************* //
