/*---------------------------------------------------------------------------*\
| =========                 |                                                 |
| \\      /  F ield         | OpenFOAM: The Open Source CFD Toolbox           |
|  \\    /   O peration     | Version:  1.2                                   |
|   \\  /    A nd           | Web:      http://www.openfoam.org               |
|    \\/     M anipulation  |                                                 |
\*---------------------------------------------------------------------------*/

FoamFile
{
    version 2.0;
    format ascii;

    root "/home/dm2/henry/OpenFOAM/OpenFOAM-1.2/tutorials/XiFoam";
    case "moriyoshiHomogeneous";
    instance ""constant"";
    local "polyMesh";

    class vectorField;
    object points;
}

// * * * * * * * * * * * * * * * * * * * * * * * * * * * * * * * * * * * * * //


5112
(
(0 0 0)
(0.001 0 0)
(0.002 0 0)
(0.003 0 0)
(0.004 0 0)
(0.005 0 0)
(0.006 0 0)
(0.007 0 0)
(0.008 0 0)
(0.009 0 0)
(0.01 0 0)
(0.011 0 0)
(0.012 0 0)
(0.013 0 0)
(0.014 0 0)
(0.015 0 0)
(0.016 0 0)
(0.017 0 0)
(0.018 0 0)
(0.019 0 0)
(0.02 0 0)
(0.021 0 0)
(0.022 0 0)
(0.023 0 0)
(0.024 0 0)
(0.025 0 0)
(0.026 0 0)
(0.027 0 0)
(0.028 0 0)
(0.029 0 0)
(0.03 0 0)
(0.031 0 0)
(0.032 0 0)
(0.033 0 0)
(0.034 0 0)
(0.035 0 0)
(0.036 0 0)
(0.037 0 0)
(0.038 0 0)
(0.039 0 0)
(0.04 0 0)
(0.041 0 0)
(0.042 0 0)
(0.043 0 0)
(0.044 0 0)
(0.045 0 0)
(0.046 0 0)
(0.047 0 0)
(0.048 0 0)
(0.049 0 0)
(0.05 0 0)
(0.051 0 0)
(0.052 0 0)
(0.053 0 0)
(0.054 0 0)
(0.055 0 0)
(0.056 0 0)
(0.057 0 0)
(0.058 0 0)
(0.059 0 0)
(0.06 0 0)
(0.061 0 0)
(0.062 0 0)
(0.063 0 0)
(0.064 0 0)
(0.065 0 0)
(0.066 0 0)
(0.067 0 0)
(0.068 0 0)
(0.069 0 0)
(0.07 0 0)
(0 0.001 0)
(0.001 0.001 0)
(0.002 0.001 0)
(0.003 0.001 0)
(0.004 0.001 0)
(0.005 0.001 0)
(0.006 0.001 0)
(0.007 0.001 0)
(0.008 0.001 0)
(0.009 0.001 0)
(0.01 0.001 0)
(0.011 0.001 0)
(0.012 0.001 0)
(0.013 0.001 0)
(0.014 0.001 0)
(0.015 0.001 0)
(0.016 0.001 0)
(0.017 0.001 0)
(0.018 0.001 0)
(0.019 0.001 0)
(0.02 0.001 0)
(0.021 0.001 0)
(0.022 0.001 0)
(0.023 0.001 0)
(0.024 0.001 0)
(0.025 0.001 0)
(0.026 0.001 0)
(0.027 0.001 0)
(0.028 0.001 0)
(0.029 0.001 0)
(0.03 0.001 0)
(0.031 0.001 0)
(0.032 0.001 0)
(0.033 0.001 0)
(0.034 0.001 0)
(0.035 0.001 0)
(0.036 0.001 0)
(0.037 0.001 0)
(0.038 0.001 0)
(0.039 0.001 0)
(0.04 0.001 0)
(0.041 0.001 0)
(0.042 0.001 0)
(0.043 0.001 0)
(0.044 0.001 0)
(0.045 0.001 0)
(0.046 0.001 0)
(0.047 0.001 0)
(0.048 0.001 0)
(0.049 0.001 0)
(0.05 0.001 0)
(0.051 0.001 0)
(0.052 0.001 0)
(0.053 0.001 0)
(0.054 0.001 0)
(0.055 0.001 0)
(0.056 0.001 0)
(0.057 0.001 0)
(0.058 0.001 0)
(0.059 0.001 0)
(0.06 0.001 0)
(0.061 0.001 0)
(0.062 0.001 0)
(0.063 0.001 0)
(0.064 0.001 0)
(0.065 0.001 0)
(0.066 0.001 0)
(0.067 0.001 0)
(0.068 0.001 0)
(0.069 0.001 0)
(0.07 0.001 0)
(0 0.002 0)
(0.001 0.002 0)
(0.002 0.002 0)
(0.003 0.002 0)
(0.004 0.002 0)
(0.005 0.002 0)
(0.006 0.002 0)
(0.007 0.002 0)
(0.008 0.002 0)
(0.009 0.002 0)
(0.01 0.002 0)
(0.011 0.002 0)
(0.012 0.002 0)
(0.013 0.002 0)
(0.014 0.002 0)
(0.015 0.002 0)
(0.016 0.002 0)
(0.017 0.002 0)
(0.018 0.002 0)
(0.019 0.002 0)
(0.02 0.002 0)
(0.021 0.002 0)
(0.022 0.002 0)
(0.023 0.002 0)
(0.024 0.002 0)
(0.025 0.002 0)
(0.026 0.002 0)
(0.027 0.002 0)
(0.028 0.002 0)
(0.029 0.002 0)
(0.03 0.002 0)
(0.031 0.002 0)
(0.032 0.002 0)
(0.033 0.002 0)
(0.034 0.002 0)
(0.035 0.002 0)
(0.036 0.002 0)
(0.037 0.002 0)
(0.038 0.002 0)
(0.039 0.002 0)
(0.04 0.002 0)
(0.041 0.002 0)
(0.042 0.002 0)
(0.043 0.002 0)
(0.044 0.002 0)
(0.045 0.002 0)
(0.046 0.002 0)
(0.047 0.002 0)
(0.048 0.002 0)
(0.049 0.002 0)
(0.05 0.002 0)
(0.051 0.002 0)
(0.052 0.002 0)
(0.053 0.002 0)
(0.054 0.002 0)
(0.055 0.002 0)
(0.056 0.002 0)
(0.057 0.002 0)
(0.058 0.002 0)
(0.059 0.002 0)
(0.06 0.002 0)
(0.061 0.002 0)
(0.062 0.002 0)
(0.063 0.002 0)
(0.064 0.002 0)
(0.065 0.002 0)
(0.066 0.002 0)
(0.067 0.002 0)
(0.068 0.002 0)
(0.069 0.002 0)
(0.07 0.002 0)
(0 0.003 0)
(0.001 0.003 0)
(0.002 0.003 0)
(0.003 0.003 0)
(0.004 0.003 0)
(0.005 0.003 0)
(0.006 0.003 0)
(0.007 0.003 0)
(0.008 0.003 0)
(0.009 0.003 0)
(0.01 0.003 0)
(0.011 0.003 0)
(0.012 0.003 0)
(0.013 0.003 0)
(0.014 0.003 0)
(0.015 0.003 0)
(0.016 0.003 0)
(0.017 0.003 0)
(0.018 0.003 0)
(0.019 0.003 0)
(0.02 0.003 0)
(0.021 0.003 0)
(0.022 0.003 0)
(0.023 0.003 0)
(0.024 0.003 0)
(0.025 0.003 0)
(0.026 0.003 0)
(0.027 0.003 0)
(0.028 0.003 0)
(0.029 0.003 0)
(0.03 0.003 0)
(0.031 0.003 0)
(0.032 0.003 0)
(0.033 0.003 0)
(0.034 0.003 0)
(0.035 0.003 0)
(0.036 0.003 0)
(0.037 0.003 0)
(0.038 0.003 0)
(0.039 0.003 0)
(0.04 0.003 0)
(0.041 0.003 0)
(0.042 0.003 0)
(0.043 0.003 0)
(0.044 0.003 0)
(0.045 0.003 0)
(0.046 0.003 0)
(0.047 0.003 0)
(0.048 0.003 0)
(0.049 0.003 0)
(0.05 0.003 0)
(0.051 0.003 0)
(0.052 0.003 0)
(0.053 0.003 0)
(0.054 0.003 0)
(0.055 0.003 0)
(0.056 0.003 0)
(0.057 0.003 0)
(0.058 0.003 0)
(0.059 0.003 0)
(0.06 0.003 0)
(0.061 0.003 0)
(0.062 0.003 0)
(0.063 0.003 0)
(0.064 0.003 0)
(0.065 0.003 0)
(0.066 0.003 0)
(0.067 0.003 0)
(0.068 0.003 0)
(0.069 0.003 0)
(0.07 0.003 0)
(0 0.004 0)
(0.001 0.004 0)
(0.002 0.004 0)
(0.003 0.004 0)
(0.004 0.004 0)
(0.005 0.004 0)
(0.006 0.004 0)
(0.007 0.004 0)
(0.008 0.004 0)
(0.009 0.004 0)
(0.01 0.004 0)
(0.011 0.004 0)
(0.012 0.004 0)
(0.013 0.004 0)
(0.014 0.004 0)
(0.015 0.004 0)
(0.016 0.004 0)
(0.017 0.004 0)
(0.018 0.004 0)
(0.019 0.004 0)
(0.02 0.004 0)
(0.021 0.004 0)
(0.022 0.004 0)
(0.023 0.004 0)
(0.024 0.004 0)
(0.025 0.004 0)
(0.026 0.004 0)
(0.027 0.004 0)
(0.028 0.004 0)
(0.029 0.004 0)
(0.03 0.004 0)
(0.031 0.004 0)
(0.032 0.004 0)
(0.033 0.004 0)
(0.034 0.004 0)
(0.035 0.004 0)
(0.036 0.004 0)
(0.037 0.004 0)
(0.038 0.004 0)
(0.039 0.004 0)
(0.04 0.004 0)
(0.041 0.004 0)
(0.042 0.004 0)
(0.043 0.004 0)
(0.044 0.004 0)
(0.045 0.004 0)
(0.046 0.004 0)
(0.047 0.004 0)
(0.048 0.004 0)
(0.049 0.004 0)
(0.05 0.004 0)
(0.051 0.004 0)
(0.052 0.004 0)
(0.053 0.004 0)
(0.054 0.004 0)
(0.055 0.004 0)
(0.056 0.004 0)
(0.057 0.004 0)
(0.058 0.004 0)
(0.059 0.004 0)
(0.06 0.004 0)
(0.061 0.004 0)
(0.062 0.004 0)
(0.063 0.004 0)
(0.064 0.004 0)
(0.065 0.004 0)
(0.066 0.004 0)
(0.067 0.004 0)
(0.068 0.004 0)
(0.069 0.004 0)
(0.07 0.004 0)
(0 0.005 0)
(0.001 0.005 0)
(0.002 0.005 0)
(0.003 0.005 0)
(0.004 0.005 0)
(0.005 0.005 0)
(0.006 0.005 0)
(0.007 0.005 0)
(0.008 0.005 0)
(0.009 0.005 0)
(0.01 0.005 0)
(0.011 0.005 0)
(0.012 0.005 0)
(0.013 0.005 0)
(0.014 0.005 0)
(0.015 0.005 0)
(0.016 0.005 0)
(0.017 0.005 0)
(0.018 0.005 0)
(0.019 0.005 0)
(0.02 0.005 0)
(0.021 0.005 0)
(0.022 0.005 0)
(0.023 0.005 0)
(0.024 0.005 0)
(0.025 0.005 0)
(0.026 0.005 0)
(0.027 0.005 0)
(0.028 0.005 0)
(0.029 0.005 0)
(0.03 0.005 0)
(0.031 0.005 0)
(0.032 0.005 0)
(0.033 0.005 0)
(0.034 0.005 0)
(0.035 0.005 0)
(0.036 0.005 0)
(0.037 0.005 0)
(0.038 0.005 0)
(0.039 0.005 0)
(0.04 0.005 0)
(0.041 0.005 0)
(0.042 0.005 0)
(0.043 0.005 0)
(0.044 0.005 0)
(0.045 0.005 0)
(0.046 0.005 0)
(0.047 0.005 0)
(0.048 0.005 0)
(0.049 0.005 0)
(0.05 0.005 0)
(0.051 0.005 0)
(0.052 0.005 0)
(0.053 0.005 0)
(0.054 0.005 0)
(0.055 0.005 0)
(0.056 0.005 0)
(0.057 0.005 0)
(0.058 0.005 0)
(0.059 0.005 0)
(0.06 0.005 0)
(0.061 0.005 0)
(0.062 0.005 0)
(0.063 0.005 0)
(0.064 0.005 0)
(0.065 0.005 0)
(0.066 0.005 0)
(0.067 0.005 0)
(0.068 0.005 0)
(0.069 0.005 0)
(0.07 0.005 0)
(0 0.006 0)
(0.001 0.006 0)
(0.002 0.006 0)
(0.003 0.006 0)
(0.004 0.006 0)
(0.005 0.006 0)
(0.006 0.006 0)
(0.007 0.006 0)
(0.008 0.006 0)
(0.009 0.006 0)
(0.01 0.006 0)
(0.011 0.006 0)
(0.012 0.006 0)
(0.013 0.006 0)
(0.014 0.006 0)
(0.015 0.006 0)
(0.016 0.006 0)
(0.017 0.006 0)
(0.018 0.006 0)
(0.019 0.006 0)
(0.02 0.006 0)
(0.021 0.006 0)
(0.022 0.006 0)
(0.023 0.006 0)
(0.024 0.006 0)
(0.025 0.006 0)
(0.026 0.006 0)
(0.027 0.006 0)
(0.028 0.006 0)
(0.029 0.006 0)
(0.03 0.006 0)
(0.031 0.006 0)
(0.032 0.006 0)
(0.033 0.006 0)
(0.034 0.006 0)
(0.035 0.006 0)
(0.036 0.006 0)
(0.037 0.006 0)
(0.038 0.006 0)
(0.039 0.006 0)
(0.04 0.006 0)
(0.041 0.006 0)
(0.042 0.006 0)
(0.043 0.006 0)
(0.044 0.006 0)
(0.045 0.006 0)
(0.046 0.006 0)
(0.047 0.006 0)
(0.048 0.006 0)
(0.049 0.006 0)
(0.05 0.006 0)
(0.051 0.006 0)
(0.052 0.006 0)
(0.053 0.006 0)
(0.054 0.006 0)
(0.055 0.006 0)
(0.056 0.006 0)
(0.057 0.006 0)
(0.058 0.006 0)
(0.059 0.006 0)
(0.06 0.006 0)
(0.061 0.006 0)
(0.062 0.006 0)
(0.063 0.006 0)
(0.064 0.006 0)
(0.065 0.006 0)
(0.066 0.006 0)
(0.067 0.006 0)
(0.068 0.006 0)
(0.069 0.006 0)
(0.07 0.006 0)
(0 0.007 0)
(0.001 0.007 0)
(0.002 0.007 0)
(0.003 0.007 0)
(0.004 0.007 0)
(0.005 0.007 0)
(0.006 0.007 0)
(0.007 0.007 0)
(0.008 0.007 0)
(0.009 0.007 0)
(0.01 0.007 0)
(0.011 0.007 0)
(0.012 0.007 0)
(0.013 0.007 0)
(0.014 0.007 0)
(0.015 0.007 0)
(0.016 0.007 0)
(0.017 0.007 0)
(0.018 0.007 0)
(0.019 0.007 0)
(0.02 0.007 0)
(0.021 0.007 0)
(0.022 0.007 0)
(0.023 0.007 0)
(0.024 0.007 0)
(0.025 0.007 0)
(0.026 0.007 0)
(0.027 0.007 0)
(0.028 0.007 0)
(0.029 0.007 0)
(0.03 0.007 0)
(0.031 0.007 0)
(0.032 0.007 0)
(0.033 0.007 0)
(0.034 0.007 0)
(0.035 0.007 0)
(0.036 0.007 0)
(0.037 0.007 0)
(0.038 0.007 0)
(0.039 0.007 0)
(0.04 0.007 0)
(0.041 0.007 0)
(0.042 0.007 0)
(0.043 0.007 0)
(0.044 0.007 0)
(0.045 0.007 0)
(0.046 0.007 0)
(0.047 0.007 0)
(0.048 0.007 0)
(0.049 0.007 0)
(0.05 0.007 0)
(0.051 0.007 0)
(0.052 0.007 0)
(0.053 0.007 0)
(0.054 0.007 0)
(0.055 0.007 0)
(0.056 0.007 0)
(0.057 0.007 0)
(0.058 0.007 0)
(0.059 0.007 0)
(0.06 0.007 0)
(0.061 0.007 0)
(0.062 0.007 0)
(0.063 0.007 0)
(0.064 0.007 0)
(0.065 0.007 0)
(0.066 0.007 0)
(0.067 0.007 0)
(0.068 0.007 0)
(0.069 0.007 0)
(0.07 0.007 0)
(0 0.008 0)
(0.001 0.008 0)
(0.002 0.008 0)
(0.003 0.008 0)
(0.004 0.008 0)
(0.005 0.008 0)
(0.006 0.008 0)
(0.007 0.008 0)
(0.008 0.008 0)
(0.009 0.008 0)
(0.01 0.008 0)
(0.011 0.008 0)
(0.012 0.008 0)
(0.013 0.008 0)
(0.014 0.008 0)
(0.015 0.008 0)
(0.016 0.008 0)
(0.017 0.008 0)
(0.018 0.008 0)
(0.019 0.008 0)
(0.02 0.008 0)
(0.021 0.008 0)
(0.022 0.008 0)
(0.023 0.008 0)
(0.024 0.008 0)
(0.025 0.008 0)
(0.026 0.008 0)
(0.027 0.008 0)
(0.028 0.008 0)
(0.029 0.008 0)
(0.03 0.008 0)
(0.031 0.008 0)
(0.032 0.008 0)
(0.033 0.008 0)
(0.034 0.008 0)
(0.035 0.008 0)
(0.036 0.008 0)
(0.037 0.008 0)
(0.038 0.008 0)
(0.039 0.008 0)
(0.04 0.008 0)
(0.041 0.008 0)
(0.042 0.008 0)
(0.043 0.008 0)
(0.044 0.008 0)
(0.045 0.008 0)
(0.046 0.008 0)
(0.047 0.008 0)
(0.048 0.008 0)
(0.049 0.008 0)
(0.05 0.008 0)
(0.051 0.008 0)
(0.052 0.008 0)
(0.053 0.008 0)
(0.054 0.008 0)
(0.055 0.008 0)
(0.056 0.008 0)
(0.057 0.008 0)
(0.058 0.008 0)
(0.059 0.008 0)
(0.06 0.008 0)
(0.061 0.008 0)
(0.062 0.008 0)
(0.063 0.008 0)
(0.064 0.008 0)
(0.065 0.008 0)
(0.066 0.008 0)
(0.067 0.008 0)
(0.068 0.008 0)
(0.069 0.008 0)
(0.07 0.008 0)
(0 0.009 0)
(0.001 0.009 0)
(0.002 0.009 0)
(0.003 0.009 0)
(0.004 0.009 0)
(0.005 0.009 0)
(0.006 0.009 0)
(0.007 0.009 0)
(0.008 0.009 0)
(0.009 0.009 0)
(0.01 0.009 0)
(0.011 0.009 0)
(0.012 0.009 0)
(0.013 0.009 0)
(0.014 0.009 0)
(0.015 0.009 0)
(0.016 0.009 0)
(0.017 0.009 0)
(0.018 0.009 0)
(0.019 0.009 0)
(0.02 0.009 0)
(0.021 0.009 0)
(0.022 0.009 0)
(0.023 0.009 0)
(0.024 0.009 0)
(0.025 0.009 0)
(0.026 0.009 0)
(0.027 0.009 0)
(0.028 0.009 0)
(0.029 0.009 0)
(0.03 0.009 0)
(0.031 0.009 0)
(0.032 0.009 0)
(0.033 0.009 0)
(0.034 0.009 0)
(0.035 0.009 0)
(0.036 0.009 0)
(0.037 0.009 0)
(0.038 0.009 0)
(0.039 0.009 0)
(0.04 0.009 0)
(0.041 0.009 0)
(0.042 0.009 0)
(0.043 0.009 0)
(0.044 0.009 0)
(0.045 0.009 0)
(0.046 0.009 0)
(0.047 0.009 0)
(0.048 0.009 0)
(0.049 0.009 0)
(0.05 0.009 0)
(0.051 0.009 0)
(0.052 0.009 0)
(0.053 0.009 0)
(0.054 0.009 0)
(0.055 0.009 0)
(0.056 0.009 0)
(0.057 0.009 0)
(0.058 0.009 0)
(0.059 0.009 0)
(0.06 0.009 0)
(0.061 0.009 0)
(0.062 0.009 0)
(0.063 0.009 0)
(0.064 0.009 0)
(0.065 0.009 0)
(0.066 0.009 0)
(0.067 0.009 0)
(0.068 0.009 0)
(0.069 0.009 0)
(0.07 0.009 0)
(0 0.01 0)
(0.001 0.01 0)
(0.002 0.01 0)
(0.003 0.01 0)
(0.004 0.01 0)
(0.005 0.01 0)
(0.006 0.01 0)
(0.007 0.01 0)
(0.008 0.01 0)
(0.009 0.01 0)
(0.01 0.01 0)
(0.011 0.01 0)
(0.012 0.01 0)
(0.013 0.01 0)
(0.014 0.01 0)
(0.015 0.01 0)
(0.016 0.01 0)
(0.017 0.01 0)
(0.018 0.01 0)
(0.019 0.01 0)
(0.02 0.01 0)
(0.021 0.01 0)
(0.022 0.01 0)
(0.023 0.01 0)
(0.024 0.01 0)
(0.025 0.01 0)
(0.026 0.01 0)
(0.027 0.01 0)
(0.028 0.01 0)
(0.029 0.01 0)
(0.03 0.01 0)
(0.031 0.01 0)
(0.032 0.01 0)
(0.033 0.01 0)
(0.034 0.01 0)
(0.035 0.01 0)
(0.036 0.01 0)
(0.037 0.01 0)
(0.038 0.01 0)
(0.039 0.01 0)
(0.04 0.01 0)
(0.041 0.01 0)
(0.042 0.01 0)
(0.043 0.01 0)
(0.044 0.01 0)
(0.045 0.01 0)
(0.046 0.01 0)
(0.047 0.01 0)
(0.048 0.01 0)
(0.049 0.01 0)
(0.05 0.01 0)
(0.051 0.01 0)
(0.052 0.01 0)
(0.053 0.01 0)
(0.054 0.01 0)
(0.055 0.01 0)
(0.056 0.01 0)
(0.057 0.01 0)
(0.058 0.01 0)
(0.059 0.01 0)
(0.06 0.01 0)
(0.061 0.01 0)
(0.062 0.01 0)
(0.063 0.01 0)
(0.064 0.01 0)
(0.065 0.01 0)
(0.066 0.01 0)
(0.067 0.01 0)
(0.068 0.01 0)
(0.069 0.01 0)
(0.07 0.01 0)
(0 0.011 0)
(0.001 0.011 0)
(0.002 0.011 0)
(0.003 0.011 0)
(0.004 0.011 0)
(0.005 0.011 0)
(0.006 0.011 0)
(0.007 0.011 0)
(0.008 0.011 0)
(0.009 0.011 0)
(0.01 0.011 0)
(0.011 0.011 0)
(0.012 0.011 0)
(0.013 0.011 0)
(0.014 0.011 0)
(0.015 0.011 0)
(0.016 0.011 0)
(0.017 0.011 0)
(0.018 0.011 0)
(0.019 0.011 0)
(0.02 0.011 0)
(0.021 0.011 0)
(0.022 0.011 0)
(0.023 0.011 0)
(0.024 0.011 0)
(0.025 0.011 0)
(0.026 0.011 0)
(0.027 0.011 0)
(0.028 0.011 0)
(0.029 0.011 0)
(0.03 0.011 0)
(0.031 0.011 0)
(0.032 0.011 0)
(0.033 0.011 0)
(0.034 0.011 0)
(0.035 0.011 0)
(0.036 0.011 0)
(0.037 0.011 0)
(0.038 0.011 0)
(0.039 0.011 0)
(0.04 0.011 0)
(0.041 0.011 0)
(0.042 0.011 0)
(0.043 0.011 0)
(0.044 0.011 0)
(0.045 0.011 0)
(0.046 0.011 0)
(0.047 0.011 0)
(0.048 0.011 0)
(0.049 0.011 0)
(0.05 0.011 0)
(0.051 0.011 0)
(0.052 0.011 0)
(0.053 0.011 0)
(0.054 0.011 0)
(0.055 0.011 0)
(0.056 0.011 0)
(0.057 0.011 0)
(0.058 0.011 0)
(0.059 0.011 0)
(0.06 0.011 0)
(0.061 0.011 0)
(0.062 0.011 0)
(0.063 0.011 0)
(0.064 0.011 0)
(0.065 0.011 0)
(0.066 0.011 0)
(0.067 0.011 0)
(0.068 0.011 0)
(0.069 0.011 0)
(0.07 0.011 0)
(0 0.012 0)
(0.001 0.012 0)
(0.002 0.012 0)
(0.003 0.012 0)
(0.004 0.012 0)
(0.005 0.012 0)
(0.006 0.012 0)
(0.007 0.012 0)
(0.008 0.012 0)
(0.009 0.012 0)
(0.01 0.012 0)
(0.011 0.012 0)
(0.012 0.012 0)
(0.013 0.012 0)
(0.014 0.012 0)
(0.015 0.012 0)
(0.016 0.012 0)
(0.017 0.012 0)
(0.018 0.012 0)
(0.019 0.012 0)
(0.02 0.012 0)
(0.021 0.012 0)
(0.022 0.012 0)
(0.023 0.012 0)
(0.024 0.012 0)
(0.025 0.012 0)
(0.026 0.012 0)
(0.027 0.012 0)
(0.028 0.012 0)
(0.029 0.012 0)
(0.03 0.012 0)
(0.031 0.012 0)
(0.032 0.012 0)
(0.033 0.012 0)
(0.034 0.012 0)
(0.035 0.012 0)
(0.036 0.012 0)
(0.037 0.012 0)
(0.038 0.012 0)
(0.039 0.012 0)
(0.04 0.012 0)
(0.041 0.012 0)
(0.042 0.012 0)
(0.043 0.012 0)
(0.044 0.012 0)
(0.045 0.012 0)
(0.046 0.012 0)
(0.047 0.012 0)
(0.048 0.012 0)
(0.049 0.012 0)
(0.05 0.012 0)
(0.051 0.012 0)
(0.052 0.012 0)
(0.053 0.012 0)
(0.054 0.012 0)
(0.055 0.012 0)
(0.056 0.012 0)
(0.057 0.012 0)
(0.058 0.012 0)
(0.059 0.012 0)
(0.06 0.012 0)
(0.061 0.012 0)
(0.062 0.012 0)
(0.063 0.012 0)
(0.064 0.012 0)
(0.065 0.012 0)
(0.066 0.012 0)
(0.067 0.012 0)
(0.068 0.012 0)
(0.069 0.012 0)
(0.07 0.012 0)
(0 0.013 0)
(0.001 0.013 0)
(0.002 0.013 0)
(0.003 0.013 0)
(0.004 0.013 0)
(0.005 0.013 0)
(0.006 0.013 0)
(0.007 0.013 0)
(0.008 0.013 0)
(0.009 0.013 0)
(0.01 0.013 0)
(0.011 0.013 0)
(0.012 0.013 0)
(0.013 0.013 0)
(0.014 0.013 0)
(0.015 0.013 0)
(0.016 0.013 0)
(0.017 0.013 0)
(0.018 0.013 0)
(0.019 0.013 0)
(0.02 0.013 0)
(0.021 0.013 0)
(0.022 0.013 0)
(0.023 0.013 0)
(0.024 0.013 0)
(0.025 0.013 0)
(0.026 0.013 0)
(0.027 0.013 0)
(0.028 0.013 0)
(0.029 0.013 0)
(0.03 0.013 0)
(0.031 0.013 0)
(0.032 0.013 0)
(0.033 0.013 0)
(0.034 0.013 0)
(0.035 0.013 0)
(0.036 0.013 0)
(0.037 0.013 0)
(0.038 0.013 0)
(0.039 0.013 0)
(0.04 0.013 0)
(0.041 0.013 0)
(0.042 0.013 0)
(0.043 0.013 0)
(0.044 0.013 0)
(0.045 0.013 0)
(0.046 0.013 0)
(0.047 0.013 0)
(0.048 0.013 0)
(0.049 0.013 0)
(0.05 0.013 0)
(0.051 0.013 0)
(0.052 0.013 0)
(0.053 0.013 0)
(0.054 0.013 0)
(0.055 0.013 0)
(0.056 0.013 0)
(0.057 0.013 0)
(0.058 0.013 0)
(0.059 0.013 0)
(0.06 0.013 0)
(0.061 0.013 0)
(0.062 0.013 0)
(0.063 0.013 0)
(0.064 0.013 0)
(0.065 0.013 0)
(0.066 0.013 0)
(0.067 0.013 0)
(0.068 0.013 0)
(0.069 0.013 0)
(0.07 0.013 0)
(0 0.014 0)
(0.001 0.014 0)
(0.002 0.014 0)
(0.003 0.014 0)
(0.004 0.014 0)
(0.005 0.014 0)
(0.006 0.014 0)
(0.007 0.014 0)
(0.008 0.014 0)
(0.009 0.014 0)
(0.01 0.014 0)
(0.011 0.014 0)
(0.012 0.014 0)
(0.013 0.014 0)
(0.014 0.014 0)
(0.015 0.014 0)
(0.016 0.014 0)
(0.017 0.014 0)
(0.018 0.014 0)
(0.019 0.014 0)
(0.02 0.014 0)
(0.021 0.014 0)
(0.022 0.014 0)
(0.023 0.014 0)
(0.024 0.014 0)
(0.025 0.014 0)
(0.026 0.014 0)
(0.027 0.014 0)
(0.028 0.014 0)
(0.029 0.014 0)
(0.03 0.014 0)
(0.031 0.014 0)
(0.032 0.014 0)
(0.033 0.014 0)
(0.034 0.014 0)
(0.035 0.014 0)
(0.036 0.014 0)
(0.037 0.014 0)
(0.038 0.014 0)
(0.039 0.014 0)
(0.04 0.014 0)
(0.041 0.014 0)
(0.042 0.014 0)
(0.043 0.014 0)
(0.044 0.014 0)
(0.045 0.014 0)
(0.046 0.014 0)
(0.047 0.014 0)
(0.048 0.014 0)
(0.049 0.014 0)
(0.05 0.014 0)
(0.051 0.014 0)
(0.052 0.014 0)
(0.053 0.014 0)
(0.054 0.014 0)
(0.055 0.014 0)
(0.056 0.014 0)
(0.057 0.014 0)
(0.058 0.014 0)
(0.059 0.014 0)
(0.06 0.014 0)
(0.061 0.014 0)
(0.062 0.014 0)
(0.063 0.014 0)
(0.064 0.014 0)
(0.065 0.014 0)
(0.066 0.014 0)
(0.067 0.014 0)
(0.068 0.014 0)
(0.069 0.014 0)
(0.07 0.014 0)
(0 0.015 0)
(0.001 0.015 0)
(0.002 0.015 0)
(0.003 0.015 0)
(0.004 0.015 0)
(0.005 0.015 0)
(0.006 0.015 0)
(0.007 0.015 0)
(0.008 0.015 0)
(0.009 0.015 0)
(0.01 0.015 0)
(0.011 0.015 0)
(0.012 0.015 0)
(0.013 0.015 0)
(0.014 0.015 0)
(0.015 0.015 0)
(0.016 0.015 0)
(0.017 0.015 0)
(0.018 0.015 0)
(0.019 0.015 0)
(0.02 0.015 0)
(0.021 0.015 0)
(0.022 0.015 0)
(0.023 0.015 0)
(0.024 0.015 0)
(0.025 0.015 0)
(0.026 0.015 0)
(0.027 0.015 0)
(0.028 0.015 0)
(0.029 0.015 0)
(0.03 0.015 0)
(0.031 0.015 0)
(0.032 0.015 0)
(0.033 0.015 0)
(0.034 0.015 0)
(0.035 0.015 0)
(0.036 0.015 0)
(0.037 0.015 0)
(0.038 0.015 0)
(0.039 0.015 0)
(0.04 0.015 0)
(0.041 0.015 0)
(0.042 0.015 0)
(0.043 0.015 0)
(0.044 0.015 0)
(0.045 0.015 0)
(0.046 0.015 0)
(0.047 0.015 0)
(0.048 0.015 0)
(0.049 0.015 0)
(0.05 0.015 0)
(0.051 0.015 0)
(0.052 0.015 0)
(0.053 0.015 0)
(0.054 0.015 0)
(0.055 0.015 0)
(0.056 0.015 0)
(0.057 0.015 0)
(0.058 0.015 0)
(0.059 0.015 0)
(0.06 0.015 0)
(0.061 0.015 0)
(0.062 0.015 0)
(0.063 0.015 0)
(0.064 0.015 0)
(0.065 0.015 0)
(0.066 0.015 0)
(0.067 0.015 0)
(0.068 0.015 0)
(0.069 0.015 0)
(0.07 0.015 0)
(0 0.016 0)
(0.001 0.016 0)
(0.002 0.016 0)
(0.003 0.016 0)
(0.004 0.016 0)
(0.005 0.016 0)
(0.006 0.016 0)
(0.007 0.016 0)
(0.008 0.016 0)
(0.009 0.016 0)
(0.01 0.016 0)
(0.011 0.016 0)
(0.012 0.016 0)
(0.013 0.016 0)
(0.014 0.016 0)
(0.015 0.016 0)
(0.016 0.016 0)
(0.017 0.016 0)
(0.018 0.016 0)
(0.019 0.016 0)
(0.02 0.016 0)
(0.021 0.016 0)
(0.022 0.016 0)
(0.023 0.016 0)
(0.024 0.016 0)
(0.025 0.016 0)
(0.026 0.016 0)
(0.027 0.016 0)
(0.028 0.016 0)
(0.029 0.016 0)
(0.03 0.016 0)
(0.031 0.016 0)
(0.032 0.016 0)
(0.033 0.016 0)
(0.034 0.016 0)
(0.035 0.016 0)
(0.036 0.016 0)
(0.037 0.016 0)
(0.038 0.016 0)
(0.039 0.016 0)
(0.04 0.016 0)
(0.041 0.016 0)
(0.042 0.016 0)
(0.043 0.016 0)
(0.044 0.016 0)
(0.045 0.016 0)
(0.046 0.016 0)
(0.047 0.016 0)
(0.048 0.016 0)
(0.049 0.016 0)
(0.05 0.016 0)
(0.051 0.016 0)
(0.052 0.016 0)
(0.053 0.016 0)
(0.054 0.016 0)
(0.055 0.016 0)
(0.056 0.016 0)
(0.057 0.016 0)
(0.058 0.016 0)
(0.059 0.016 0)
(0.06 0.016 0)
(0.061 0.016 0)
(0.062 0.016 0)
(0.063 0.016 0)
(0.064 0.016 0)
(0.065 0.016 0)
(0.066 0.016 0)
(0.067 0.016 0)
(0.068 0.016 0)
(0.069 0.016 0)
(0.07 0.016 0)
(0 0.017 0)
(0.001 0.017 0)
(0.002 0.017 0)
(0.003 0.017 0)
(0.004 0.017 0)
(0.005 0.017 0)
(0.006 0.017 0)
(0.007 0.017 0)
(0.008 0.017 0)
(0.009 0.017 0)
(0.01 0.017 0)
(0.011 0.017 0)
(0.012 0.017 0)
(0.013 0.017 0)
(0.014 0.017 0)
(0.015 0.017 0)
(0.016 0.017 0)
(0.017 0.017 0)
(0.018 0.017 0)
(0.019 0.017 0)
(0.02 0.017 0)
(0.021 0.017 0)
(0.022 0.017 0)
(0.023 0.017 0)
(0.024 0.017 0)
(0.025 0.017 0)
(0.026 0.017 0)
(0.027 0.017 0)
(0.028 0.017 0)
(0.029 0.017 0)
(0.03 0.017 0)
(0.031 0.017 0)
(0.032 0.017 0)
(0.033 0.017 0)
(0.034 0.017 0)
(0.035 0.017 0)
(0.036 0.017 0)
(0.037 0.017 0)
(0.038 0.017 0)
(0.039 0.017 0)
(0.04 0.017 0)
(0.041 0.017 0)
(0.042 0.017 0)
(0.043 0.017 0)
(0.044 0.017 0)
(0.045 0.017 0)
(0.046 0.017 0)
(0.047 0.017 0)
(0.048 0.017 0)
(0.049 0.017 0)
(0.05 0.017 0)
(0.051 0.017 0)
(0.052 0.017 0)
(0.053 0.017 0)
(0.054 0.017 0)
(0.055 0.017 0)
(0.056 0.017 0)
(0.057 0.017 0)
(0.058 0.017 0)
(0.059 0.017 0)
(0.06 0.017 0)
(0.061 0.017 0)
(0.062 0.017 0)
(0.063 0.017 0)
(0.064 0.017 0)
(0.065 0.017 0)
(0.066 0.017 0)
(0.067 0.017 0)
(0.068 0.017 0)
(0.069 0.017 0)
(0.07 0.017 0)
(0 0.018 0)
(0.001 0.018 0)
(0.002 0.018 0)
(0.003 0.018 0)
(0.004 0.018 0)
(0.005 0.018 0)
(0.006 0.018 0)
(0.007 0.018 0)
(0.008 0.018 0)
(0.009 0.018 0)
(0.01 0.018 0)
(0.011 0.018 0)
(0.012 0.018 0)
(0.013 0.018 0)
(0.014 0.018 0)
(0.015 0.018 0)
(0.016 0.018 0)
(0.017 0.018 0)
(0.018 0.018 0)
(0.019 0.018 0)
(0.02 0.018 0)
(0.021 0.018 0)
(0.022 0.018 0)
(0.023 0.018 0)
(0.024 0.018 0)
(0.025 0.018 0)
(0.026 0.018 0)
(0.027 0.018 0)
(0.028 0.018 0)
(0.029 0.018 0)
(0.03 0.018 0)
(0.031 0.018 0)
(0.032 0.018 0)
(0.033 0.018 0)
(0.034 0.018 0)
(0.035 0.018 0)
(0.036 0.018 0)
(0.037 0.018 0)
(0.038 0.018 0)
(0.039 0.018 0)
(0.04 0.018 0)
(0.041 0.018 0)
(0.042 0.018 0)
(0.043 0.018 0)
(0.044 0.018 0)
(0.045 0.018 0)
(0.046 0.018 0)
(0.047 0.018 0)
(0.048 0.018 0)
(0.049 0.018 0)
(0.05 0.018 0)
(0.051 0.018 0)
(0.052 0.018 0)
(0.053 0.018 0)
(0.054 0.018 0)
(0.055 0.018 0)
(0.056 0.018 0)
(0.057 0.018 0)
(0.058 0.018 0)
(0.059 0.018 0)
(0.06 0.018 0)
(0.061 0.018 0)
(0.062 0.018 0)
(0.063 0.018 0)
(0.064 0.018 0)
(0.065 0.018 0)
(0.066 0.018 0)
(0.067 0.018 0)
(0.068 0.018 0)
(0.069 0.018 0)
(0.07 0.018 0)
(0 0.019 0)
(0.001 0.019 0)
(0.002 0.019 0)
(0.003 0.019 0)
(0.004 0.019 0)
(0.005 0.019 0)
(0.006 0.019 0)
(0.007 0.019 0)
(0.008 0.019 0)
(0.009 0.019 0)
(0.01 0.019 0)
(0.011 0.019 0)
(0.012 0.019 0)
(0.013 0.019 0)
(0.014 0.019 0)
(0.015 0.019 0)
(0.016 0.019 0)
(0.017 0.019 0)
(0.018 0.019 0)
(0.019 0.019 0)
(0.02 0.019 0)
(0.021 0.019 0)
(0.022 0.019 0)
(0.023 0.019 0)
(0.024 0.019 0)
(0.025 0.019 0)
(0.026 0.019 0)
(0.027 0.019 0)
(0.028 0.019 0)
(0.029 0.019 0)
(0.03 0.019 0)
(0.031 0.019 0)
(0.032 0.019 0)
(0.033 0.019 0)
(0.034 0.019 0)
(0.035 0.019 0)
(0.036 0.019 0)
(0.037 0.019 0)
(0.038 0.019 0)
(0.039 0.019 0)
(0.04 0.019 0)
(0.041 0.019 0)
(0.042 0.019 0)
(0.043 0.019 0)
(0.044 0.019 0)
(0.045 0.019 0)
(0.046 0.019 0)
(0.047 0.019 0)
(0.048 0.019 0)
(0.049 0.019 0)
(0.05 0.019 0)
(0.051 0.019 0)
(0.052 0.019 0)
(0.053 0.019 0)
(0.054 0.019 0)
(0.055 0.019 0)
(0.056 0.019 0)
(0.057 0.019 0)
(0.058 0.019 0)
(0.059 0.019 0)
(0.06 0.019 0)
(0.061 0.019 0)
(0.062 0.019 0)
(0.063 0.019 0)
(0.064 0.019 0)
(0.065 0.019 0)
(0.066 0.019 0)
(0.067 0.019 0)
(0.068 0.019 0)
(0.069 0.019 0)
(0.07 0.019 0)
(0 0.02 0)
(0.001 0.02 0)
(0.002 0.02 0)
(0.003 0.02 0)
(0.004 0.02 0)
(0.005 0.02 0)
(0.006 0.02 0)
(0.007 0.02 0)
(0.008 0.02 0)
(0.009 0.02 0)
(0.01 0.02 0)
(0.011 0.02 0)
(0.012 0.02 0)
(0.013 0.02 0)
(0.014 0.02 0)
(0.015 0.02 0)
(0.016 0.02 0)
(0.017 0.02 0)
(0.018 0.02 0)
(0.019 0.02 0)
(0.02 0.02 0)
(0.021 0.02 0)
(0.022 0.02 0)
(0.023 0.02 0)
(0.024 0.02 0)
(0.025 0.02 0)
(0.026 0.02 0)
(0.027 0.02 0)
(0.028 0.02 0)
(0.029 0.02 0)
(0.03 0.02 0)
(0.031 0.02 0)
(0.032 0.02 0)
(0.033 0.02 0)
(0.034 0.02 0)
(0.035 0.02 0)
(0.036 0.02 0)
(0.037 0.02 0)
(0.038 0.02 0)
(0.039 0.02 0)
(0.04 0.02 0)
(0.041 0.02 0)
(0.042 0.02 0)
(0.043 0.02 0)
(0.044 0.02 0)
(0.045 0.02 0)
(0.046 0.02 0)
(0.047 0.02 0)
(0.048 0.02 0)
(0.049 0.02 0)
(0.05 0.02 0)
(0.051 0.02 0)
(0.052 0.02 0)
(0.053 0.02 0)
(0.054 0.02 0)
(0.055 0.02 0)
(0.056 0.02 0)
(0.057 0.02 0)
(0.058 0.02 0)
(0.059 0.02 0)
(0.06 0.02 0)
(0.061 0.02 0)
(0.062 0.02 0)
(0.063 0.02 0)
(0.064 0.02 0)
(0.065 0.02 0)
(0.066 0.02 0)
(0.067 0.02 0)
(0.068 0.02 0)
(0.069 0.02 0)
(0.07 0.02 0)
(0 0.021 0)
(0.001 0.021 0)
(0.002 0.021 0)
(0.003 0.021 0)
(0.004 0.021 0)
(0.005 0.021 0)
(0.006 0.021 0)
(0.007 0.021 0)
(0.008 0.021 0)
(0.009 0.021 0)
(0.01 0.021 0)
(0.011 0.021 0)
(0.012 0.021 0)
(0.013 0.021 0)
(0.014 0.021 0)
(0.015 0.021 0)
(0.016 0.021 0)
(0.017 0.021 0)
(0.018 0.021 0)
(0.019 0.021 0)
(0.02 0.021 0)
(0.021 0.021 0)
(0.022 0.021 0)
(0.023 0.021 0)
(0.024 0.021 0)
(0.025 0.021 0)
(0.026 0.021 0)
(0.027 0.021 0)
(0.028 0.021 0)
(0.029 0.021 0)
(0.03 0.021 0)
(0.031 0.021 0)
(0.032 0.021 0)
(0.033 0.021 0)
(0.034 0.021 0)
(0.035 0.021 0)
(0.036 0.021 0)
(0.037 0.021 0)
(0.038 0.021 0)
(0.039 0.021 0)
(0.04 0.021 0)
(0.041 0.021 0)
(0.042 0.021 0)
(0.043 0.021 0)
(0.044 0.021 0)
(0.045 0.021 0)
(0.046 0.021 0)
(0.047 0.021 0)
(0.048 0.021 0)
(0.049 0.021 0)
(0.05 0.021 0)
(0.051 0.021 0)
(0.052 0.021 0)
(0.053 0.021 0)
(0.054 0.021 0)
(0.055 0.021 0)
(0.056 0.021 0)
(0.057 0.021 0)
(0.058 0.021 0)
(0.059 0.021 0)
(0.06 0.021 0)
(0.061 0.021 0)
(0.062 0.021 0)
(0.063 0.021 0)
(0.064 0.021 0)
(0.065 0.021 0)
(0.066 0.021 0)
(0.067 0.021 0)
(0.068 0.021 0)
(0.069 0.021 0)
(0.07 0.021 0)
(0 0.022 0)
(0.001 0.022 0)
(0.002 0.022 0)
(0.003 0.022 0)
(0.004 0.022 0)
(0.005 0.022 0)
(0.006 0.022 0)
(0.007 0.022 0)
(0.008 0.022 0)
(0.009 0.022 0)
(0.01 0.022 0)
(0.011 0.022 0)
(0.012 0.022 0)
(0.013 0.022 0)
(0.014 0.022 0)
(0.015 0.022 0)
(0.016 0.022 0)
(0.017 0.022 0)
(0.018 0.022 0)
(0.019 0.022 0)
(0.02 0.022 0)
(0.021 0.022 0)
(0.022 0.022 0)
(0.023 0.022 0)
(0.024 0.022 0)
(0.025 0.022 0)
(0.026 0.022 0)
(0.027 0.022 0)
(0.028 0.022 0)
(0.029 0.022 0)
(0.03 0.022 0)
(0.031 0.022 0)
(0.032 0.022 0)
(0.033 0.022 0)
(0.034 0.022 0)
(0.035 0.022 0)
(0.036 0.022 0)
(0.037 0.022 0)
(0.038 0.022 0)
(0.039 0.022 0)
(0.04 0.022 0)
(0.041 0.022 0)
(0.042 0.022 0)
(0.043 0.022 0)
(0.044 0.022 0)
(0.045 0.022 0)
(0.046 0.022 0)
(0.047 0.022 0)
(0.048 0.022 0)
(0.049 0.022 0)
(0.05 0.022 0)
(0.051 0.022 0)
(0.052 0.022 0)
(0.053 0.022 0)
(0.054 0.022 0)
(0.055 0.022 0)
(0.056 0.022 0)
(0.057 0.022 0)
(0.058 0.022 0)
(0.059 0.022 0)
(0.06 0.022 0)
(0.061 0.022 0)
(0.062 0.022 0)
(0.063 0.022 0)
(0.064 0.022 0)
(0.065 0.022 0)
(0.066 0.022 0)
(0.067 0.022 0)
(0.068 0.022 0)
(0.069 0.022 0)
(0.07 0.022 0)
(0 0.023 0)
(0.001 0.023 0)
(0.002 0.023 0)
(0.003 0.023 0)
(0.004 0.023 0)
(0.005 0.023 0)
(0.006 0.023 0)
(0.007 0.023 0)
(0.008 0.023 0)
(0.009 0.023 0)
(0.01 0.023 0)
(0.011 0.023 0)
(0.012 0.023 0)
(0.013 0.023 0)
(0.014 0.023 0)
(0.015 0.023 0)
(0.016 0.023 0)
(0.017 0.023 0)
(0.018 0.023 0)
(0.019 0.023 0)
(0.02 0.023 0)
(0.021 0.023 0)
(0.022 0.023 0)
(0.023 0.023 0)
(0.024 0.023 0)
(0.025 0.023 0)
(0.026 0.023 0)
(0.027 0.023 0)
(0.028 0.023 0)
(0.029 0.023 0)
(0.03 0.023 0)
(0.031 0.023 0)
(0.032 0.023 0)
(0.033 0.023 0)
(0.034 0.023 0)
(0.035 0.023 0)
(0.036 0.023 0)
(0.037 0.023 0)
(0.038 0.023 0)
(0.039 0.023 0)
(0.04 0.023 0)
(0.041 0.023 0)
(0.042 0.023 0)
(0.043 0.023 0)
(0.044 0.023 0)
(0.045 0.023 0)
(0.046 0.023 0)
(0.047 0.023 0)
(0.048 0.023 0)
(0.049 0.023 0)
(0.05 0.023 0)
(0.051 0.023 0)
(0.052 0.023 0)
(0.053 0.023 0)
(0.054 0.023 0)
(0.055 0.023 0)
(0.056 0.023 0)
(0.057 0.023 0)
(0.058 0.023 0)
(0.059 0.023 0)
(0.06 0.023 0)
(0.061 0.023 0)
(0.062 0.023 0)
(0.063 0.023 0)
(0.064 0.023 0)
(0.065 0.023 0)
(0.066 0.023 0)
(0.067 0.023 0)
(0.068 0.023 0)
(0.069 0.023 0)
(0.07 0.023 0)
(0 0.024 0)
(0.001 0.024 0)
(0.002 0.024 0)
(0.003 0.024 0)
(0.004 0.024 0)
(0.005 0.024 0)
(0.006 0.024 0)
(0.007 0.024 0)
(0.008 0.024 0)
(0.009 0.024 0)
(0.01 0.024 0)
(0.011 0.024 0)
(0.012 0.024 0)
(0.013 0.024 0)
(0.014 0.024 0)
(0.015 0.024 0)
(0.016 0.024 0)
(0.017 0.024 0)
(0.018 0.024 0)
(0.019 0.024 0)
(0.02 0.024 0)
(0.021 0.024 0)
(0.022 0.024 0)
(0.023 0.024 0)
(0.024 0.024 0)
(0.025 0.024 0)
(0.026 0.024 0)
(0.027 0.024 0)
(0.028 0.024 0)
(0.029 0.024 0)
(0.03 0.024 0)
(0.031 0.024 0)
(0.032 0.024 0)
(0.033 0.024 0)
(0.034 0.024 0)
(0.035 0.024 0)
(0.036 0.024 0)
(0.037 0.024 0)
(0.038 0.024 0)
(0.039 0.024 0)
(0.04 0.024 0)
(0.041 0.024 0)
(0.042 0.024 0)
(0.043 0.024 0)
(0.044 0.024 0)
(0.045 0.024 0)
(0.046 0.024 0)
(0.047 0.024 0)
(0.048 0.024 0)
(0.049 0.024 0)
(0.05 0.024 0)
(0.051 0.024 0)
(0.052 0.024 0)
(0.053 0.024 0)
(0.054 0.024 0)
(0.055 0.024 0)
(0.056 0.024 0)
(0.057 0.024 0)
(0.058 0.024 0)
(0.059 0.024 0)
(0.06 0.024 0)
(0.061 0.024 0)
(0.062 0.024 0)
(0.063 0.024 0)
(0.064 0.024 0)
(0.065 0.024 0)
(0.066 0.024 0)
(0.067 0.024 0)
(0.068 0.024 0)
(0.069 0.024 0)
(0.07 0.024 0)
(0 0.025 0)
(0.001 0.025 0)
(0.002 0.025 0)
(0.003 0.025 0)
(0.004 0.025 0)
(0.005 0.025 0)
(0.006 0.025 0)
(0.007 0.025 0)
(0.008 0.025 0)
(0.009 0.025 0)
(0.01 0.025 0)
(0.011 0.025 0)
(0.012 0.025 0)
(0.013 0.025 0)
(0.014 0.025 0)
(0.015 0.025 0)
(0.016 0.025 0)
(0.017 0.025 0)
(0.018 0.025 0)
(0.019 0.025 0)
(0.02 0.025 0)
(0.021 0.025 0)
(0.022 0.025 0)
(0.023 0.025 0)
(0.024 0.025 0)
(0.025 0.025 0)
(0.026 0.025 0)
(0.027 0.025 0)
(0.028 0.025 0)
(0.029 0.025 0)
(0.03 0.025 0)
(0.031 0.025 0)
(0.032 0.025 0)
(0.033 0.025 0)
(0.034 0.025 0)
(0.035 0.025 0)
(0.036 0.025 0)
(0.037 0.025 0)
(0.038 0.025 0)
(0.039 0.025 0)
(0.04 0.025 0)
(0.041 0.025 0)
(0.042 0.025 0)
(0.043 0.025 0)
(0.044 0.025 0)
(0.045 0.025 0)
(0.046 0.025 0)
(0.047 0.025 0)
(0.048 0.025 0)
(0.049 0.025 0)
(0.05 0.025 0)
(0.051 0.025 0)
(0.052 0.025 0)
(0.053 0.025 0)
(0.054 0.025 0)
(0.055 0.025 0)
(0.056 0.025 0)
(0.057 0.025 0)
(0.058 0.025 0)
(0.059 0.025 0)
(0.06 0.025 0)
(0.061 0.025 0)
(0.062 0.025 0)
(0.063 0.025 0)
(0.064 0.025 0)
(0.065 0.025 0)
(0.066 0.025 0)
(0.067 0.025 0)
(0.068 0.025 0)
(0.069 0.025 0)
(0.07 0.025 0)
(0 0.026 0)
(0.001 0.026 0)
(0.002 0.026 0)
(0.003 0.026 0)
(0.004 0.026 0)
(0.005 0.026 0)
(0.006 0.026 0)
(0.007 0.026 0)
(0.008 0.026 0)
(0.009 0.026 0)
(0.01 0.026 0)
(0.011 0.026 0)
(0.012 0.026 0)
(0.013 0.026 0)
(0.014 0.026 0)
(0.015 0.026 0)
(0.016 0.026 0)
(0.017 0.026 0)
(0.018 0.026 0)
(0.019 0.026 0)
(0.02 0.026 0)
(0.021 0.026 0)
(0.022 0.026 0)
(0.023 0.026 0)
(0.024 0.026 0)
(0.025 0.026 0)
(0.026 0.026 0)
(0.027 0.026 0)
(0.028 0.026 0)
(0.029 0.026 0)
(0.03 0.026 0)
(0.031 0.026 0)
(0.032 0.026 0)
(0.033 0.026 0)
(0.034 0.026 0)
(0.035 0.026 0)
(0.036 0.026 0)
(0.037 0.026 0)
(0.038 0.026 0)
(0.039 0.026 0)
(0.04 0.026 0)
(0.041 0.026 0)
(0.042 0.026 0)
(0.043 0.026 0)
(0.044 0.026 0)
(0.045 0.026 0)
(0.046 0.026 0)
(0.047 0.026 0)
(0.048 0.026 0)
(0.049 0.026 0)
(0.05 0.026 0)
(0.051 0.026 0)
(0.052 0.026 0)
(0.053 0.026 0)
(0.054 0.026 0)
(0.055 0.026 0)
(0.056 0.026 0)
(0.057 0.026 0)
(0.058 0.026 0)
(0.059 0.026 0)
(0.06 0.026 0)
(0.061 0.026 0)
(0.062 0.026 0)
(0.063 0.026 0)
(0.064 0.026 0)
(0.065 0.026 0)
(0.066 0.026 0)
(0.067 0.026 0)
(0.068 0.026 0)
(0.069 0.026 0)
(0.07 0.026 0)
(0 0.027 0)
(0.001 0.027 0)
(0.002 0.027 0)
(0.003 0.027 0)
(0.004 0.027 0)
(0.005 0.027 0)
(0.006 0.027 0)
(0.007 0.027 0)
(0.008 0.027 0)
(0.009 0.027 0)
(0.01 0.027 0)
(0.011 0.027 0)
(0.012 0.027 0)
(0.013 0.027 0)
(0.014 0.027 0)
(0.015 0.027 0)
(0.016 0.027 0)
(0.017 0.027 0)
(0.018 0.027 0)
(0.019 0.027 0)
(0.02 0.027 0)
(0.021 0.027 0)
(0.022 0.027 0)
(0.023 0.027 0)
(0.024 0.027 0)
(0.025 0.027 0)
(0.026 0.027 0)
(0.027 0.027 0)
(0.028 0.027 0)
(0.029 0.027 0)
(0.03 0.027 0)
(0.031 0.027 0)
(0.032 0.027 0)
(0.033 0.027 0)
(0.034 0.027 0)
(0.035 0.027 0)
(0.036 0.027 0)
(0.037 0.027 0)
(0.038 0.027 0)
(0.039 0.027 0)
(0.04 0.027 0)
(0.041 0.027 0)
(0.042 0.027 0)
(0.043 0.027 0)
(0.044 0.027 0)
(0.045 0.027 0)
(0.046 0.027 0)
(0.047 0.027 0)
(0.048 0.027 0)
(0.049 0.027 0)
(0.05 0.027 0)
(0.051 0.027 0)
(0.052 0.027 0)
(0.053 0.027 0)
(0.054 0.027 0)
(0.055 0.027 0)
(0.056 0.027 0)
(0.057 0.027 0)
(0.058 0.027 0)
(0.059 0.027 0)
(0.06 0.027 0)
(0.061 0.027 0)
(0.062 0.027 0)
(0.063 0.027 0)
(0.064 0.027 0)
(0.065 0.027 0)
(0.066 0.027 0)
(0.067 0.027 0)
(0.068 0.027 0)
(0.069 0.027 0)
(0.07 0.027 0)
(0 0.028 0)
(0.001 0.028 0)
(0.002 0.028 0)
(0.003 0.028 0)
(0.004 0.028 0)
(0.005 0.028 0)
(0.006 0.028 0)
(0.007 0.028 0)
(0.008 0.028 0)
(0.009 0.028 0)
(0.01 0.028 0)
(0.011 0.028 0)
(0.012 0.028 0)
(0.013 0.028 0)
(0.014 0.028 0)
(0.015 0.028 0)
(0.016 0.028 0)
(0.017 0.028 0)
(0.018 0.028 0)
(0.019 0.028 0)
(0.02 0.028 0)
(0.021 0.028 0)
(0.022 0.028 0)
(0.023 0.028 0)
(0.024 0.028 0)
(0.025 0.028 0)
(0.026 0.028 0)
(0.027 0.028 0)
(0.028 0.028 0)
(0.029 0.028 0)
(0.03 0.028 0)
(0.031 0.028 0)
(0.032 0.028 0)
(0.033 0.028 0)
(0.034 0.028 0)
(0.035 0.028 0)
(0.036 0.028 0)
(0.037 0.028 0)
(0.038 0.028 0)
(0.039 0.028 0)
(0.04 0.028 0)
(0.041 0.028 0)
(0.042 0.028 0)
(0.043 0.028 0)
(0.044 0.028 0)
(0.045 0.028 0)
(0.046 0.028 0)
(0.047 0.028 0)
(0.048 0.028 0)
(0.049 0.028 0)
(0.05 0.028 0)
(0.051 0.028 0)
(0.052 0.028 0)
(0.053 0.028 0)
(0.054 0.028 0)
(0.055 0.028 0)
(0.056 0.028 0)
(0.057 0.028 0)
(0.058 0.028 0)
(0.059 0.028 0)
(0.06 0.028 0)
(0.061 0.028 0)
(0.062 0.028 0)
(0.063 0.028 0)
(0.064 0.028 0)
(0.065 0.028 0)
(0.066 0.028 0)
(0.067 0.028 0)
(0.068 0.028 0)
(0.069 0.028 0)
(0.07 0.028 0)
(0 0.029 0)
(0.001 0.029 0)
(0.002 0.029 0)
(0.003 0.029 0)
(0.004 0.029 0)
(0.005 0.029 0)
(0.006 0.029 0)
(0.007 0.029 0)
(0.008 0.029 0)
(0.009 0.029 0)
(0.01 0.029 0)
(0.011 0.029 0)
(0.012 0.029 0)
(0.013 0.029 0)
(0.014 0.029 0)
(0.015 0.029 0)
(0.016 0.029 0)
(0.017 0.029 0)
(0.018 0.029 0)
(0.019 0.029 0)
(0.02 0.029 0)
(0.021 0.029 0)
(0.022 0.029 0)
(0.023 0.029 0)
(0.024 0.029 0)
(0.025 0.029 0)
(0.026 0.029 0)
(0.027 0.029 0)
(0.028 0.029 0)
(0.029 0.029 0)
(0.03 0.029 0)
(0.031 0.029 0)
(0.032 0.029 0)
(0.033 0.029 0)
(0.034 0.029 0)
(0.035 0.029 0)
(0.036 0.029 0)
(0.037 0.029 0)
(0.038 0.029 0)
(0.039 0.029 0)
(0.04 0.029 0)
(0.041 0.029 0)
(0.042 0.029 0)
(0.043 0.029 0)
(0.044 0.029 0)
(0.045 0.029 0)
(0.046 0.029 0)
(0.047 0.029 0)
(0.048 0.029 0)
(0.049 0.029 0)
(0.05 0.029 0)
(0.051 0.029 0)
(0.052 0.029 0)
(0.053 0.029 0)
(0.054 0.029 0)
(0.055 0.029 0)
(0.056 0.029 0)
(0.057 0.029 0)
(0.058 0.029 0)
(0.059 0.029 0)
(0.06 0.029 0)
(0.061 0.029 0)
(0.062 0.029 0)
(0.063 0.029 0)
(0.064 0.029 0)
(0.065 0.029 0)
(0.066 0.029 0)
(0.067 0.029 0)
(0.068 0.029 0)
(0.069 0.029 0)
(0.07 0.029 0)
(0 0.03 0)
(0.001 0.03 0)
(0.002 0.03 0)
(0.003 0.03 0)
(0.004 0.03 0)
(0.005 0.03 0)
(0.006 0.03 0)
(0.007 0.03 0)
(0.008 0.03 0)
(0.009 0.03 0)
(0.01 0.03 0)
(0.011 0.03 0)
(0.012 0.03 0)
(0.013 0.03 0)
(0.014 0.03 0)
(0.015 0.03 0)
(0.016 0.03 0)
(0.017 0.03 0)
(0.018 0.03 0)
(0.019 0.03 0)
(0.02 0.03 0)
(0.021 0.03 0)
(0.022 0.03 0)
(0.023 0.03 0)
(0.024 0.03 0)
(0.025 0.03 0)
(0.026 0.03 0)
(0.027 0.03 0)
(0.028 0.03 0)
(0.029 0.03 0)
(0.03 0.03 0)
(0.031 0.03 0)
(0.032 0.03 0)
(0.033 0.03 0)
(0.034 0.03 0)
(0.035 0.03 0)
(0.036 0.03 0)
(0.037 0.03 0)
(0.038 0.03 0)
(0.039 0.03 0)
(0.04 0.03 0)
(0.041 0.03 0)
(0.042 0.03 0)
(0.043 0.03 0)
(0.044 0.03 0)
(0.045 0.03 0)
(0.046 0.03 0)
(0.047 0.03 0)
(0.048 0.03 0)
(0.049 0.03 0)
(0.05 0.03 0)
(0.051 0.03 0)
(0.052 0.03 0)
(0.053 0.03 0)
(0.054 0.03 0)
(0.055 0.03 0)
(0.056 0.03 0)
(0.057 0.03 0)
(0.058 0.03 0)
(0.059 0.03 0)
(0.06 0.03 0)
(0.061 0.03 0)
(0.062 0.03 0)
(0.063 0.03 0)
(0.064 0.03 0)
(0.065 0.03 0)
(0.066 0.03 0)
(0.067 0.03 0)
(0.068 0.03 0)
(0.069 0.03 0)
(0.07 0.03 0)
(0 0.031 0)
(0.001 0.031 0)
(0.002 0.031 0)
(0.003 0.031 0)
(0.004 0.031 0)
(0.005 0.031 0)
(0.006 0.031 0)
(0.007 0.031 0)
(0.008 0.031 0)
(0.009 0.031 0)
(0.01 0.031 0)
(0.011 0.031 0)
(0.012 0.031 0)
(0.013 0.031 0)
(0.014 0.031 0)
(0.015 0.031 0)
(0.016 0.031 0)
(0.017 0.031 0)
(0.018 0.031 0)
(0.019 0.031 0)
(0.02 0.031 0)
(0.021 0.031 0)
(0.022 0.031 0)
(0.023 0.031 0)
(0.024 0.031 0)
(0.025 0.031 0)
(0.026 0.031 0)
(0.027 0.031 0)
(0.028 0.031 0)
(0.029 0.031 0)
(0.03 0.031 0)
(0.031 0.031 0)
(0.032 0.031 0)
(0.033 0.031 0)
(0.034 0.031 0)
(0.035 0.031 0)
(0.036 0.031 0)
(0.037 0.031 0)
(0.038 0.031 0)
(0.039 0.031 0)
(0.04 0.031 0)
(0.041 0.031 0)
(0.042 0.031 0)
(0.043 0.031 0)
(0.044 0.031 0)
(0.045 0.031 0)
(0.046 0.031 0)
(0.047 0.031 0)
(0.048 0.031 0)
(0.049 0.031 0)
(0.05 0.031 0)
(0.051 0.031 0)
(0.052 0.031 0)
(0.053 0.031 0)
(0.054 0.031 0)
(0.055 0.031 0)
(0.056 0.031 0)
(0.057 0.031 0)
(0.058 0.031 0)
(0.059 0.031 0)
(0.06 0.031 0)
(0.061 0.031 0)
(0.062 0.031 0)
(0.063 0.031 0)
(0.064 0.031 0)
(0.065 0.031 0)
(0.066 0.031 0)
(0.067 0.031 0)
(0.068 0.031 0)
(0.069 0.031 0)
(0.07 0.031 0)
(0 0.032 0)
(0.001 0.032 0)
(0.002 0.032 0)
(0.003 0.032 0)
(0.004 0.032 0)
(0.005 0.032 0)
(0.006 0.032 0)
(0.007 0.032 0)
(0.008 0.032 0)
(0.009 0.032 0)
(0.01 0.032 0)
(0.011 0.032 0)
(0.012 0.032 0)
(0.013 0.032 0)
(0.014 0.032 0)
(0.015 0.032 0)
(0.016 0.032 0)
(0.017 0.032 0)
(0.018 0.032 0)
(0.019 0.032 0)
(0.02 0.032 0)
(0.021 0.032 0)
(0.022 0.032 0)
(0.023 0.032 0)
(0.024 0.032 0)
(0.025 0.032 0)
(0.026 0.032 0)
(0.027 0.032 0)
(0.028 0.032 0)
(0.029 0.032 0)
(0.03 0.032 0)
(0.031 0.032 0)
(0.032 0.032 0)
(0.033 0.032 0)
(0.034 0.032 0)
(0.035 0.032 0)
(0.036 0.032 0)
(0.037 0.032 0)
(0.038 0.032 0)
(0.039 0.032 0)
(0.04 0.032 0)
(0.041 0.032 0)
(0.042 0.032 0)
(0.043 0.032 0)
(0.044 0.032 0)
(0.045 0.032 0)
(0.046 0.032 0)
(0.047 0.032 0)
(0.048 0.032 0)
(0.049 0.032 0)
(0.05 0.032 0)
(0.051 0.032 0)
(0.052 0.032 0)
(0.053 0.032 0)
(0.054 0.032 0)
(0.055 0.032 0)
(0.056 0.032 0)
(0.057 0.032 0)
(0.058 0.032 0)
(0.059 0.032 0)
(0.06 0.032 0)
(0.061 0.032 0)
(0.062 0.032 0)
(0.063 0.032 0)
(0.064 0.032 0)
(0.065 0.032 0)
(0.066 0.032 0)
(0.067 0.032 0)
(0.068 0.032 0)
(0.069 0.032 0)
(0.07 0.032 0)
(0 0.033 0)
(0.001 0.033 0)
(0.002 0.033 0)
(0.003 0.033 0)
(0.004 0.033 0)
(0.005 0.033 0)
(0.006 0.033 0)
(0.007 0.033 0)
(0.008 0.033 0)
(0.009 0.033 0)
(0.01 0.033 0)
(0.011 0.033 0)
(0.012 0.033 0)
(0.013 0.033 0)
(0.014 0.033 0)
(0.015 0.033 0)
(0.016 0.033 0)
(0.017 0.033 0)
(0.018 0.033 0)
(0.019 0.033 0)
(0.02 0.033 0)
(0.021 0.033 0)
(0.022 0.033 0)
(0.023 0.033 0)
(0.024 0.033 0)
(0.025 0.033 0)
(0.026 0.033 0)
(0.027 0.033 0)
(0.028 0.033 0)
(0.029 0.033 0)
(0.03 0.033 0)
(0.031 0.033 0)
(0.032 0.033 0)
(0.033 0.033 0)
(0.034 0.033 0)
(0.035 0.033 0)
(0.036 0.033 0)
(0.037 0.033 0)
(0.038 0.033 0)
(0.039 0.033 0)
(0.04 0.033 0)
(0.041 0.033 0)
(0.042 0.033 0)
(0.043 0.033 0)
(0.044 0.033 0)
(0.045 0.033 0)
(0.046 0.033 0)
(0.047 0.033 0)
(0.048 0.033 0)
(0.049 0.033 0)
(0.05 0.033 0)
(0.051 0.033 0)
(0.052 0.033 0)
(0.053 0.033 0)
(0.054 0.033 0)
(0.055 0.033 0)
(0.056 0.033 0)
(0.057 0.033 0)
(0.058 0.033 0)
(0.059 0.033 0)
(0.06 0.033 0)
(0.061 0.033 0)
(0.062 0.033 0)
(0.063 0.033 0)
(0.064 0.033 0)
(0.065 0.033 0)
(0.066 0.033 0)
(0.067 0.033 0)
(0.068 0.033 0)
(0.069 0.033 0)
(0.07 0.033 0)
(0 0.034 0)
(0.001 0.034 0)
(0.002 0.034 0)
(0.003 0.034 0)
(0.004 0.034 0)
(0.005 0.034 0)
(0.006 0.034 0)
(0.007 0.034 0)
(0.008 0.034 0)
(0.009 0.034 0)
(0.01 0.034 0)
(0.011 0.034 0)
(0.012 0.034 0)
(0.013 0.034 0)
(0.014 0.034 0)
(0.015 0.034 0)
(0.016 0.034 0)
(0.017 0.034 0)
(0.018 0.034 0)
(0.019 0.034 0)
(0.02 0.034 0)
(0.021 0.034 0)
(0.022 0.034 0)
(0.023 0.034 0)
(0.024 0.034 0)
(0.025 0.034 0)
(0.026 0.034 0)
(0.027 0.034 0)
(0.028 0.034 0)
(0.029 0.034 0)
(0.03 0.034 0)
(0.031 0.034 0)
(0.032 0.034 0)
(0.033 0.034 0)
(0.034 0.034 0)
(0.035 0.034 0)
(0.036 0.034 0)
(0.037 0.034 0)
(0.038 0.034 0)
(0.039 0.034 0)
(0.04 0.034 0)
(0.041 0.034 0)
(0.042 0.034 0)
(0.043 0.034 0)
(0.044 0.034 0)
(0.045 0.034 0)
(0.046 0.034 0)
(0.047 0.034 0)
(0.048 0.034 0)
(0.049 0.034 0)
(0.05 0.034 0)
(0.051 0.034 0)
(0.052 0.034 0)
(0.053 0.034 0)
(0.054 0.034 0)
(0.055 0.034 0)
(0.056 0.034 0)
(0.057 0.034 0)
(0.058 0.034 0)
(0.059 0.034 0)
(0.06 0.034 0)
(0.061 0.034 0)
(0.062 0.034 0)
(0.063 0.034 0)
(0.064 0.034 0)
(0.065 0.034 0)
(0.066 0.034 0)
(0.067 0.034 0)
(0.068 0.034 0)
(0.069 0.034 0)
(0.07 0.034 0)
(0 0.035 0)
(0.001 0.035 0)
(0.002 0.035 0)
(0.003 0.035 0)
(0.004 0.035 0)
(0.005 0.035 0)
(0.006 0.035 0)
(0.007 0.035 0)
(0.008 0.035 0)
(0.009 0.035 0)
(0.01 0.035 0)
(0.011 0.035 0)
(0.012 0.035 0)
(0.013 0.035 0)
(0.014 0.035 0)
(0.015 0.035 0)
(0.016 0.035 0)
(0.017 0.035 0)
(0.018 0.035 0)
(0.019 0.035 0)
(0.02 0.035 0)
(0.021 0.035 0)
(0.022 0.035 0)
(0.023 0.035 0)
(0.024 0.035 0)
(0.025 0.035 0)
(0.026 0.035 0)
(0.027 0.035 0)
(0.028 0.035 0)
(0.029 0.035 0)
(0.03 0.035 0)
(0.031 0.035 0)
(0.032 0.035 0)
(0.033 0.035 0)
(0.034 0.035 0)
(0.035 0.035 0)
(0.036 0.035 0)
(0.037 0.035 0)
(0.038 0.035 0)
(0.039 0.035 0)
(0.04 0.035 0)
(0.041 0.035 0)
(0.042 0.035 0)
(0.043 0.035 0)
(0.044 0.035 0)
(0.045 0.035 0)
(0.046 0.035 0)
(0.047 0.035 0)
(0.048 0.035 0)
(0.049 0.035 0)
(0.05 0.035 0)
(0.051 0.035 0)
(0.052 0.035 0)
(0.053 0.035 0)
(0.054 0.035 0)
(0.055 0.035 0)
(0.056 0.035 0)
(0.057 0.035 0)
(0.058 0.035 0)
(0.059 0.035 0)
(0.06 0.035 0)
(0.061 0.035 0)
(0.062 0.035 0)
(0.063 0.035 0)
(0.064 0.035 0)
(0.065 0.035 0)
(0.066 0.035 0)
(0.067 0.035 0)
(0.068 0.035 0)
(0.069 0.035 0)
(0.07 0.035 0)
(0 0 0.001)
(0.001 0 0.001)
(0.002 0 0.001)
(0.003 0 0.001)
(0.004 0 0.001)
(0.005 0 0.001)
(0.006 0 0.001)
(0.007 0 0.001)
(0.008 0 0.001)
(0.009 0 0.001)
(0.01 0 0.001)
(0.011 0 0.001)
(0.012 0 0.001)
(0.013 0 0.001)
(0.014 0 0.001)
(0.015 0 0.001)
(0.016 0 0.001)
(0.017 0 0.001)
(0.018 0 0.001)
(0.019 0 0.001)
(0.02 0 0.001)
(0.021 0 0.001)
(0.022 0 0.001)
(0.023 0 0.001)
(0.024 0 0.001)
(0.025 0 0.001)
(0.026 0 0.001)
(0.027 0 0.001)
(0.028 0 0.001)
(0.029 0 0.001)
(0.03 0 0.001)
(0.031 0 0.001)
(0.032 0 0.001)
(0.033 0 0.001)
(0.034 0 0.001)
(0.035 0 0.001)
(0.036 0 0.001)
(0.037 0 0.001)
(0.038 0 0.001)
(0.039 0 0.001)
(0.04 0 0.001)
(0.041 0 0.001)
(0.042 0 0.001)
(0.043 0 0.001)
(0.044 0 0.001)
(0.045 0 0.001)
(0.046 0 0.001)
(0.047 0 0.001)
(0.048 0 0.001)
(0.049 0 0.001)
(0.05 0 0.001)
(0.051 0 0.001)
(0.052 0 0.001)
(0.053 0 0.001)
(0.054 0 0.001)
(0.055 0 0.001)
(0.056 0 0.001)
(0.057 0 0.001)
(0.058 0 0.001)
(0.059 0 0.001)
(0.06 0 0.001)
(0.061 0 0.001)
(0.062 0 0.001)
(0.063 0 0.001)
(0.064 0 0.001)
(0.065 0 0.001)
(0.066 0 0.001)
(0.067 0 0.001)
(0.068 0 0.001)
(0.069 0 0.001)
(0.07 0 0.001)
(0 0.001 0.001)
(0.001 0.001 0.001)
(0.002 0.001 0.001)
(0.003 0.001 0.001)
(0.004 0.001 0.001)
(0.005 0.001 0.001)
(0.006 0.001 0.001)
(0.007 0.001 0.001)
(0.008 0.001 0.001)
(0.009 0.001 0.001)
(0.01 0.001 0.001)
(0.011 0.001 0.001)
(0.012 0.001 0.001)
(0.013 0.001 0.001)
(0.014 0.001 0.001)
(0.015 0.001 0.001)
(0.016 0.001 0.001)
(0.017 0.001 0.001)
(0.018 0.001 0.001)
(0.019 0.001 0.001)
(0.02 0.001 0.001)
(0.021 0.001 0.001)
(0.022 0.001 0.001)
(0.023 0.001 0.001)
(0.024 0.001 0.001)
(0.025 0.001 0.001)
(0.026 0.001 0.001)
(0.027 0.001 0.001)
(0.028 0.001 0.001)
(0.029 0.001 0.001)
(0.03 0.001 0.001)
(0.031 0.001 0.001)
(0.032 0.001 0.001)
(0.033 0.001 0.001)
(0.034 0.001 0.001)
(0.035 0.001 0.001)
(0.036 0.001 0.001)
(0.037 0.001 0.001)
(0.038 0.001 0.001)
(0.039 0.001 0.001)
(0.04 0.001 0.001)
(0.041 0.001 0.001)
(0.042 0.001 0.001)
(0.043 0.001 0.001)
(0.044 0.001 0.001)
(0.045 0.001 0.001)
(0.046 0.001 0.001)
(0.047 0.001 0.001)
(0.048 0.001 0.001)
(0.049 0.001 0.001)
(0.05 0.001 0.001)
(0.051 0.001 0.001)
(0.052 0.001 0.001)
(0.053 0.001 0.001)
(0.054 0.001 0.001)
(0.055 0.001 0.001)
(0.056 0.001 0.001)
(0.057 0.001 0.001)
(0.058 0.001 0.001)
(0.059 0.001 0.001)
(0.06 0.001 0.001)
(0.061 0.001 0.001)
(0.062 0.001 0.001)
(0.063 0.001 0.001)
(0.064 0.001 0.001)
(0.065 0.001 0.001)
(0.066 0.001 0.001)
(0.067 0.001 0.001)
(0.068 0.001 0.001)
(0.069 0.001 0.001)
(0.07 0.001 0.001)
(0 0.002 0.001)
(0.001 0.002 0.001)
(0.002 0.002 0.001)
(0.003 0.002 0.001)
(0.004 0.002 0.001)
(0.005 0.002 0.001)
(0.006 0.002 0.001)
(0.007 0.002 0.001)
(0.008 0.002 0.001)
(0.009 0.002 0.001)
(0.01 0.002 0.001)
(0.011 0.002 0.001)
(0.012 0.002 0.001)
(0.013 0.002 0.001)
(0.014 0.002 0.001)
(0.015 0.002 0.001)
(0.016 0.002 0.001)
(0.017 0.002 0.001)
(0.018 0.002 0.001)
(0.019 0.002 0.001)
(0.02 0.002 0.001)
(0.021 0.002 0.001)
(0.022 0.002 0.001)
(0.023 0.002 0.001)
(0.024 0.002 0.001)
(0.025 0.002 0.001)
(0.026 0.002 0.001)
(0.027 0.002 0.001)
(0.028 0.002 0.001)
(0.029 0.002 0.001)
(0.03 0.002 0.001)
(0.031 0.002 0.001)
(0.032 0.002 0.001)
(0.033 0.002 0.001)
(0.034 0.002 0.001)
(0.035 0.002 0.001)
(0.036 0.002 0.001)
(0.037 0.002 0.001)
(0.038 0.002 0.001)
(0.039 0.002 0.001)
(0.04 0.002 0.001)
(0.041 0.002 0.001)
(0.042 0.002 0.001)
(0.043 0.002 0.001)
(0.044 0.002 0.001)
(0.045 0.002 0.001)
(0.046 0.002 0.001)
(0.047 0.002 0.001)
(0.048 0.002 0.001)
(0.049 0.002 0.001)
(0.05 0.002 0.001)
(0.051 0.002 0.001)
(0.052 0.002 0.001)
(0.053 0.002 0.001)
(0.054 0.002 0.001)
(0.055 0.002 0.001)
(0.056 0.002 0.001)
(0.057 0.002 0.001)
(0.058 0.002 0.001)
(0.059 0.002 0.001)
(0.06 0.002 0.001)
(0.061 0.002 0.001)
(0.062 0.002 0.001)
(0.063 0.002 0.001)
(0.064 0.002 0.001)
(0.065 0.002 0.001)
(0.066 0.002 0.001)
(0.067 0.002 0.001)
(0.068 0.002 0.001)
(0.069 0.002 0.001)
(0.07 0.002 0.001)
(0 0.003 0.001)
(0.001 0.003 0.001)
(0.002 0.003 0.001)
(0.003 0.003 0.001)
(0.004 0.003 0.001)
(0.005 0.003 0.001)
(0.006 0.003 0.001)
(0.007 0.003 0.001)
(0.008 0.003 0.001)
(0.009 0.003 0.001)
(0.01 0.003 0.001)
(0.011 0.003 0.001)
(0.012 0.003 0.001)
(0.013 0.003 0.001)
(0.014 0.003 0.001)
(0.015 0.003 0.001)
(0.016 0.003 0.001)
(0.017 0.003 0.001)
(0.018 0.003 0.001)
(0.019 0.003 0.001)
(0.02 0.003 0.001)
(0.021 0.003 0.001)
(0.022 0.003 0.001)
(0.023 0.003 0.001)
(0.024 0.003 0.001)
(0.025 0.003 0.001)
(0.026 0.003 0.001)
(0.027 0.003 0.001)
(0.028 0.003 0.001)
(0.029 0.003 0.001)
(0.03 0.003 0.001)
(0.031 0.003 0.001)
(0.032 0.003 0.001)
(0.033 0.003 0.001)
(0.034 0.003 0.001)
(0.035 0.003 0.001)
(0.036 0.003 0.001)
(0.037 0.003 0.001)
(0.038 0.003 0.001)
(0.039 0.003 0.001)
(0.04 0.003 0.001)
(0.041 0.003 0.001)
(0.042 0.003 0.001)
(0.043 0.003 0.001)
(0.044 0.003 0.001)
(0.045 0.003 0.001)
(0.046 0.003 0.001)
(0.047 0.003 0.001)
(0.048 0.003 0.001)
(0.049 0.003 0.001)
(0.05 0.003 0.001)
(0.051 0.003 0.001)
(0.052 0.003 0.001)
(0.053 0.003 0.001)
(0.054 0.003 0.001)
(0.055 0.003 0.001)
(0.056 0.003 0.001)
(0.057 0.003 0.001)
(0.058 0.003 0.001)
(0.059 0.003 0.001)
(0.06 0.003 0.001)
(0.061 0.003 0.001)
(0.062 0.003 0.001)
(0.063 0.003 0.001)
(0.064 0.003 0.001)
(0.065 0.003 0.001)
(0.066 0.003 0.001)
(0.067 0.003 0.001)
(0.068 0.003 0.001)
(0.069 0.003 0.001)
(0.07 0.003 0.001)
(0 0.004 0.001)
(0.001 0.004 0.001)
(0.002 0.004 0.001)
(0.003 0.004 0.001)
(0.004 0.004 0.001)
(0.005 0.004 0.001)
(0.006 0.004 0.001)
(0.007 0.004 0.001)
(0.008 0.004 0.001)
(0.009 0.004 0.001)
(0.01 0.004 0.001)
(0.011 0.004 0.001)
(0.012 0.004 0.001)
(0.013 0.004 0.001)
(0.014 0.004 0.001)
(0.015 0.004 0.001)
(0.016 0.004 0.001)
(0.017 0.004 0.001)
(0.018 0.004 0.001)
(0.019 0.004 0.001)
(0.02 0.004 0.001)
(0.021 0.004 0.001)
(0.022 0.004 0.001)
(0.023 0.004 0.001)
(0.024 0.004 0.001)
(0.025 0.004 0.001)
(0.026 0.004 0.001)
(0.027 0.004 0.001)
(0.028 0.004 0.001)
(0.029 0.004 0.001)
(0.03 0.004 0.001)
(0.031 0.004 0.001)
(0.032 0.004 0.001)
(0.033 0.004 0.001)
(0.034 0.004 0.001)
(0.035 0.004 0.001)
(0.036 0.004 0.001)
(0.037 0.004 0.001)
(0.038 0.004 0.001)
(0.039 0.004 0.001)
(0.04 0.004 0.001)
(0.041 0.004 0.001)
(0.042 0.004 0.001)
(0.043 0.004 0.001)
(0.044 0.004 0.001)
(0.045 0.004 0.001)
(0.046 0.004 0.001)
(0.047 0.004 0.001)
(0.048 0.004 0.001)
(0.049 0.004 0.001)
(0.05 0.004 0.001)
(0.051 0.004 0.001)
(0.052 0.004 0.001)
(0.053 0.004 0.001)
(0.054 0.004 0.001)
(0.055 0.004 0.001)
(0.056 0.004 0.001)
(0.057 0.004 0.001)
(0.058 0.004 0.001)
(0.059 0.004 0.001)
(0.06 0.004 0.001)
(0.061 0.004 0.001)
(0.062 0.004 0.001)
(0.063 0.004 0.001)
(0.064 0.004 0.001)
(0.065 0.004 0.001)
(0.066 0.004 0.001)
(0.067 0.004 0.001)
(0.068 0.004 0.001)
(0.069 0.004 0.001)
(0.07 0.004 0.001)
(0 0.005 0.001)
(0.001 0.005 0.001)
(0.002 0.005 0.001)
(0.003 0.005 0.001)
(0.004 0.005 0.001)
(0.005 0.005 0.001)
(0.006 0.005 0.001)
(0.007 0.005 0.001)
(0.008 0.005 0.001)
(0.009 0.005 0.001)
(0.01 0.005 0.001)
(0.011 0.005 0.001)
(0.012 0.005 0.001)
(0.013 0.005 0.001)
(0.014 0.005 0.001)
(0.015 0.005 0.001)
(0.016 0.005 0.001)
(0.017 0.005 0.001)
(0.018 0.005 0.001)
(0.019 0.005 0.001)
(0.02 0.005 0.001)
(0.021 0.005 0.001)
(0.022 0.005 0.001)
(0.023 0.005 0.001)
(0.024 0.005 0.001)
(0.025 0.005 0.001)
(0.026 0.005 0.001)
(0.027 0.005 0.001)
(0.028 0.005 0.001)
(0.029 0.005 0.001)
(0.03 0.005 0.001)
(0.031 0.005 0.001)
(0.032 0.005 0.001)
(0.033 0.005 0.001)
(0.034 0.005 0.001)
(0.035 0.005 0.001)
(0.036 0.005 0.001)
(0.037 0.005 0.001)
(0.038 0.005 0.001)
(0.039 0.005 0.001)
(0.04 0.005 0.001)
(0.041 0.005 0.001)
(0.042 0.005 0.001)
(0.043 0.005 0.001)
(0.044 0.005 0.001)
(0.045 0.005 0.001)
(0.046 0.005 0.001)
(0.047 0.005 0.001)
(0.048 0.005 0.001)
(0.049 0.005 0.001)
(0.05 0.005 0.001)
(0.051 0.005 0.001)
(0.052 0.005 0.001)
(0.053 0.005 0.001)
(0.054 0.005 0.001)
(0.055 0.005 0.001)
(0.056 0.005 0.001)
(0.057 0.005 0.001)
(0.058 0.005 0.001)
(0.059 0.005 0.001)
(0.06 0.005 0.001)
(0.061 0.005 0.001)
(0.062 0.005 0.001)
(0.063 0.005 0.001)
(0.064 0.005 0.001)
(0.065 0.005 0.001)
(0.066 0.005 0.001)
(0.067 0.005 0.001)
(0.068 0.005 0.001)
(0.069 0.005 0.001)
(0.07 0.005 0.001)
(0 0.006 0.001)
(0.001 0.006 0.001)
(0.002 0.006 0.001)
(0.003 0.006 0.001)
(0.004 0.006 0.001)
(0.005 0.006 0.001)
(0.006 0.006 0.001)
(0.007 0.006 0.001)
(0.008 0.006 0.001)
(0.009 0.006 0.001)
(0.01 0.006 0.001)
(0.011 0.006 0.001)
(0.012 0.006 0.001)
(0.013 0.006 0.001)
(0.014 0.006 0.001)
(0.015 0.006 0.001)
(0.016 0.006 0.001)
(0.017 0.006 0.001)
(0.018 0.006 0.001)
(0.019 0.006 0.001)
(0.02 0.006 0.001)
(0.021 0.006 0.001)
(0.022 0.006 0.001)
(0.023 0.006 0.001)
(0.024 0.006 0.001)
(0.025 0.006 0.001)
(0.026 0.006 0.001)
(0.027 0.006 0.001)
(0.028 0.006 0.001)
(0.029 0.006 0.001)
(0.03 0.006 0.001)
(0.031 0.006 0.001)
(0.032 0.006 0.001)
(0.033 0.006 0.001)
(0.034 0.006 0.001)
(0.035 0.006 0.001)
(0.036 0.006 0.001)
(0.037 0.006 0.001)
(0.038 0.006 0.001)
(0.039 0.006 0.001)
(0.04 0.006 0.001)
(0.041 0.006 0.001)
(0.042 0.006 0.001)
(0.043 0.006 0.001)
(0.044 0.006 0.001)
(0.045 0.006 0.001)
(0.046 0.006 0.001)
(0.047 0.006 0.001)
(0.048 0.006 0.001)
(0.049 0.006 0.001)
(0.05 0.006 0.001)
(0.051 0.006 0.001)
(0.052 0.006 0.001)
(0.053 0.006 0.001)
(0.054 0.006 0.001)
(0.055 0.006 0.001)
(0.056 0.006 0.001)
(0.057 0.006 0.001)
(0.058 0.006 0.001)
(0.059 0.006 0.001)
(0.06 0.006 0.001)
(0.061 0.006 0.001)
(0.062 0.006 0.001)
(0.063 0.006 0.001)
(0.064 0.006 0.001)
(0.065 0.006 0.001)
(0.066 0.006 0.001)
(0.067 0.006 0.001)
(0.068 0.006 0.001)
(0.069 0.006 0.001)
(0.07 0.006 0.001)
(0 0.007 0.001)
(0.001 0.007 0.001)
(0.002 0.007 0.001)
(0.003 0.007 0.001)
(0.004 0.007 0.001)
(0.005 0.007 0.001)
(0.006 0.007 0.001)
(0.007 0.007 0.001)
(0.008 0.007 0.001)
(0.009 0.007 0.001)
(0.01 0.007 0.001)
(0.011 0.007 0.001)
(0.012 0.007 0.001)
(0.013 0.007 0.001)
(0.014 0.007 0.001)
(0.015 0.007 0.001)
(0.016 0.007 0.001)
(0.017 0.007 0.001)
(0.018 0.007 0.001)
(0.019 0.007 0.001)
(0.02 0.007 0.001)
(0.021 0.007 0.001)
(0.022 0.007 0.001)
(0.023 0.007 0.001)
(0.024 0.007 0.001)
(0.025 0.007 0.001)
(0.026 0.007 0.001)
(0.027 0.007 0.001)
(0.028 0.007 0.001)
(0.029 0.007 0.001)
(0.03 0.007 0.001)
(0.031 0.007 0.001)
(0.032 0.007 0.001)
(0.033 0.007 0.001)
(0.034 0.007 0.001)
(0.035 0.007 0.001)
(0.036 0.007 0.001)
(0.037 0.007 0.001)
(0.038 0.007 0.001)
(0.039 0.007 0.001)
(0.04 0.007 0.001)
(0.041 0.007 0.001)
(0.042 0.007 0.001)
(0.043 0.007 0.001)
(0.044 0.007 0.001)
(0.045 0.007 0.001)
(0.046 0.007 0.001)
(0.047 0.007 0.001)
(0.048 0.007 0.001)
(0.049 0.007 0.001)
(0.05 0.007 0.001)
(0.051 0.007 0.001)
(0.052 0.007 0.001)
(0.053 0.007 0.001)
(0.054 0.007 0.001)
(0.055 0.007 0.001)
(0.056 0.007 0.001)
(0.057 0.007 0.001)
(0.058 0.007 0.001)
(0.059 0.007 0.001)
(0.06 0.007 0.001)
(0.061 0.007 0.001)
(0.062 0.007 0.001)
(0.063 0.007 0.001)
(0.064 0.007 0.001)
(0.065 0.007 0.001)
(0.066 0.007 0.001)
(0.067 0.007 0.001)
(0.068 0.007 0.001)
(0.069 0.007 0.001)
(0.07 0.007 0.001)
(0 0.008 0.001)
(0.001 0.008 0.001)
(0.002 0.008 0.001)
(0.003 0.008 0.001)
(0.004 0.008 0.001)
(0.005 0.008 0.001)
(0.006 0.008 0.001)
(0.007 0.008 0.001)
(0.008 0.008 0.001)
(0.009 0.008 0.001)
(0.01 0.008 0.001)
(0.011 0.008 0.001)
(0.012 0.008 0.001)
(0.013 0.008 0.001)
(0.014 0.008 0.001)
(0.015 0.008 0.001)
(0.016 0.008 0.001)
(0.017 0.008 0.001)
(0.018 0.008 0.001)
(0.019 0.008 0.001)
(0.02 0.008 0.001)
(0.021 0.008 0.001)
(0.022 0.008 0.001)
(0.023 0.008 0.001)
(0.024 0.008 0.001)
(0.025 0.008 0.001)
(0.026 0.008 0.001)
(0.027 0.008 0.001)
(0.028 0.008 0.001)
(0.029 0.008 0.001)
(0.03 0.008 0.001)
(0.031 0.008 0.001)
(0.032 0.008 0.001)
(0.033 0.008 0.001)
(0.034 0.008 0.001)
(0.035 0.008 0.001)
(0.036 0.008 0.001)
(0.037 0.008 0.001)
(0.038 0.008 0.001)
(0.039 0.008 0.001)
(0.04 0.008 0.001)
(0.041 0.008 0.001)
(0.042 0.008 0.001)
(0.043 0.008 0.001)
(0.044 0.008 0.001)
(0.045 0.008 0.001)
(0.046 0.008 0.001)
(0.047 0.008 0.001)
(0.048 0.008 0.001)
(0.049 0.008 0.001)
(0.05 0.008 0.001)
(0.051 0.008 0.001)
(0.052 0.008 0.001)
(0.053 0.008 0.001)
(0.054 0.008 0.001)
(0.055 0.008 0.001)
(0.056 0.008 0.001)
(0.057 0.008 0.001)
(0.058 0.008 0.001)
(0.059 0.008 0.001)
(0.06 0.008 0.001)
(0.061 0.008 0.001)
(0.062 0.008 0.001)
(0.063 0.008 0.001)
(0.064 0.008 0.001)
(0.065 0.008 0.001)
(0.066 0.008 0.001)
(0.067 0.008 0.001)
(0.068 0.008 0.001)
(0.069 0.008 0.001)
(0.07 0.008 0.001)
(0 0.009 0.001)
(0.001 0.009 0.001)
(0.002 0.009 0.001)
(0.003 0.009 0.001)
(0.004 0.009 0.001)
(0.005 0.009 0.001)
(0.006 0.009 0.001)
(0.007 0.009 0.001)
(0.008 0.009 0.001)
(0.009 0.009 0.001)
(0.01 0.009 0.001)
(0.011 0.009 0.001)
(0.012 0.009 0.001)
(0.013 0.009 0.001)
(0.014 0.009 0.001)
(0.015 0.009 0.001)
(0.016 0.009 0.001)
(0.017 0.009 0.001)
(0.018 0.009 0.001)
(0.019 0.009 0.001)
(0.02 0.009 0.001)
(0.021 0.009 0.001)
(0.022 0.009 0.001)
(0.023 0.009 0.001)
(0.024 0.009 0.001)
(0.025 0.009 0.001)
(0.026 0.009 0.001)
(0.027 0.009 0.001)
(0.028 0.009 0.001)
(0.029 0.009 0.001)
(0.03 0.009 0.001)
(0.031 0.009 0.001)
(0.032 0.009 0.001)
(0.033 0.009 0.001)
(0.034 0.009 0.001)
(0.035 0.009 0.001)
(0.036 0.009 0.001)
(0.037 0.009 0.001)
(0.038 0.009 0.001)
(0.039 0.009 0.001)
(0.04 0.009 0.001)
(0.041 0.009 0.001)
(0.042 0.009 0.001)
(0.043 0.009 0.001)
(0.044 0.009 0.001)
(0.045 0.009 0.001)
(0.046 0.009 0.001)
(0.047 0.009 0.001)
(0.048 0.009 0.001)
(0.049 0.009 0.001)
(0.05 0.009 0.001)
(0.051 0.009 0.001)
(0.052 0.009 0.001)
(0.053 0.009 0.001)
(0.054 0.009 0.001)
(0.055 0.009 0.001)
(0.056 0.009 0.001)
(0.057 0.009 0.001)
(0.058 0.009 0.001)
(0.059 0.009 0.001)
(0.06 0.009 0.001)
(0.061 0.009 0.001)
(0.062 0.009 0.001)
(0.063 0.009 0.001)
(0.064 0.009 0.001)
(0.065 0.009 0.001)
(0.066 0.009 0.001)
(0.067 0.009 0.001)
(0.068 0.009 0.001)
(0.069 0.009 0.001)
(0.07 0.009 0.001)
(0 0.01 0.001)
(0.001 0.01 0.001)
(0.002 0.01 0.001)
(0.003 0.01 0.001)
(0.004 0.01 0.001)
(0.005 0.01 0.001)
(0.006 0.01 0.001)
(0.007 0.01 0.001)
(0.008 0.01 0.001)
(0.009 0.01 0.001)
(0.01 0.01 0.001)
(0.011 0.01 0.001)
(0.012 0.01 0.001)
(0.013 0.01 0.001)
(0.014 0.01 0.001)
(0.015 0.01 0.001)
(0.016 0.01 0.001)
(0.017 0.01 0.001)
(0.018 0.01 0.001)
(0.019 0.01 0.001)
(0.02 0.01 0.001)
(0.021 0.01 0.001)
(0.022 0.01 0.001)
(0.023 0.01 0.001)
(0.024 0.01 0.001)
(0.025 0.01 0.001)
(0.026 0.01 0.001)
(0.027 0.01 0.001)
(0.028 0.01 0.001)
(0.029 0.01 0.001)
(0.03 0.01 0.001)
(0.031 0.01 0.001)
(0.032 0.01 0.001)
(0.033 0.01 0.001)
(0.034 0.01 0.001)
(0.035 0.01 0.001)
(0.036 0.01 0.001)
(0.037 0.01 0.001)
(0.038 0.01 0.001)
(0.039 0.01 0.001)
(0.04 0.01 0.001)
(0.041 0.01 0.001)
(0.042 0.01 0.001)
(0.043 0.01 0.001)
(0.044 0.01 0.001)
(0.045 0.01 0.001)
(0.046 0.01 0.001)
(0.047 0.01 0.001)
(0.048 0.01 0.001)
(0.049 0.01 0.001)
(0.05 0.01 0.001)
(0.051 0.01 0.001)
(0.052 0.01 0.001)
(0.053 0.01 0.001)
(0.054 0.01 0.001)
(0.055 0.01 0.001)
(0.056 0.01 0.001)
(0.057 0.01 0.001)
(0.058 0.01 0.001)
(0.059 0.01 0.001)
(0.06 0.01 0.001)
(0.061 0.01 0.001)
(0.062 0.01 0.001)
(0.063 0.01 0.001)
(0.064 0.01 0.001)
(0.065 0.01 0.001)
(0.066 0.01 0.001)
(0.067 0.01 0.001)
(0.068 0.01 0.001)
(0.069 0.01 0.001)
(0.07 0.01 0.001)
(0 0.011 0.001)
(0.001 0.011 0.001)
(0.002 0.011 0.001)
(0.003 0.011 0.001)
(0.004 0.011 0.001)
(0.005 0.011 0.001)
(0.006 0.011 0.001)
(0.007 0.011 0.001)
(0.008 0.011 0.001)
(0.009 0.011 0.001)
(0.01 0.011 0.001)
(0.011 0.011 0.001)
(0.012 0.011 0.001)
(0.013 0.011 0.001)
(0.014 0.011 0.001)
(0.015 0.011 0.001)
(0.016 0.011 0.001)
(0.017 0.011 0.001)
(0.018 0.011 0.001)
(0.019 0.011 0.001)
(0.02 0.011 0.001)
(0.021 0.011 0.001)
(0.022 0.011 0.001)
(0.023 0.011 0.001)
(0.024 0.011 0.001)
(0.025 0.011 0.001)
(0.026 0.011 0.001)
(0.027 0.011 0.001)
(0.028 0.011 0.001)
(0.029 0.011 0.001)
(0.03 0.011 0.001)
(0.031 0.011 0.001)
(0.032 0.011 0.001)
(0.033 0.011 0.001)
(0.034 0.011 0.001)
(0.035 0.011 0.001)
(0.036 0.011 0.001)
(0.037 0.011 0.001)
(0.038 0.011 0.001)
(0.039 0.011 0.001)
(0.04 0.011 0.001)
(0.041 0.011 0.001)
(0.042 0.011 0.001)
(0.043 0.011 0.001)
(0.044 0.011 0.001)
(0.045 0.011 0.001)
(0.046 0.011 0.001)
(0.047 0.011 0.001)
(0.048 0.011 0.001)
(0.049 0.011 0.001)
(0.05 0.011 0.001)
(0.051 0.011 0.001)
(0.052 0.011 0.001)
(0.053 0.011 0.001)
(0.054 0.011 0.001)
(0.055 0.011 0.001)
(0.056 0.011 0.001)
(0.057 0.011 0.001)
(0.058 0.011 0.001)
(0.059 0.011 0.001)
(0.06 0.011 0.001)
(0.061 0.011 0.001)
(0.062 0.011 0.001)
(0.063 0.011 0.001)
(0.064 0.011 0.001)
(0.065 0.011 0.001)
(0.066 0.011 0.001)
(0.067 0.011 0.001)
(0.068 0.011 0.001)
(0.069 0.011 0.001)
(0.07 0.011 0.001)
(0 0.012 0.001)
(0.001 0.012 0.001)
(0.002 0.012 0.001)
(0.003 0.012 0.001)
(0.004 0.012 0.001)
(0.005 0.012 0.001)
(0.006 0.012 0.001)
(0.007 0.012 0.001)
(0.008 0.012 0.001)
(0.009 0.012 0.001)
(0.01 0.012 0.001)
(0.011 0.012 0.001)
(0.012 0.012 0.001)
(0.013 0.012 0.001)
(0.014 0.012 0.001)
(0.015 0.012 0.001)
(0.016 0.012 0.001)
(0.017 0.012 0.001)
(0.018 0.012 0.001)
(0.019 0.012 0.001)
(0.02 0.012 0.001)
(0.021 0.012 0.001)
(0.022 0.012 0.001)
(0.023 0.012 0.001)
(0.024 0.012 0.001)
(0.025 0.012 0.001)
(0.026 0.012 0.001)
(0.027 0.012 0.001)
(0.028 0.012 0.001)
(0.029 0.012 0.001)
(0.03 0.012 0.001)
(0.031 0.012 0.001)
(0.032 0.012 0.001)
(0.033 0.012 0.001)
(0.034 0.012 0.001)
(0.035 0.012 0.001)
(0.036 0.012 0.001)
(0.037 0.012 0.001)
(0.038 0.012 0.001)
(0.039 0.012 0.001)
(0.04 0.012 0.001)
(0.041 0.012 0.001)
(0.042 0.012 0.001)
(0.043 0.012 0.001)
(0.044 0.012 0.001)
(0.045 0.012 0.001)
(0.046 0.012 0.001)
(0.047 0.012 0.001)
(0.048 0.012 0.001)
(0.049 0.012 0.001)
(0.05 0.012 0.001)
(0.051 0.012 0.001)
(0.052 0.012 0.001)
(0.053 0.012 0.001)
(0.054 0.012 0.001)
(0.055 0.012 0.001)
(0.056 0.012 0.001)
(0.057 0.012 0.001)
(0.058 0.012 0.001)
(0.059 0.012 0.001)
(0.06 0.012 0.001)
(0.061 0.012 0.001)
(0.062 0.012 0.001)
(0.063 0.012 0.001)
(0.064 0.012 0.001)
(0.065 0.012 0.001)
(0.066 0.012 0.001)
(0.067 0.012 0.001)
(0.068 0.012 0.001)
(0.069 0.012 0.001)
(0.07 0.012 0.001)
(0 0.013 0.001)
(0.001 0.013 0.001)
(0.002 0.013 0.001)
(0.003 0.013 0.001)
(0.004 0.013 0.001)
(0.005 0.013 0.001)
(0.006 0.013 0.001)
(0.007 0.013 0.001)
(0.008 0.013 0.001)
(0.009 0.013 0.001)
(0.01 0.013 0.001)
(0.011 0.013 0.001)
(0.012 0.013 0.001)
(0.013 0.013 0.001)
(0.014 0.013 0.001)
(0.015 0.013 0.001)
(0.016 0.013 0.001)
(0.017 0.013 0.001)
(0.018 0.013 0.001)
(0.019 0.013 0.001)
(0.02 0.013 0.001)
(0.021 0.013 0.001)
(0.022 0.013 0.001)
(0.023 0.013 0.001)
(0.024 0.013 0.001)
(0.025 0.013 0.001)
(0.026 0.013 0.001)
(0.027 0.013 0.001)
(0.028 0.013 0.001)
(0.029 0.013 0.001)
(0.03 0.013 0.001)
(0.031 0.013 0.001)
(0.032 0.013 0.001)
(0.033 0.013 0.001)
(0.034 0.013 0.001)
(0.035 0.013 0.001)
(0.036 0.013 0.001)
(0.037 0.013 0.001)
(0.038 0.013 0.001)
(0.039 0.013 0.001)
(0.04 0.013 0.001)
(0.041 0.013 0.001)
(0.042 0.013 0.001)
(0.043 0.013 0.001)
(0.044 0.013 0.001)
(0.045 0.013 0.001)
(0.046 0.013 0.001)
(0.047 0.013 0.001)
(0.048 0.013 0.001)
(0.049 0.013 0.001)
(0.05 0.013 0.001)
(0.051 0.013 0.001)
(0.052 0.013 0.001)
(0.053 0.013 0.001)
(0.054 0.013 0.001)
(0.055 0.013 0.001)
(0.056 0.013 0.001)
(0.057 0.013 0.001)
(0.058 0.013 0.001)
(0.059 0.013 0.001)
(0.06 0.013 0.001)
(0.061 0.013 0.001)
(0.062 0.013 0.001)
(0.063 0.013 0.001)
(0.064 0.013 0.001)
(0.065 0.013 0.001)
(0.066 0.013 0.001)
(0.067 0.013 0.001)
(0.068 0.013 0.001)
(0.069 0.013 0.001)
(0.07 0.013 0.001)
(0 0.014 0.001)
(0.001 0.014 0.001)
(0.002 0.014 0.001)
(0.003 0.014 0.001)
(0.004 0.014 0.001)
(0.005 0.014 0.001)
(0.006 0.014 0.001)
(0.007 0.014 0.001)
(0.008 0.014 0.001)
(0.009 0.014 0.001)
(0.01 0.014 0.001)
(0.011 0.014 0.001)
(0.012 0.014 0.001)
(0.013 0.014 0.001)
(0.014 0.014 0.001)
(0.015 0.014 0.001)
(0.016 0.014 0.001)
(0.017 0.014 0.001)
(0.018 0.014 0.001)
(0.019 0.014 0.001)
(0.02 0.014 0.001)
(0.021 0.014 0.001)
(0.022 0.014 0.001)
(0.023 0.014 0.001)
(0.024 0.014 0.001)
(0.025 0.014 0.001)
(0.026 0.014 0.001)
(0.027 0.014 0.001)
(0.028 0.014 0.001)
(0.029 0.014 0.001)
(0.03 0.014 0.001)
(0.031 0.014 0.001)
(0.032 0.014 0.001)
(0.033 0.014 0.001)
(0.034 0.014 0.001)
(0.035 0.014 0.001)
(0.036 0.014 0.001)
(0.037 0.014 0.001)
(0.038 0.014 0.001)
(0.039 0.014 0.001)
(0.04 0.014 0.001)
(0.041 0.014 0.001)
(0.042 0.014 0.001)
(0.043 0.014 0.001)
(0.044 0.014 0.001)
(0.045 0.014 0.001)
(0.046 0.014 0.001)
(0.047 0.014 0.001)
(0.048 0.014 0.001)
(0.049 0.014 0.001)
(0.05 0.014 0.001)
(0.051 0.014 0.001)
(0.052 0.014 0.001)
(0.053 0.014 0.001)
(0.054 0.014 0.001)
(0.055 0.014 0.001)
(0.056 0.014 0.001)
(0.057 0.014 0.001)
(0.058 0.014 0.001)
(0.059 0.014 0.001)
(0.06 0.014 0.001)
(0.061 0.014 0.001)
(0.062 0.014 0.001)
(0.063 0.014 0.001)
(0.064 0.014 0.001)
(0.065 0.014 0.001)
(0.066 0.014 0.001)
(0.067 0.014 0.001)
(0.068 0.014 0.001)
(0.069 0.014 0.001)
(0.07 0.014 0.001)
(0 0.015 0.001)
(0.001 0.015 0.001)
(0.002 0.015 0.001)
(0.003 0.015 0.001)
(0.004 0.015 0.001)
(0.005 0.015 0.001)
(0.006 0.015 0.001)
(0.007 0.015 0.001)
(0.008 0.015 0.001)
(0.009 0.015 0.001)
(0.01 0.015 0.001)
(0.011 0.015 0.001)
(0.012 0.015 0.001)
(0.013 0.015 0.001)
(0.014 0.015 0.001)
(0.015 0.015 0.001)
(0.016 0.015 0.001)
(0.017 0.015 0.001)
(0.018 0.015 0.001)
(0.019 0.015 0.001)
(0.02 0.015 0.001)
(0.021 0.015 0.001)
(0.022 0.015 0.001)
(0.023 0.015 0.001)
(0.024 0.015 0.001)
(0.025 0.015 0.001)
(0.026 0.015 0.001)
(0.027 0.015 0.001)
(0.028 0.015 0.001)
(0.029 0.015 0.001)
(0.03 0.015 0.001)
(0.031 0.015 0.001)
(0.032 0.015 0.001)
(0.033 0.015 0.001)
(0.034 0.015 0.001)
(0.035 0.015 0.001)
(0.036 0.015 0.001)
(0.037 0.015 0.001)
(0.038 0.015 0.001)
(0.039 0.015 0.001)
(0.04 0.015 0.001)
(0.041 0.015 0.001)
(0.042 0.015 0.001)
(0.043 0.015 0.001)
(0.044 0.015 0.001)
(0.045 0.015 0.001)
(0.046 0.015 0.001)
(0.047 0.015 0.001)
(0.048 0.015 0.001)
(0.049 0.015 0.001)
(0.05 0.015 0.001)
(0.051 0.015 0.001)
(0.052 0.015 0.001)
(0.053 0.015 0.001)
(0.054 0.015 0.001)
(0.055 0.015 0.001)
(0.056 0.015 0.001)
(0.057 0.015 0.001)
(0.058 0.015 0.001)
(0.059 0.015 0.001)
(0.06 0.015 0.001)
(0.061 0.015 0.001)
(0.062 0.015 0.001)
(0.063 0.015 0.001)
(0.064 0.015 0.001)
(0.065 0.015 0.001)
(0.066 0.015 0.001)
(0.067 0.015 0.001)
(0.068 0.015 0.001)
(0.069 0.015 0.001)
(0.07 0.015 0.001)
(0 0.016 0.001)
(0.001 0.016 0.001)
(0.002 0.016 0.001)
(0.003 0.016 0.001)
(0.004 0.016 0.001)
(0.005 0.016 0.001)
(0.006 0.016 0.001)
(0.007 0.016 0.001)
(0.008 0.016 0.001)
(0.009 0.016 0.001)
(0.01 0.016 0.001)
(0.011 0.016 0.001)
(0.012 0.016 0.001)
(0.013 0.016 0.001)
(0.014 0.016 0.001)
(0.015 0.016 0.001)
(0.016 0.016 0.001)
(0.017 0.016 0.001)
(0.018 0.016 0.001)
(0.019 0.016 0.001)
(0.02 0.016 0.001)
(0.021 0.016 0.001)
(0.022 0.016 0.001)
(0.023 0.016 0.001)
(0.024 0.016 0.001)
(0.025 0.016 0.001)
(0.026 0.016 0.001)
(0.027 0.016 0.001)
(0.028 0.016 0.001)
(0.029 0.016 0.001)
(0.03 0.016 0.001)
(0.031 0.016 0.001)
(0.032 0.016 0.001)
(0.033 0.016 0.001)
(0.034 0.016 0.001)
(0.035 0.016 0.001)
(0.036 0.016 0.001)
(0.037 0.016 0.001)
(0.038 0.016 0.001)
(0.039 0.016 0.001)
(0.04 0.016 0.001)
(0.041 0.016 0.001)
(0.042 0.016 0.001)
(0.043 0.016 0.001)
(0.044 0.016 0.001)
(0.045 0.016 0.001)
(0.046 0.016 0.001)
(0.047 0.016 0.001)
(0.048 0.016 0.001)
(0.049 0.016 0.001)
(0.05 0.016 0.001)
(0.051 0.016 0.001)
(0.052 0.016 0.001)
(0.053 0.016 0.001)
(0.054 0.016 0.001)
(0.055 0.016 0.001)
(0.056 0.016 0.001)
(0.057 0.016 0.001)
(0.058 0.016 0.001)
(0.059 0.016 0.001)
(0.06 0.016 0.001)
(0.061 0.016 0.001)
(0.062 0.016 0.001)
(0.063 0.016 0.001)
(0.064 0.016 0.001)
(0.065 0.016 0.001)
(0.066 0.016 0.001)
(0.067 0.016 0.001)
(0.068 0.016 0.001)
(0.069 0.016 0.001)
(0.07 0.016 0.001)
(0 0.017 0.001)
(0.001 0.017 0.001)
(0.002 0.017 0.001)
(0.003 0.017 0.001)
(0.004 0.017 0.001)
(0.005 0.017 0.001)
(0.006 0.017 0.001)
(0.007 0.017 0.001)
(0.008 0.017 0.001)
(0.009 0.017 0.001)
(0.01 0.017 0.001)
(0.011 0.017 0.001)
(0.012 0.017 0.001)
(0.013 0.017 0.001)
(0.014 0.017 0.001)
(0.015 0.017 0.001)
(0.016 0.017 0.001)
(0.017 0.017 0.001)
(0.018 0.017 0.001)
(0.019 0.017 0.001)
(0.02 0.017 0.001)
(0.021 0.017 0.001)
(0.022 0.017 0.001)
(0.023 0.017 0.001)
(0.024 0.017 0.001)
(0.025 0.017 0.001)
(0.026 0.017 0.001)
(0.027 0.017 0.001)
(0.028 0.017 0.001)
(0.029 0.017 0.001)
(0.03 0.017 0.001)
(0.031 0.017 0.001)
(0.032 0.017 0.001)
(0.033 0.017 0.001)
(0.034 0.017 0.001)
(0.035 0.017 0.001)
(0.036 0.017 0.001)
(0.037 0.017 0.001)
(0.038 0.017 0.001)
(0.039 0.017 0.001)
(0.04 0.017 0.001)
(0.041 0.017 0.001)
(0.042 0.017 0.001)
(0.043 0.017 0.001)
(0.044 0.017 0.001)
(0.045 0.017 0.001)
(0.046 0.017 0.001)
(0.047 0.017 0.001)
(0.048 0.017 0.001)
(0.049 0.017 0.001)
(0.05 0.017 0.001)
(0.051 0.017 0.001)
(0.052 0.017 0.001)
(0.053 0.017 0.001)
(0.054 0.017 0.001)
(0.055 0.017 0.001)
(0.056 0.017 0.001)
(0.057 0.017 0.001)
(0.058 0.017 0.001)
(0.059 0.017 0.001)
(0.06 0.017 0.001)
(0.061 0.017 0.001)
(0.062 0.017 0.001)
(0.063 0.017 0.001)
(0.064 0.017 0.001)
(0.065 0.017 0.001)
(0.066 0.017 0.001)
(0.067 0.017 0.001)
(0.068 0.017 0.001)
(0.069 0.017 0.001)
(0.07 0.017 0.001)
(0 0.018 0.001)
(0.001 0.018 0.001)
(0.002 0.018 0.001)
(0.003 0.018 0.001)
(0.004 0.018 0.001)
(0.005 0.018 0.001)
(0.006 0.018 0.001)
(0.007 0.018 0.001)
(0.008 0.018 0.001)
(0.009 0.018 0.001)
(0.01 0.018 0.001)
(0.011 0.018 0.001)
(0.012 0.018 0.001)
(0.013 0.018 0.001)
(0.014 0.018 0.001)
(0.015 0.018 0.001)
(0.016 0.018 0.001)
(0.017 0.018 0.001)
(0.018 0.018 0.001)
(0.019 0.018 0.001)
(0.02 0.018 0.001)
(0.021 0.018 0.001)
(0.022 0.018 0.001)
(0.023 0.018 0.001)
(0.024 0.018 0.001)
(0.025 0.018 0.001)
(0.026 0.018 0.001)
(0.027 0.018 0.001)
(0.028 0.018 0.001)
(0.029 0.018 0.001)
(0.03 0.018 0.001)
(0.031 0.018 0.001)
(0.032 0.018 0.001)
(0.033 0.018 0.001)
(0.034 0.018 0.001)
(0.035 0.018 0.001)
(0.036 0.018 0.001)
(0.037 0.018 0.001)
(0.038 0.018 0.001)
(0.039 0.018 0.001)
(0.04 0.018 0.001)
(0.041 0.018 0.001)
(0.042 0.018 0.001)
(0.043 0.018 0.001)
(0.044 0.018 0.001)
(0.045 0.018 0.001)
(0.046 0.018 0.001)
(0.047 0.018 0.001)
(0.048 0.018 0.001)
(0.049 0.018 0.001)
(0.05 0.018 0.001)
(0.051 0.018 0.001)
(0.052 0.018 0.001)
(0.053 0.018 0.001)
(0.054 0.018 0.001)
(0.055 0.018 0.001)
(0.056 0.018 0.001)
(0.057 0.018 0.001)
(0.058 0.018 0.001)
(0.059 0.018 0.001)
(0.06 0.018 0.001)
(0.061 0.018 0.001)
(0.062 0.018 0.001)
(0.063 0.018 0.001)
(0.064 0.018 0.001)
(0.065 0.018 0.001)
(0.066 0.018 0.001)
(0.067 0.018 0.001)
(0.068 0.018 0.001)
(0.069 0.018 0.001)
(0.07 0.018 0.001)
(0 0.019 0.001)
(0.001 0.019 0.001)
(0.002 0.019 0.001)
(0.003 0.019 0.001)
(0.004 0.019 0.001)
(0.005 0.019 0.001)
(0.006 0.019 0.001)
(0.007 0.019 0.001)
(0.008 0.019 0.001)
(0.009 0.019 0.001)
(0.01 0.019 0.001)
(0.011 0.019 0.001)
(0.012 0.019 0.001)
(0.013 0.019 0.001)
(0.014 0.019 0.001)
(0.015 0.019 0.001)
(0.016 0.019 0.001)
(0.017 0.019 0.001)
(0.018 0.019 0.001)
(0.019 0.019 0.001)
(0.02 0.019 0.001)
(0.021 0.019 0.001)
(0.022 0.019 0.001)
(0.023 0.019 0.001)
(0.024 0.019 0.001)
(0.025 0.019 0.001)
(0.026 0.019 0.001)
(0.027 0.019 0.001)
(0.028 0.019 0.001)
(0.029 0.019 0.001)
(0.03 0.019 0.001)
(0.031 0.019 0.001)
(0.032 0.019 0.001)
(0.033 0.019 0.001)
(0.034 0.019 0.001)
(0.035 0.019 0.001)
(0.036 0.019 0.001)
(0.037 0.019 0.001)
(0.038 0.019 0.001)
(0.039 0.019 0.001)
(0.04 0.019 0.001)
(0.041 0.019 0.001)
(0.042 0.019 0.001)
(0.043 0.019 0.001)
(0.044 0.019 0.001)
(0.045 0.019 0.001)
(0.046 0.019 0.001)
(0.047 0.019 0.001)
(0.048 0.019 0.001)
(0.049 0.019 0.001)
(0.05 0.019 0.001)
(0.051 0.019 0.001)
(0.052 0.019 0.001)
(0.053 0.019 0.001)
(0.054 0.019 0.001)
(0.055 0.019 0.001)
(0.056 0.019 0.001)
(0.057 0.019 0.001)
(0.058 0.019 0.001)
(0.059 0.019 0.001)
(0.06 0.019 0.001)
(0.061 0.019 0.001)
(0.062 0.019 0.001)
(0.063 0.019 0.001)
(0.064 0.019 0.001)
(0.065 0.019 0.001)
(0.066 0.019 0.001)
(0.067 0.019 0.001)
(0.068 0.019 0.001)
(0.069 0.019 0.001)
(0.07 0.019 0.001)
(0 0.02 0.001)
(0.001 0.02 0.001)
(0.002 0.02 0.001)
(0.003 0.02 0.001)
(0.004 0.02 0.001)
(0.005 0.02 0.001)
(0.006 0.02 0.001)
(0.007 0.02 0.001)
(0.008 0.02 0.001)
(0.009 0.02 0.001)
(0.01 0.02 0.001)
(0.011 0.02 0.001)
(0.012 0.02 0.001)
(0.013 0.02 0.001)
(0.014 0.02 0.001)
(0.015 0.02 0.001)
(0.016 0.02 0.001)
(0.017 0.02 0.001)
(0.018 0.02 0.001)
(0.019 0.02 0.001)
(0.02 0.02 0.001)
(0.021 0.02 0.001)
(0.022 0.02 0.001)
(0.023 0.02 0.001)
(0.024 0.02 0.001)
(0.025 0.02 0.001)
(0.026 0.02 0.001)
(0.027 0.02 0.001)
(0.028 0.02 0.001)
(0.029 0.02 0.001)
(0.03 0.02 0.001)
(0.031 0.02 0.001)
(0.032 0.02 0.001)
(0.033 0.02 0.001)
(0.034 0.02 0.001)
(0.035 0.02 0.001)
(0.036 0.02 0.001)
(0.037 0.02 0.001)
(0.038 0.02 0.001)
(0.039 0.02 0.001)
(0.04 0.02 0.001)
(0.041 0.02 0.001)
(0.042 0.02 0.001)
(0.043 0.02 0.001)
(0.044 0.02 0.001)
(0.045 0.02 0.001)
(0.046 0.02 0.001)
(0.047 0.02 0.001)
(0.048 0.02 0.001)
(0.049 0.02 0.001)
(0.05 0.02 0.001)
(0.051 0.02 0.001)
(0.052 0.02 0.001)
(0.053 0.02 0.001)
(0.054 0.02 0.001)
(0.055 0.02 0.001)
(0.056 0.02 0.001)
(0.057 0.02 0.001)
(0.058 0.02 0.001)
(0.059 0.02 0.001)
(0.06 0.02 0.001)
(0.061 0.02 0.001)
(0.062 0.02 0.001)
(0.063 0.02 0.001)
(0.064 0.02 0.001)
(0.065 0.02 0.001)
(0.066 0.02 0.001)
(0.067 0.02 0.001)
(0.068 0.02 0.001)
(0.069 0.02 0.001)
(0.07 0.02 0.001)
(0 0.021 0.001)
(0.001 0.021 0.001)
(0.002 0.021 0.001)
(0.003 0.021 0.001)
(0.004 0.021 0.001)
(0.005 0.021 0.001)
(0.006 0.021 0.001)
(0.007 0.021 0.001)
(0.008 0.021 0.001)
(0.009 0.021 0.001)
(0.01 0.021 0.001)
(0.011 0.021 0.001)
(0.012 0.021 0.001)
(0.013 0.021 0.001)
(0.014 0.021 0.001)
(0.015 0.021 0.001)
(0.016 0.021 0.001)
(0.017 0.021 0.001)
(0.018 0.021 0.001)
(0.019 0.021 0.001)
(0.02 0.021 0.001)
(0.021 0.021 0.001)
(0.022 0.021 0.001)
(0.023 0.021 0.001)
(0.024 0.021 0.001)
(0.025 0.021 0.001)
(0.026 0.021 0.001)
(0.027 0.021 0.001)
(0.028 0.021 0.001)
(0.029 0.021 0.001)
(0.03 0.021 0.001)
(0.031 0.021 0.001)
(0.032 0.021 0.001)
(0.033 0.021 0.001)
(0.034 0.021 0.001)
(0.035 0.021 0.001)
(0.036 0.021 0.001)
(0.037 0.021 0.001)
(0.038 0.021 0.001)
(0.039 0.021 0.001)
(0.04 0.021 0.001)
(0.041 0.021 0.001)
(0.042 0.021 0.001)
(0.043 0.021 0.001)
(0.044 0.021 0.001)
(0.045 0.021 0.001)
(0.046 0.021 0.001)
(0.047 0.021 0.001)
(0.048 0.021 0.001)
(0.049 0.021 0.001)
(0.05 0.021 0.001)
(0.051 0.021 0.001)
(0.052 0.021 0.001)
(0.053 0.021 0.001)
(0.054 0.021 0.001)
(0.055 0.021 0.001)
(0.056 0.021 0.001)
(0.057 0.021 0.001)
(0.058 0.021 0.001)
(0.059 0.021 0.001)
(0.06 0.021 0.001)
(0.061 0.021 0.001)
(0.062 0.021 0.001)
(0.063 0.021 0.001)
(0.064 0.021 0.001)
(0.065 0.021 0.001)
(0.066 0.021 0.001)
(0.067 0.021 0.001)
(0.068 0.021 0.001)
(0.069 0.021 0.001)
(0.07 0.021 0.001)
(0 0.022 0.001)
(0.001 0.022 0.001)
(0.002 0.022 0.001)
(0.003 0.022 0.001)
(0.004 0.022 0.001)
(0.005 0.022 0.001)
(0.006 0.022 0.001)
(0.007 0.022 0.001)
(0.008 0.022 0.001)
(0.009 0.022 0.001)
(0.01 0.022 0.001)
(0.011 0.022 0.001)
(0.012 0.022 0.001)
(0.013 0.022 0.001)
(0.014 0.022 0.001)
(0.015 0.022 0.001)
(0.016 0.022 0.001)
(0.017 0.022 0.001)
(0.018 0.022 0.001)
(0.019 0.022 0.001)
(0.02 0.022 0.001)
(0.021 0.022 0.001)
(0.022 0.022 0.001)
(0.023 0.022 0.001)
(0.024 0.022 0.001)
(0.025 0.022 0.001)
(0.026 0.022 0.001)
(0.027 0.022 0.001)
(0.028 0.022 0.001)
(0.029 0.022 0.001)
(0.03 0.022 0.001)
(0.031 0.022 0.001)
(0.032 0.022 0.001)
(0.033 0.022 0.001)
(0.034 0.022 0.001)
(0.035 0.022 0.001)
(0.036 0.022 0.001)
(0.037 0.022 0.001)
(0.038 0.022 0.001)
(0.039 0.022 0.001)
(0.04 0.022 0.001)
(0.041 0.022 0.001)
(0.042 0.022 0.001)
(0.043 0.022 0.001)
(0.044 0.022 0.001)
(0.045 0.022 0.001)
(0.046 0.022 0.001)
(0.047 0.022 0.001)
(0.048 0.022 0.001)
(0.049 0.022 0.001)
(0.05 0.022 0.001)
(0.051 0.022 0.001)
(0.052 0.022 0.001)
(0.053 0.022 0.001)
(0.054 0.022 0.001)
(0.055 0.022 0.001)
(0.056 0.022 0.001)
(0.057 0.022 0.001)
(0.058 0.022 0.001)
(0.059 0.022 0.001)
(0.06 0.022 0.001)
(0.061 0.022 0.001)
(0.062 0.022 0.001)
(0.063 0.022 0.001)
(0.064 0.022 0.001)
(0.065 0.022 0.001)
(0.066 0.022 0.001)
(0.067 0.022 0.001)
(0.068 0.022 0.001)
(0.069 0.022 0.001)
(0.07 0.022 0.001)
(0 0.023 0.001)
(0.001 0.023 0.001)
(0.002 0.023 0.001)
(0.003 0.023 0.001)
(0.004 0.023 0.001)
(0.005 0.023 0.001)
(0.006 0.023 0.001)
(0.007 0.023 0.001)
(0.008 0.023 0.001)
(0.009 0.023 0.001)
(0.01 0.023 0.001)
(0.011 0.023 0.001)
(0.012 0.023 0.001)
(0.013 0.023 0.001)
(0.014 0.023 0.001)
(0.015 0.023 0.001)
(0.016 0.023 0.001)
(0.017 0.023 0.001)
(0.018 0.023 0.001)
(0.019 0.023 0.001)
(0.02 0.023 0.001)
(0.021 0.023 0.001)
(0.022 0.023 0.001)
(0.023 0.023 0.001)
(0.024 0.023 0.001)
(0.025 0.023 0.001)
(0.026 0.023 0.001)
(0.027 0.023 0.001)
(0.028 0.023 0.001)
(0.029 0.023 0.001)
(0.03 0.023 0.001)
(0.031 0.023 0.001)
(0.032 0.023 0.001)
(0.033 0.023 0.001)
(0.034 0.023 0.001)
(0.035 0.023 0.001)
(0.036 0.023 0.001)
(0.037 0.023 0.001)
(0.038 0.023 0.001)
(0.039 0.023 0.001)
(0.04 0.023 0.001)
(0.041 0.023 0.001)
(0.042 0.023 0.001)
(0.043 0.023 0.001)
(0.044 0.023 0.001)
(0.045 0.023 0.001)
(0.046 0.023 0.001)
(0.047 0.023 0.001)
(0.048 0.023 0.001)
(0.049 0.023 0.001)
(0.05 0.023 0.001)
(0.051 0.023 0.001)
(0.052 0.023 0.001)
(0.053 0.023 0.001)
(0.054 0.023 0.001)
(0.055 0.023 0.001)
(0.056 0.023 0.001)
(0.057 0.023 0.001)
(0.058 0.023 0.001)
(0.059 0.023 0.001)
(0.06 0.023 0.001)
(0.061 0.023 0.001)
(0.062 0.023 0.001)
(0.063 0.023 0.001)
(0.064 0.023 0.001)
(0.065 0.023 0.001)
(0.066 0.023 0.001)
(0.067 0.023 0.001)
(0.068 0.023 0.001)
(0.069 0.023 0.001)
(0.07 0.023 0.001)
(0 0.024 0.001)
(0.001 0.024 0.001)
(0.002 0.024 0.001)
(0.003 0.024 0.001)
(0.004 0.024 0.001)
(0.005 0.024 0.001)
(0.006 0.024 0.001)
(0.007 0.024 0.001)
(0.008 0.024 0.001)
(0.009 0.024 0.001)
(0.01 0.024 0.001)
(0.011 0.024 0.001)
(0.012 0.024 0.001)
(0.013 0.024 0.001)
(0.014 0.024 0.001)
(0.015 0.024 0.001)
(0.016 0.024 0.001)
(0.017 0.024 0.001)
(0.018 0.024 0.001)
(0.019 0.024 0.001)
(0.02 0.024 0.001)
(0.021 0.024 0.001)
(0.022 0.024 0.001)
(0.023 0.024 0.001)
(0.024 0.024 0.001)
(0.025 0.024 0.001)
(0.026 0.024 0.001)
(0.027 0.024 0.001)
(0.028 0.024 0.001)
(0.029 0.024 0.001)
(0.03 0.024 0.001)
(0.031 0.024 0.001)
(0.032 0.024 0.001)
(0.033 0.024 0.001)
(0.034 0.024 0.001)
(0.035 0.024 0.001)
(0.036 0.024 0.001)
(0.037 0.024 0.001)
(0.038 0.024 0.001)
(0.039 0.024 0.001)
(0.04 0.024 0.001)
(0.041 0.024 0.001)
(0.042 0.024 0.001)
(0.043 0.024 0.001)
(0.044 0.024 0.001)
(0.045 0.024 0.001)
(0.046 0.024 0.001)
(0.047 0.024 0.001)
(0.048 0.024 0.001)
(0.049 0.024 0.001)
(0.05 0.024 0.001)
(0.051 0.024 0.001)
(0.052 0.024 0.001)
(0.053 0.024 0.001)
(0.054 0.024 0.001)
(0.055 0.024 0.001)
(0.056 0.024 0.001)
(0.057 0.024 0.001)
(0.058 0.024 0.001)
(0.059 0.024 0.001)
(0.06 0.024 0.001)
(0.061 0.024 0.001)
(0.062 0.024 0.001)
(0.063 0.024 0.001)
(0.064 0.024 0.001)
(0.065 0.024 0.001)
(0.066 0.024 0.001)
(0.067 0.024 0.001)
(0.068 0.024 0.001)
(0.069 0.024 0.001)
(0.07 0.024 0.001)
(0 0.025 0.001)
(0.001 0.025 0.001)
(0.002 0.025 0.001)
(0.003 0.025 0.001)
(0.004 0.025 0.001)
(0.005 0.025 0.001)
(0.006 0.025 0.001)
(0.007 0.025 0.001)
(0.008 0.025 0.001)
(0.009 0.025 0.001)
(0.01 0.025 0.001)
(0.011 0.025 0.001)
(0.012 0.025 0.001)
(0.013 0.025 0.001)
(0.014 0.025 0.001)
(0.015 0.025 0.001)
(0.016 0.025 0.001)
(0.017 0.025 0.001)
(0.018 0.025 0.001)
(0.019 0.025 0.001)
(0.02 0.025 0.001)
(0.021 0.025 0.001)
(0.022 0.025 0.001)
(0.023 0.025 0.001)
(0.024 0.025 0.001)
(0.025 0.025 0.001)
(0.026 0.025 0.001)
(0.027 0.025 0.001)
(0.028 0.025 0.001)
(0.029 0.025 0.001)
(0.03 0.025 0.001)
(0.031 0.025 0.001)
(0.032 0.025 0.001)
(0.033 0.025 0.001)
(0.034 0.025 0.001)
(0.035 0.025 0.001)
(0.036 0.025 0.001)
(0.037 0.025 0.001)
(0.038 0.025 0.001)
(0.039 0.025 0.001)
(0.04 0.025 0.001)
(0.041 0.025 0.001)
(0.042 0.025 0.001)
(0.043 0.025 0.001)
(0.044 0.025 0.001)
(0.045 0.025 0.001)
(0.046 0.025 0.001)
(0.047 0.025 0.001)
(0.048 0.025 0.001)
(0.049 0.025 0.001)
(0.05 0.025 0.001)
(0.051 0.025 0.001)
(0.052 0.025 0.001)
(0.053 0.025 0.001)
(0.054 0.025 0.001)
(0.055 0.025 0.001)
(0.056 0.025 0.001)
(0.057 0.025 0.001)
(0.058 0.025 0.001)
(0.059 0.025 0.001)
(0.06 0.025 0.001)
(0.061 0.025 0.001)
(0.062 0.025 0.001)
(0.063 0.025 0.001)
(0.064 0.025 0.001)
(0.065 0.025 0.001)
(0.066 0.025 0.001)
(0.067 0.025 0.001)
(0.068 0.025 0.001)
(0.069 0.025 0.001)
(0.07 0.025 0.001)
(0 0.026 0.001)
(0.001 0.026 0.001)
(0.002 0.026 0.001)
(0.003 0.026 0.001)
(0.004 0.026 0.001)
(0.005 0.026 0.001)
(0.006 0.026 0.001)
(0.007 0.026 0.001)
(0.008 0.026 0.001)
(0.009 0.026 0.001)
(0.01 0.026 0.001)
(0.011 0.026 0.001)
(0.012 0.026 0.001)
(0.013 0.026 0.001)
(0.014 0.026 0.001)
(0.015 0.026 0.001)
(0.016 0.026 0.001)
(0.017 0.026 0.001)
(0.018 0.026 0.001)
(0.019 0.026 0.001)
(0.02 0.026 0.001)
(0.021 0.026 0.001)
(0.022 0.026 0.001)
(0.023 0.026 0.001)
(0.024 0.026 0.001)
(0.025 0.026 0.001)
(0.026 0.026 0.001)
(0.027 0.026 0.001)
(0.028 0.026 0.001)
(0.029 0.026 0.001)
(0.03 0.026 0.001)
(0.031 0.026 0.001)
(0.032 0.026 0.001)
(0.033 0.026 0.001)
(0.034 0.026 0.001)
(0.035 0.026 0.001)
(0.036 0.026 0.001)
(0.037 0.026 0.001)
(0.038 0.026 0.001)
(0.039 0.026 0.001)
(0.04 0.026 0.001)
(0.041 0.026 0.001)
(0.042 0.026 0.001)
(0.043 0.026 0.001)
(0.044 0.026 0.001)
(0.045 0.026 0.001)
(0.046 0.026 0.001)
(0.047 0.026 0.001)
(0.048 0.026 0.001)
(0.049 0.026 0.001)
(0.05 0.026 0.001)
(0.051 0.026 0.001)
(0.052 0.026 0.001)
(0.053 0.026 0.001)
(0.054 0.026 0.001)
(0.055 0.026 0.001)
(0.056 0.026 0.001)
(0.057 0.026 0.001)
(0.058 0.026 0.001)
(0.059 0.026 0.001)
(0.06 0.026 0.001)
(0.061 0.026 0.001)
(0.062 0.026 0.001)
(0.063 0.026 0.001)
(0.064 0.026 0.001)
(0.065 0.026 0.001)
(0.066 0.026 0.001)
(0.067 0.026 0.001)
(0.068 0.026 0.001)
(0.069 0.026 0.001)
(0.07 0.026 0.001)
(0 0.027 0.001)
(0.001 0.027 0.001)
(0.002 0.027 0.001)
(0.003 0.027 0.001)
(0.004 0.027 0.001)
(0.005 0.027 0.001)
(0.006 0.027 0.001)
(0.007 0.027 0.001)
(0.008 0.027 0.001)
(0.009 0.027 0.001)
(0.01 0.027 0.001)
(0.011 0.027 0.001)
(0.012 0.027 0.001)
(0.013 0.027 0.001)
(0.014 0.027 0.001)
(0.015 0.027 0.001)
(0.016 0.027 0.001)
(0.017 0.027 0.001)
(0.018 0.027 0.001)
(0.019 0.027 0.001)
(0.02 0.027 0.001)
(0.021 0.027 0.001)
(0.022 0.027 0.001)
(0.023 0.027 0.001)
(0.024 0.027 0.001)
(0.025 0.027 0.001)
(0.026 0.027 0.001)
(0.027 0.027 0.001)
(0.028 0.027 0.001)
(0.029 0.027 0.001)
(0.03 0.027 0.001)
(0.031 0.027 0.001)
(0.032 0.027 0.001)
(0.033 0.027 0.001)
(0.034 0.027 0.001)
(0.035 0.027 0.001)
(0.036 0.027 0.001)
(0.037 0.027 0.001)
(0.038 0.027 0.001)
(0.039 0.027 0.001)
(0.04 0.027 0.001)
(0.041 0.027 0.001)
(0.042 0.027 0.001)
(0.043 0.027 0.001)
(0.044 0.027 0.001)
(0.045 0.027 0.001)
(0.046 0.027 0.001)
(0.047 0.027 0.001)
(0.048 0.027 0.001)
(0.049 0.027 0.001)
(0.05 0.027 0.001)
(0.051 0.027 0.001)
(0.052 0.027 0.001)
(0.053 0.027 0.001)
(0.054 0.027 0.001)
(0.055 0.027 0.001)
(0.056 0.027 0.001)
(0.057 0.027 0.001)
(0.058 0.027 0.001)
(0.059 0.027 0.001)
(0.06 0.027 0.001)
(0.061 0.027 0.001)
(0.062 0.027 0.001)
(0.063 0.027 0.001)
(0.064 0.027 0.001)
(0.065 0.027 0.001)
(0.066 0.027 0.001)
(0.067 0.027 0.001)
(0.068 0.027 0.001)
(0.069 0.027 0.001)
(0.07 0.027 0.001)
(0 0.028 0.001)
(0.001 0.028 0.001)
(0.002 0.028 0.001)
(0.003 0.028 0.001)
(0.004 0.028 0.001)
(0.005 0.028 0.001)
(0.006 0.028 0.001)
(0.007 0.028 0.001)
(0.008 0.028 0.001)
(0.009 0.028 0.001)
(0.01 0.028 0.001)
(0.011 0.028 0.001)
(0.012 0.028 0.001)
(0.013 0.028 0.001)
(0.014 0.028 0.001)
(0.015 0.028 0.001)
(0.016 0.028 0.001)
(0.017 0.028 0.001)
(0.018 0.028 0.001)
(0.019 0.028 0.001)
(0.02 0.028 0.001)
(0.021 0.028 0.001)
(0.022 0.028 0.001)
(0.023 0.028 0.001)
(0.024 0.028 0.001)
(0.025 0.028 0.001)
(0.026 0.028 0.001)
(0.027 0.028 0.001)
(0.028 0.028 0.001)
(0.029 0.028 0.001)
(0.03 0.028 0.001)
(0.031 0.028 0.001)
(0.032 0.028 0.001)
(0.033 0.028 0.001)
(0.034 0.028 0.001)
(0.035 0.028 0.001)
(0.036 0.028 0.001)
(0.037 0.028 0.001)
(0.038 0.028 0.001)
(0.039 0.028 0.001)
(0.04 0.028 0.001)
(0.041 0.028 0.001)
(0.042 0.028 0.001)
(0.043 0.028 0.001)
(0.044 0.028 0.001)
(0.045 0.028 0.001)
(0.046 0.028 0.001)
(0.047 0.028 0.001)
(0.048 0.028 0.001)
(0.049 0.028 0.001)
(0.05 0.028 0.001)
(0.051 0.028 0.001)
(0.052 0.028 0.001)
(0.053 0.028 0.001)
(0.054 0.028 0.001)
(0.055 0.028 0.001)
(0.056 0.028 0.001)
(0.057 0.028 0.001)
(0.058 0.028 0.001)
(0.059 0.028 0.001)
(0.06 0.028 0.001)
(0.061 0.028 0.001)
(0.062 0.028 0.001)
(0.063 0.028 0.001)
(0.064 0.028 0.001)
(0.065 0.028 0.001)
(0.066 0.028 0.001)
(0.067 0.028 0.001)
(0.068 0.028 0.001)
(0.069 0.028 0.001)
(0.07 0.028 0.001)
(0 0.029 0.001)
(0.001 0.029 0.001)
(0.002 0.029 0.001)
(0.003 0.029 0.001)
(0.004 0.029 0.001)
(0.005 0.029 0.001)
(0.006 0.029 0.001)
(0.007 0.029 0.001)
(0.008 0.029 0.001)
(0.009 0.029 0.001)
(0.01 0.029 0.001)
(0.011 0.029 0.001)
(0.012 0.029 0.001)
(0.013 0.029 0.001)
(0.014 0.029 0.001)
(0.015 0.029 0.001)
(0.016 0.029 0.001)
(0.017 0.029 0.001)
(0.018 0.029 0.001)
(0.019 0.029 0.001)
(0.02 0.029 0.001)
(0.021 0.029 0.001)
(0.022 0.029 0.001)
(0.023 0.029 0.001)
(0.024 0.029 0.001)
(0.025 0.029 0.001)
(0.026 0.029 0.001)
(0.027 0.029 0.001)
(0.028 0.029 0.001)
(0.029 0.029 0.001)
(0.03 0.029 0.001)
(0.031 0.029 0.001)
(0.032 0.029 0.001)
(0.033 0.029 0.001)
(0.034 0.029 0.001)
(0.035 0.029 0.001)
(0.036 0.029 0.001)
(0.037 0.029 0.001)
(0.038 0.029 0.001)
(0.039 0.029 0.001)
(0.04 0.029 0.001)
(0.041 0.029 0.001)
(0.042 0.029 0.001)
(0.043 0.029 0.001)
(0.044 0.029 0.001)
(0.045 0.029 0.001)
(0.046 0.029 0.001)
(0.047 0.029 0.001)
(0.048 0.029 0.001)
(0.049 0.029 0.001)
(0.05 0.029 0.001)
(0.051 0.029 0.001)
(0.052 0.029 0.001)
(0.053 0.029 0.001)
(0.054 0.029 0.001)
(0.055 0.029 0.001)
(0.056 0.029 0.001)
(0.057 0.029 0.001)
(0.058 0.029 0.001)
(0.059 0.029 0.001)
(0.06 0.029 0.001)
(0.061 0.029 0.001)
(0.062 0.029 0.001)
(0.063 0.029 0.001)
(0.064 0.029 0.001)
(0.065 0.029 0.001)
(0.066 0.029 0.001)
(0.067 0.029 0.001)
(0.068 0.029 0.001)
(0.069 0.029 0.001)
(0.07 0.029 0.001)
(0 0.03 0.001)
(0.001 0.03 0.001)
(0.002 0.03 0.001)
(0.003 0.03 0.001)
(0.004 0.03 0.001)
(0.005 0.03 0.001)
(0.006 0.03 0.001)
(0.007 0.03 0.001)
(0.008 0.03 0.001)
(0.009 0.03 0.001)
(0.01 0.03 0.001)
(0.011 0.03 0.001)
(0.012 0.03 0.001)
(0.013 0.03 0.001)
(0.014 0.03 0.001)
(0.015 0.03 0.001)
(0.016 0.03 0.001)
(0.017 0.03 0.001)
(0.018 0.03 0.001)
(0.019 0.03 0.001)
(0.02 0.03 0.001)
(0.021 0.03 0.001)
(0.022 0.03 0.001)
(0.023 0.03 0.001)
(0.024 0.03 0.001)
(0.025 0.03 0.001)
(0.026 0.03 0.001)
(0.027 0.03 0.001)
(0.028 0.03 0.001)
(0.029 0.03 0.001)
(0.03 0.03 0.001)
(0.031 0.03 0.001)
(0.032 0.03 0.001)
(0.033 0.03 0.001)
(0.034 0.03 0.001)
(0.035 0.03 0.001)
(0.036 0.03 0.001)
(0.037 0.03 0.001)
(0.038 0.03 0.001)
(0.039 0.03 0.001)
(0.04 0.03 0.001)
(0.041 0.03 0.001)
(0.042 0.03 0.001)
(0.043 0.03 0.001)
(0.044 0.03 0.001)
(0.045 0.03 0.001)
(0.046 0.03 0.001)
(0.047 0.03 0.001)
(0.048 0.03 0.001)
(0.049 0.03 0.001)
(0.05 0.03 0.001)
(0.051 0.03 0.001)
(0.052 0.03 0.001)
(0.053 0.03 0.001)
(0.054 0.03 0.001)
(0.055 0.03 0.001)
(0.056 0.03 0.001)
(0.057 0.03 0.001)
(0.058 0.03 0.001)
(0.059 0.03 0.001)
(0.06 0.03 0.001)
(0.061 0.03 0.001)
(0.062 0.03 0.001)
(0.063 0.03 0.001)
(0.064 0.03 0.001)
(0.065 0.03 0.001)
(0.066 0.03 0.001)
(0.067 0.03 0.001)
(0.068 0.03 0.001)
(0.069 0.03 0.001)
(0.07 0.03 0.001)
(0 0.031 0.001)
(0.001 0.031 0.001)
(0.002 0.031 0.001)
(0.003 0.031 0.001)
(0.004 0.031 0.001)
(0.005 0.031 0.001)
(0.006 0.031 0.001)
(0.007 0.031 0.001)
(0.008 0.031 0.001)
(0.009 0.031 0.001)
(0.01 0.031 0.001)
(0.011 0.031 0.001)
(0.012 0.031 0.001)
(0.013 0.031 0.001)
(0.014 0.031 0.001)
(0.015 0.031 0.001)
(0.016 0.031 0.001)
(0.017 0.031 0.001)
(0.018 0.031 0.001)
(0.019 0.031 0.001)
(0.02 0.031 0.001)
(0.021 0.031 0.001)
(0.022 0.031 0.001)
(0.023 0.031 0.001)
(0.024 0.031 0.001)
(0.025 0.031 0.001)
(0.026 0.031 0.001)
(0.027 0.031 0.001)
(0.028 0.031 0.001)
(0.029 0.031 0.001)
(0.03 0.031 0.001)
(0.031 0.031 0.001)
(0.032 0.031 0.001)
(0.033 0.031 0.001)
(0.034 0.031 0.001)
(0.035 0.031 0.001)
(0.036 0.031 0.001)
(0.037 0.031 0.001)
(0.038 0.031 0.001)
(0.039 0.031 0.001)
(0.04 0.031 0.001)
(0.041 0.031 0.001)
(0.042 0.031 0.001)
(0.043 0.031 0.001)
(0.044 0.031 0.001)
(0.045 0.031 0.001)
(0.046 0.031 0.001)
(0.047 0.031 0.001)
(0.048 0.031 0.001)
(0.049 0.031 0.001)
(0.05 0.031 0.001)
(0.051 0.031 0.001)
(0.052 0.031 0.001)
(0.053 0.031 0.001)
(0.054 0.031 0.001)
(0.055 0.031 0.001)
(0.056 0.031 0.001)
(0.057 0.031 0.001)
(0.058 0.031 0.001)
(0.059 0.031 0.001)
(0.06 0.031 0.001)
(0.061 0.031 0.001)
(0.062 0.031 0.001)
(0.063 0.031 0.001)
(0.064 0.031 0.001)
(0.065 0.031 0.001)
(0.066 0.031 0.001)
(0.067 0.031 0.001)
(0.068 0.031 0.001)
(0.069 0.031 0.001)
(0.07 0.031 0.001)
(0 0.032 0.001)
(0.001 0.032 0.001)
(0.002 0.032 0.001)
(0.003 0.032 0.001)
(0.004 0.032 0.001)
(0.005 0.032 0.001)
(0.006 0.032 0.001)
(0.007 0.032 0.001)
(0.008 0.032 0.001)
(0.009 0.032 0.001)
(0.01 0.032 0.001)
(0.011 0.032 0.001)
(0.012 0.032 0.001)
(0.013 0.032 0.001)
(0.014 0.032 0.001)
(0.015 0.032 0.001)
(0.016 0.032 0.001)
(0.017 0.032 0.001)
(0.018 0.032 0.001)
(0.019 0.032 0.001)
(0.02 0.032 0.001)
(0.021 0.032 0.001)
(0.022 0.032 0.001)
(0.023 0.032 0.001)
(0.024 0.032 0.001)
(0.025 0.032 0.001)
(0.026 0.032 0.001)
(0.027 0.032 0.001)
(0.028 0.032 0.001)
(0.029 0.032 0.001)
(0.03 0.032 0.001)
(0.031 0.032 0.001)
(0.032 0.032 0.001)
(0.033 0.032 0.001)
(0.034 0.032 0.001)
(0.035 0.032 0.001)
(0.036 0.032 0.001)
(0.037 0.032 0.001)
(0.038 0.032 0.001)
(0.039 0.032 0.001)
(0.04 0.032 0.001)
(0.041 0.032 0.001)
(0.042 0.032 0.001)
(0.043 0.032 0.001)
(0.044 0.032 0.001)
(0.045 0.032 0.001)
(0.046 0.032 0.001)
(0.047 0.032 0.001)
(0.048 0.032 0.001)
(0.049 0.032 0.001)
(0.05 0.032 0.001)
(0.051 0.032 0.001)
(0.052 0.032 0.001)
(0.053 0.032 0.001)
(0.054 0.032 0.001)
(0.055 0.032 0.001)
(0.056 0.032 0.001)
(0.057 0.032 0.001)
(0.058 0.032 0.001)
(0.059 0.032 0.001)
(0.06 0.032 0.001)
(0.061 0.032 0.001)
(0.062 0.032 0.001)
(0.063 0.032 0.001)
(0.064 0.032 0.001)
(0.065 0.032 0.001)
(0.066 0.032 0.001)
(0.067 0.032 0.001)
(0.068 0.032 0.001)
(0.069 0.032 0.001)
(0.07 0.032 0.001)
(0 0.033 0.001)
(0.001 0.033 0.001)
(0.002 0.033 0.001)
(0.003 0.033 0.001)
(0.004 0.033 0.001)
(0.005 0.033 0.001)
(0.006 0.033 0.001)
(0.007 0.033 0.001)
(0.008 0.033 0.001)
(0.009 0.033 0.001)
(0.01 0.033 0.001)
(0.011 0.033 0.001)
(0.012 0.033 0.001)
(0.013 0.033 0.001)
(0.014 0.033 0.001)
(0.015 0.033 0.001)
(0.016 0.033 0.001)
(0.017 0.033 0.001)
(0.018 0.033 0.001)
(0.019 0.033 0.001)
(0.02 0.033 0.001)
(0.021 0.033 0.001)
(0.022 0.033 0.001)
(0.023 0.033 0.001)
(0.024 0.033 0.001)
(0.025 0.033 0.001)
(0.026 0.033 0.001)
(0.027 0.033 0.001)
(0.028 0.033 0.001)
(0.029 0.033 0.001)
(0.03 0.033 0.001)
(0.031 0.033 0.001)
(0.032 0.033 0.001)
(0.033 0.033 0.001)
(0.034 0.033 0.001)
(0.035 0.033 0.001)
(0.036 0.033 0.001)
(0.037 0.033 0.001)
(0.038 0.033 0.001)
(0.039 0.033 0.001)
(0.04 0.033 0.001)
(0.041 0.033 0.001)
(0.042 0.033 0.001)
(0.043 0.033 0.001)
(0.044 0.033 0.001)
(0.045 0.033 0.001)
(0.046 0.033 0.001)
(0.047 0.033 0.001)
(0.048 0.033 0.001)
(0.049 0.033 0.001)
(0.05 0.033 0.001)
(0.051 0.033 0.001)
(0.052 0.033 0.001)
(0.053 0.033 0.001)
(0.054 0.033 0.001)
(0.055 0.033 0.001)
(0.056 0.033 0.001)
(0.057 0.033 0.001)
(0.058 0.033 0.001)
(0.059 0.033 0.001)
(0.06 0.033 0.001)
(0.061 0.033 0.001)
(0.062 0.033 0.001)
(0.063 0.033 0.001)
(0.064 0.033 0.001)
(0.065 0.033 0.001)
(0.066 0.033 0.001)
(0.067 0.033 0.001)
(0.068 0.033 0.001)
(0.069 0.033 0.001)
(0.07 0.033 0.001)
(0 0.034 0.001)
(0.001 0.034 0.001)
(0.002 0.034 0.001)
(0.003 0.034 0.001)
(0.004 0.034 0.001)
(0.005 0.034 0.001)
(0.006 0.034 0.001)
(0.007 0.034 0.001)
(0.008 0.034 0.001)
(0.009 0.034 0.001)
(0.01 0.034 0.001)
(0.011 0.034 0.001)
(0.012 0.034 0.001)
(0.013 0.034 0.001)
(0.014 0.034 0.001)
(0.015 0.034 0.001)
(0.016 0.034 0.001)
(0.017 0.034 0.001)
(0.018 0.034 0.001)
(0.019 0.034 0.001)
(0.02 0.034 0.001)
(0.021 0.034 0.001)
(0.022 0.034 0.001)
(0.023 0.034 0.001)
(0.024 0.034 0.001)
(0.025 0.034 0.001)
(0.026 0.034 0.001)
(0.027 0.034 0.001)
(0.028 0.034 0.001)
(0.029 0.034 0.001)
(0.03 0.034 0.001)
(0.031 0.034 0.001)
(0.032 0.034 0.001)
(0.033 0.034 0.001)
(0.034 0.034 0.001)
(0.035 0.034 0.001)
(0.036 0.034 0.001)
(0.037 0.034 0.001)
(0.038 0.034 0.001)
(0.039 0.034 0.001)
(0.04 0.034 0.001)
(0.041 0.034 0.001)
(0.042 0.034 0.001)
(0.043 0.034 0.001)
(0.044 0.034 0.001)
(0.045 0.034 0.001)
(0.046 0.034 0.001)
(0.047 0.034 0.001)
(0.048 0.034 0.001)
(0.049 0.034 0.001)
(0.05 0.034 0.001)
(0.051 0.034 0.001)
(0.052 0.034 0.001)
(0.053 0.034 0.001)
(0.054 0.034 0.001)
(0.055 0.034 0.001)
(0.056 0.034 0.001)
(0.057 0.034 0.001)
(0.058 0.034 0.001)
(0.059 0.034 0.001)
(0.06 0.034 0.001)
(0.061 0.034 0.001)
(0.062 0.034 0.001)
(0.063 0.034 0.001)
(0.064 0.034 0.001)
(0.065 0.034 0.001)
(0.066 0.034 0.001)
(0.067 0.034 0.001)
(0.068 0.034 0.001)
(0.069 0.034 0.001)
(0.07 0.034 0.001)
(0 0.035 0.001)
(0.001 0.035 0.001)
(0.002 0.035 0.001)
(0.003 0.035 0.001)
(0.004 0.035 0.001)
(0.005 0.035 0.001)
(0.006 0.035 0.001)
(0.007 0.035 0.001)
(0.008 0.035 0.001)
(0.009 0.035 0.001)
(0.01 0.035 0.001)
(0.011 0.035 0.001)
(0.012 0.035 0.001)
(0.013 0.035 0.001)
(0.014 0.035 0.001)
(0.015 0.035 0.001)
(0.016 0.035 0.001)
(0.017 0.035 0.001)
(0.018 0.035 0.001)
(0.019 0.035 0.001)
(0.02 0.035 0.001)
(0.021 0.035 0.001)
(0.022 0.035 0.001)
(0.023 0.035 0.001)
(0.024 0.035 0.001)
(0.025 0.035 0.001)
(0.026 0.035 0.001)
(0.027 0.035 0.001)
(0.028 0.035 0.001)
(0.029 0.035 0.001)
(0.03 0.035 0.001)
(0.031 0.035 0.001)
(0.032 0.035 0.001)
(0.033 0.035 0.001)
(0.034 0.035 0.001)
(0.035 0.035 0.001)
(0.036 0.035 0.001)
(0.037 0.035 0.001)
(0.038 0.035 0.001)
(0.039 0.035 0.001)
(0.04 0.035 0.001)
(0.041 0.035 0.001)
(0.042 0.035 0.001)
(0.043 0.035 0.001)
(0.044 0.035 0.001)
(0.045 0.035 0.001)
(0.046 0.035 0.001)
(0.047 0.035 0.001)
(0.048 0.035 0.001)
(0.049 0.035 0.001)
(0.05 0.035 0.001)
(0.051 0.035 0.001)
(0.052 0.035 0.001)
(0.053 0.035 0.001)
(0.054 0.035 0.001)
(0.055 0.035 0.001)
(0.056 0.035 0.001)
(0.057 0.035 0.001)
(0.058 0.035 0.001)
(0.059 0.035 0.001)
(0.06 0.035 0.001)
(0.061 0.035 0.001)
(0.062 0.035 0.001)
(0.063 0.035 0.001)
(0.064 0.035 0.001)
(0.065 0.035 0.001)
(0.066 0.035 0.001)
(0.067 0.035 0.001)
(0.068 0.035 0.001)
(0.069 0.035 0.001)
(0.07 0.035 0.001)
)


// ************************************************************************* //
