/*---------------------------------------------------------------------------*\
| =========                 |                                                 |
| \\      /  F ield         | OpenFOAM: The Open Source CFD Toolbox           |
|  \\    /   O peration     | Version:  1.3                                   |
|   \\  /    A nd           | Web:      http://www.openfoam.org               |
|    \\/     M anipulation  |                                                 |
\*---------------------------------------------------------------------------*/

FoamFile
{
    version 2.0;
    format ascii;

    root "/home/dm2/henry/OpenFOAM/OpenFOAM-1.2/tutorials/interFoam";
    case "damBreak/processor2";
    instance ""constant"";
    local "polyMesh";

    class cellList;
    object cells;
}

// * * * * * * * * * * * * * * * * * * * * * * * * * * * * * * * * * * * * * //


559
(
6(2235 1 1501 2060 2257 0)
6(2236 3 1526 2085 0 2)
6(2237 5 1551 2110 2 4)
6(2238 7 1576 2135 4 6)
6(2239 9 1601 2160 6 8)
6(2240 11 1626 2185 8 10)
6(2241 12 1651 2210 10 2259)
6(2242 14 1117 1676 1070 13)
6(2243 16 1141 1700 13 15)
6(2244 18 1165 1724 15 17)
6(2245 20 1189 1748 17 19)
6(2246 22 1213 1772 19 21)
6(2247 24 1237 1796 21 23)
6(2248 26 1261 1820 23 25)
6(2249 28 1285 1844 25 27)
6(2250 30 1309 1868 27 29)
6(2251 32 1333 1892 29 31)
6(2252 34 1357 1916 31 33)
6(2253 36 1381 1940 33 35)
6(2254 38 1405 1964 35 37)
6(2255 40 1429 1988 37 39)
6(2256 42 1453 2012 39 41)
6(2258 44 1477 2036 41 43)
6(1 46 1502 2061 43 45)
6(3 48 1527 2086 45 47)
6(5 50 1552 2111 47 49)
6(7 52 1577 2136 49 51)
6(9 54 1602 2161 51 53)
6(11 56 1627 2186 53 55)
6(12 57 1652 2211 55 2260)
6(14 59 1118 1677 1071 58)
6(16 61 1142 1701 58 60)
6(18 63 1166 1725 60 62)
6(20 65 1190 1749 62 64)
6(22 67 1214 1773 64 66)
6(24 69 1238 1797 66 68)
6(26 71 1262 1821 68 70)
6(28 73 1286 1845 70 72)
6(30 75 1310 1869 72 74)
6(32 77 1334 1893 74 76)
6(34 79 1358 1917 76 78)
6(36 81 1382 1941 78 80)
6(38 83 1406 1965 80 82)
6(40 85 1430 1989 82 84)
6(42 87 1454 2013 84 86)
6(44 89 1478 2037 86 88)
6(46 91 1503 2062 88 90)
6(48 93 1528 2087 90 92)
6(50 95 1553 2112 92 94)
6(52 97 1578 2137 94 96)
6(54 99 1603 2162 96 98)
6(56 101 1628 2187 98 100)
6(57 102 1653 2212 100 2261)
6(59 104 1119 1678 1072 103)
6(61 106 1143 1702 103 105)
6(63 108 1167 1726 105 107)
6(65 110 1191 1750 107 109)
6(67 112 1215 1774 109 111)
6(69 114 1239 1798 111 113)
6(71 116 1263 1822 113 115)
6(73 118 1287 1846 115 117)
6(75 120 1311 1870 117 119)
6(77 122 1335 1894 119 121)
6(79 124 1359 1918 121 123)
6(81 126 1383 1942 123 125)
6(83 128 1407 1966 125 127)
6(85 130 1431 1990 127 129)
6(87 132 1455 2014 129 131)
6(89 134 1479 2038 131 133)
6(91 136 1504 2063 133 135)
6(93 138 1529 2088 135 137)
6(95 140 1554 2113 137 139)
6(97 142 1579 2138 139 141)
6(99 144 1604 2163 141 143)
6(101 146 1629 2188 143 145)
6(102 147 1654 2213 145 2262)
6(104 149 1120 1679 1073 148)
6(106 151 1144 1703 148 150)
6(108 153 1168 1727 150 152)
6(110 155 1192 1751 152 154)
6(112 157 1216 1775 154 156)
6(114 159 1240 1799 156 158)
6(116 161 1264 1823 158 160)
6(118 163 1288 1847 160 162)
6(120 165 1312 1871 162 164)
6(122 167 1336 1895 164 166)
6(124 169 1360 1919 166 168)
6(126 171 1384 1943 168 170)
6(128 173 1408 1967 170 172)
6(130 175 1432 1991 172 174)
6(132 177 1456 2015 174 176)
6(134 179 1480 2039 176 178)
6(136 181 1505 2064 178 180)
6(138 183 1530 2089 180 182)
6(140 185 1555 2114 182 184)
6(142 187 1580 2139 184 186)
6(144 189 1605 2164 186 188)
6(146 191 1630 2189 188 190)
6(147 192 1655 2214 190 2263)
6(149 194 1121 1680 1074 193)
6(151 196 1145 1704 193 195)
6(153 198 1169 1728 195 197)
6(155 200 1193 1752 197 199)
6(157 202 1217 1776 199 201)
6(159 204 1241 1800 201 203)
6(161 206 1265 1824 203 205)
6(163 208 1289 1848 205 207)
6(165 210 1313 1872 207 209)
6(167 212 1337 1896 209 211)
6(169 214 1361 1920 211 213)
6(171 216 1385 1944 213 215)
6(173 218 1409 1968 215 217)
6(175 220 1433 1992 217 219)
6(177 222 1457 2016 219 221)
6(179 224 1481 2040 221 223)
6(181 226 1506 2065 223 225)
6(183 228 1531 2090 225 227)
6(185 230 1556 2115 227 229)
6(187 232 1581 2140 229 231)
6(189 234 1606 2165 231 233)
6(191 236 1631 2190 233 235)
6(192 237 1656 2215 235 2264)
6(194 239 1122 1681 1075 238)
6(196 241 1146 1705 238 240)
6(198 243 1170 1729 240 242)
6(200 245 1194 1753 242 244)
6(202 247 1218 1777 244 246)
6(204 249 1242 1801 246 248)
6(206 251 1266 1825 248 250)
6(208 253 1290 1849 250 252)
6(210 255 1314 1873 252 254)
6(212 257 1338 1897 254 256)
6(214 259 1362 1921 256 258)
6(216 261 1386 1945 258 260)
6(218 263 1410 1969 260 262)
6(220 265 1434 1993 262 264)
6(222 267 1458 2017 264 266)
6(224 269 1482 2041 266 268)
6(226 271 1507 2066 268 270)
6(228 273 1532 2091 270 272)
6(230 275 1557 2116 272 274)
6(232 277 1582 2141 274 276)
6(234 279 1607 2166 276 278)
6(236 281 1632 2191 278 280)
6(237 282 1657 2216 280 2265)
6(239 284 1123 1682 1076 283)
6(241 286 1147 1706 283 285)
6(243 288 1171 1730 285 287)
6(245 290 1195 1754 287 289)
6(247 292 1219 1778 289 291)
6(249 294 1243 1802 291 293)
6(251 296 1267 1826 293 295)
6(253 298 1291 1850 295 297)
6(255 300 1315 1874 297 299)
6(257 302 1339 1898 299 301)
6(259 304 1363 1922 301 303)
6(261 306 1387 1946 303 305)
6(263 308 1411 1970 305 307)
6(265 310 1435 1994 307 309)
6(267 312 1459 2018 309 311)
6(269 314 1483 2042 311 313)
6(271 316 1508 2067 313 315)
6(273 318 1533 2092 315 317)
6(275 320 1558 2117 317 319)
6(277 322 1583 2142 319 321)
6(279 324 1608 2167 321 323)
6(281 326 1633 2192 323 325)
6(282 327 1658 2217 325 2266)
6(284 329 1124 1683 1077 328)
6(286 331 1148 1707 328 330)
6(288 333 1172 1731 330 332)
6(290 335 1196 1755 332 334)
6(292 337 1220 1779 334 336)
6(294 339 1244 1803 336 338)
6(296 341 1268 1827 338 340)
6(298 343 1292 1851 340 342)
6(300 345 1316 1875 342 344)
6(302 347 1340 1899 344 346)
6(304 349 1364 1923 346 348)
6(306 351 1388 1947 348 350)
6(308 353 1412 1971 350 352)
6(310 355 1436 1995 352 354)
6(312 357 1460 2019 354 356)
6(314 359 1484 2043 356 358)
6(316 361 1509 2068 358 360)
6(318 363 1534 2093 360 362)
6(320 365 1559 2118 362 364)
6(322 367 1584 2143 364 366)
6(324 369 1609 2168 366 368)
6(326 371 1634 2193 368 370)
6(327 372 1659 2218 370 2267)
6(329 374 1125 1684 1078 373)
6(331 376 1149 1708 373 375)
6(333 378 1173 1732 375 377)
6(335 380 1197 1756 377 379)
6(337 382 1221 1780 379 381)
6(339 384 1245 1804 381 383)
6(341 386 1269 1828 383 385)
6(343 388 1293 1852 385 387)
6(345 390 1317 1876 387 389)
6(347 392 1341 1900 389 391)
6(349 394 1365 1924 391 393)
6(351 396 1389 1948 393 395)
6(353 398 1413 1972 395 397)
6(355 400 1437 1996 397 399)
6(357 402 1461 2020 399 401)
6(359 404 1485 2044 401 403)
6(361 406 1510 2069 403 405)
6(363 408 1535 2094 405 407)
6(365 410 1560 2119 407 409)
6(367 412 1585 2144 409 411)
6(369 414 1610 2169 411 413)
6(371 416 1635 2194 413 415)
6(372 417 1660 2219 415 2268)
6(374 419 1126 1685 1079 418)
6(376 421 1150 1709 418 420)
6(378 423 1174 1733 420 422)
6(380 425 1198 1757 422 424)
6(382 427 1222 1781 424 426)
6(384 429 1246 1805 426 428)
6(386 431 1270 1829 428 430)
6(388 433 1294 1853 430 432)
6(390 435 1318 1877 432 434)
6(392 437 1342 1901 434 436)
6(394 439 1366 1925 436 438)
6(396 441 1390 1949 438 440)
6(398 443 1414 1973 440 442)
6(400 445 1438 1997 442 444)
6(402 447 1462 2021 444 446)
6(404 449 1486 2045 446 448)
6(406 451 1511 2070 448 450)
6(408 453 1536 2095 450 452)
6(410 455 1561 2120 452 454)
6(412 457 1586 2145 454 456)
6(414 459 1611 2170 456 458)
6(416 461 1636 2195 458 460)
6(417 462 1661 2220 460 2269)
6(419 464 1127 1686 1080 463)
6(421 466 1151 1710 463 465)
6(423 468 1175 1734 465 467)
6(425 470 1199 1758 467 469)
6(427 472 1223 1782 469 471)
6(429 474 1247 1806 471 473)
6(431 476 1271 1830 473 475)
6(433 478 1295 1854 475 477)
6(435 480 1319 1878 477 479)
6(437 482 1343 1902 479 481)
6(439 484 1367 1926 481 483)
6(441 486 1391 1950 483 485)
6(443 488 1415 1974 485 487)
6(445 490 1439 1998 487 489)
6(447 492 1463 2022 489 491)
6(449 494 1487 2046 491 493)
6(451 496 1512 2071 493 495)
6(453 498 1537 2096 495 497)
6(455 500 1562 2121 497 499)
6(457 502 1587 2146 499 501)
6(459 504 1612 2171 501 503)
6(461 506 1637 2196 503 505)
6(462 507 1662 2221 505 2270)
6(464 509 1128 1687 1081 508)
6(466 511 1152 1711 508 510)
6(468 513 1176 1735 510 512)
6(470 515 1200 1759 512 514)
6(472 517 1224 1783 514 516)
6(474 519 1248 1807 516 518)
6(476 521 1272 1831 518 520)
6(478 523 1296 1855 520 522)
6(480 525 1320 1879 522 524)
6(482 527 1344 1903 524 526)
6(484 529 1368 1927 526 528)
6(486 531 1392 1951 528 530)
6(488 533 1416 1975 530 532)
6(490 535 1440 1999 532 534)
6(492 537 1464 2023 534 536)
6(494 539 1488 2047 536 538)
6(496 541 1513 2072 538 540)
6(498 543 1538 2097 540 542)
6(500 545 1563 2122 542 544)
6(502 547 1588 2147 544 546)
6(504 549 1613 2172 546 548)
6(506 551 1638 2197 548 550)
6(507 552 1663 2222 550 2271)
6(509 554 1129 1688 1082 553)
6(511 556 1153 1712 553 555)
6(513 558 1177 1736 555 557)
6(515 560 1201 1760 557 559)
6(517 562 1225 1784 559 561)
6(519 564 1249 1808 561 563)
6(521 566 1273 1832 563 565)
6(523 568 1297 1856 565 567)
6(525 570 1321 1880 567 569)
6(527 572 1345 1904 569 571)
6(529 574 1369 1928 571 573)
6(531 576 1393 1952 573 575)
6(533 578 1417 1976 575 577)
6(535 580 1441 2000 577 579)
6(537 582 1465 2024 579 581)
6(539 584 1489 2048 581 583)
6(541 586 1514 2073 583 585)
6(543 588 1539 2098 585 587)
6(545 590 1564 2123 587 589)
6(547 592 1589 2148 589 591)
6(549 594 1614 2173 591 593)
6(551 596 1639 2198 593 595)
6(552 597 1664 2223 595 2272)
6(554 599 1130 1689 1083 598)
6(556 601 1154 1713 598 600)
6(558 603 1178 1737 600 602)
6(560 605 1202 1761 602 604)
6(562 607 1226 1785 604 606)
6(564 609 1250 1809 606 608)
6(566 611 1274 1833 608 610)
6(568 613 1298 1857 610 612)
6(570 615 1322 1881 612 614)
6(572 617 1346 1905 614 616)
6(574 619 1370 1929 616 618)
6(576 621 1394 1953 618 620)
6(578 623 1418 1977 620 622)
6(580 625 1442 2001 622 624)
6(582 627 1466 2025 624 626)
6(584 629 1490 2049 626 628)
6(586 631 1515 2074 628 630)
6(588 633 1540 2099 630 632)
6(590 635 1565 2124 632 634)
6(592 637 1590 2149 634 636)
6(594 639 1615 2174 636 638)
6(596 641 1640 2199 638 640)
6(597 642 1665 2224 640 2273)
6(599 644 1131 1690 1084 643)
6(601 646 1155 1714 643 645)
6(603 648 1179 1738 645 647)
6(605 650 1203 1762 647 649)
6(607 652 1227 1786 649 651)
6(609 654 1251 1810 651 653)
6(611 656 1275 1834 653 655)
6(613 658 1299 1858 655 657)
6(615 660 1323 1882 657 659)
6(617 662 1347 1906 659 661)
6(619 664 1371 1930 661 663)
6(621 666 1395 1954 663 665)
6(623 668 1419 1978 665 667)
6(625 670 1443 2002 667 669)
6(627 672 1467 2026 669 671)
6(629 674 1491 2050 671 673)
6(631 676 1516 2075 673 675)
6(633 678 1541 2100 675 677)
6(635 680 1566 2125 677 679)
6(637 682 1591 2150 679 681)
6(639 684 1616 2175 681 683)
6(641 686 1641 2200 683 685)
6(642 687 1666 2225 685 2274)
6(644 689 1132 1691 1085 688)
6(646 691 1156 1715 688 690)
6(648 693 1180 1739 690 692)
6(650 695 1204 1763 692 694)
6(652 697 1228 1787 694 696)
6(654 699 1252 1811 696 698)
6(656 701 1276 1835 698 700)
6(658 703 1300 1859 700 702)
6(660 705 1324 1883 702 704)
6(662 707 1348 1907 704 706)
6(664 709 1372 1931 706 708)
6(666 711 1396 1955 708 710)
6(668 713 1420 1979 710 712)
6(670 715 1444 2003 712 714)
6(672 717 1468 2027 714 716)
6(674 719 1492 2051 716 718)
6(676 721 1517 2076 718 720)
6(678 723 1542 2101 720 722)
6(680 725 1567 2126 722 724)
6(682 727 1592 2151 724 726)
6(684 729 1617 2176 726 728)
6(686 731 1642 2201 728 730)
6(687 732 1667 2226 730 2275)
6(689 734 1133 1692 1086 733)
6(691 736 1157 1716 733 735)
6(693 738 1181 1740 735 737)
6(695 740 1205 1764 737 739)
6(697 742 1229 1788 739 741)
6(699 744 1253 1812 741 743)
6(701 746 1277 1836 743 745)
6(703 748 1301 1860 745 747)
6(705 750 1325 1884 747 749)
6(707 752 1349 1908 749 751)
6(709 754 1373 1932 751 753)
6(711 756 1397 1956 753 755)
6(713 758 1421 1980 755 757)
6(715 760 1445 2004 757 759)
6(717 762 1469 2028 759 761)
6(719 764 1493 2052 761 763)
6(721 766 1518 2077 763 765)
6(723 768 1543 2102 765 767)
6(725 770 1568 2127 767 769)
6(727 772 1593 2152 769 771)
6(729 774 1618 2177 771 773)
6(731 776 1643 2202 773 775)
6(732 777 1668 2227 775 2276)
6(734 779 1134 1693 1087 778)
6(736 781 1158 1717 778 780)
6(738 783 1182 1741 780 782)
6(740 785 1206 1765 782 784)
6(742 787 1230 1789 784 786)
6(744 789 1254 1813 786 788)
6(746 791 1278 1837 788 790)
6(748 793 1302 1861 790 792)
6(750 795 1326 1885 792 794)
6(752 797 1350 1909 794 796)
6(754 799 1374 1933 796 798)
6(756 801 1398 1957 798 800)
6(758 803 1422 1981 800 802)
6(760 805 1446 2005 802 804)
6(762 807 1470 2029 804 806)
6(764 809 1494 2053 806 808)
6(766 811 1519 2078 808 810)
6(768 813 1544 2103 810 812)
6(770 815 1569 2128 812 814)
6(772 817 1594 2153 814 816)
6(774 819 1619 2178 816 818)
6(776 821 1644 2203 818 820)
6(777 822 1669 2228 820 2277)
6(779 824 1135 1694 1088 823)
6(781 826 1159 1718 823 825)
6(783 828 1183 1742 825 827)
6(785 830 1207 1766 827 829)
6(787 832 1231 1790 829 831)
6(789 834 1255 1814 831 833)
6(791 836 1279 1838 833 835)
6(793 838 1303 1862 835 837)
6(795 840 1327 1886 837 839)
6(797 842 1351 1910 839 841)
6(799 844 1375 1934 841 843)
6(801 846 1399 1958 843 845)
6(803 848 1423 1982 845 847)
6(805 850 1447 2006 847 849)
6(807 852 1471 2030 849 851)
6(809 854 1495 2054 851 853)
6(811 856 1520 2079 853 855)
6(813 858 1545 2104 855 857)
6(815 860 1570 2129 857 859)
6(817 862 1595 2154 859 861)
6(819 864 1620 2179 861 863)
6(821 866 1645 2204 863 865)
6(822 867 1670 2229 865 2278)
6(824 869 1136 1695 1089 868)
6(826 871 1160 1719 868 870)
6(828 873 1184 1743 870 872)
6(830 875 1208 1767 872 874)
6(832 877 1232 1791 874 876)
6(834 879 1256 1815 876 878)
6(836 881 1280 1839 878 880)
6(838 883 1304 1863 880 882)
6(840 885 1328 1887 882 884)
6(842 887 1352 1911 884 886)
6(844 889 1376 1935 886 888)
6(846 891 1400 1959 888 890)
6(848 893 1424 1983 890 892)
6(850 895 1448 2007 892 894)
6(852 897 1472 2031 894 896)
6(854 899 1496 2055 896 898)
6(856 901 1521 2080 898 900)
6(858 903 1546 2105 900 902)
6(860 905 1571 2130 902 904)
6(862 907 1596 2155 904 906)
6(864 909 1621 2180 906 908)
6(866 911 1646 2205 908 910)
6(867 912 1671 2230 910 2279)
6(869 914 1137 1696 1090 913)
6(871 916 1161 1720 913 915)
6(873 918 1185 1744 915 917)
6(875 920 1209 1768 917 919)
6(877 922 1233 1792 919 921)
6(879 924 1257 1816 921 923)
6(881 926 1281 1840 923 925)
6(883 928 1305 1864 925 927)
6(885 930 1329 1888 927 929)
6(887 932 1353 1912 929 931)
6(889 934 1377 1936 931 933)
6(891 936 1401 1960 933 935)
6(893 938 1425 1984 935 937)
6(895 940 1449 2008 937 939)
6(897 942 1473 2032 939 941)
6(899 944 1497 2056 941 943)
6(901 946 1522 2081 943 945)
6(903 948 1547 2106 945 947)
6(905 950 1572 2131 947 949)
6(907 952 1597 2156 949 951)
6(909 954 1622 2181 951 953)
6(911 956 1647 2206 953 955)
6(912 957 1672 2231 955 2280)
6(914 959 1138 1697 1091 958)
6(916 961 1162 1721 958 960)
6(918 963 1186 1745 960 962)
6(920 965 1210 1769 962 964)
6(922 967 1234 1793 964 966)
6(924 969 1258 1817 966 968)
6(926 971 1282 1841 968 970)
6(928 973 1306 1865 970 972)
6(930 975 1330 1889 972 974)
6(932 977 1354 1913 974 976)
6(934 979 1378 1937 976 978)
6(936 981 1402 1961 978 980)
6(938 983 1426 1985 980 982)
6(940 985 1450 2009 982 984)
6(942 987 1474 2033 984 986)
6(944 989 1498 2057 986 988)
6(946 991 1523 2082 988 990)
6(948 993 1548 2107 990 992)
6(950 995 1573 2132 992 994)
6(952 997 1598 2157 994 996)
6(954 999 1623 2182 996 998)
6(956 1001 1648 2207 998 1000)
6(957 1002 1673 2232 1000 2281)
6(959 1004 1139 1698 1092 1003)
6(961 1006 1163 1722 1003 1005)
6(963 1008 1187 1746 1005 1007)
6(965 1010 1211 1770 1007 1009)
6(967 1012 1235 1794 1009 1011)
6(969 1014 1259 1818 1011 1013)
6(971 1016 1283 1842 1013 1015)
6(973 1018 1307 1866 1015 1017)
6(975 1020 1331 1890 1017 1019)
6(977 1022 1355 1914 1019 1021)
6(979 1024 1379 1938 1021 1023)
6(981 1026 1403 1962 1023 1025)
6(983 1028 1427 1986 1025 1027)
6(985 1030 1451 2010 1027 1029)
6(987 1032 1475 2034 1029 1031)
6(989 1034 1499 2058 1031 1033)
6(991 1036 1524 2083 1033 1035)
6(993 1038 1549 2108 1035 1037)
6(995 1040 1574 2133 1037 1039)
6(997 1042 1599 2158 1039 1041)
6(999 1044 1624 2183 1041 1043)
6(1001 1046 1649 2208 1043 1045)
6(1002 1047 1674 2233 1045 2282)
6(1004 1094 1140 1699 1093 1048)
6(1006 1095 1164 1723 1048 1049)
6(1008 1096 1188 1747 1049 1050)
6(1010 1097 1212 1771 1050 1051)
6(1012 1098 1236 1795 1051 1052)
6(1014 1099 1260 1819 1052 1053)
6(1016 1100 1284 1843 1053 1054)
6(1018 1101 1308 1867 1054 1055)
6(1020 1102 1332 1891 1055 1056)
6(1022 1103 1356 1915 1056 1057)
6(1024 1104 1380 1939 1057 1058)
6(1026 1105 1404 1963 1058 1059)
6(1028 1106 1428 1987 1059 1060)
6(1030 1107 1452 2011 1060 1061)
6(1032 1108 1476 2035 1061 1062)
6(1034 1109 1500 2059 1062 1063)
6(1036 1110 1525 2084 1063 1064)
6(1038 1111 1550 2109 1064 1065)
6(1040 1112 1575 2134 1065 1066)
6(1042 1113 1600 2159 1066 1067)
6(1044 1114 1625 2184 1067 1068)
6(1046 1115 1650 2209 1068 1069)
6(1047 1116 1675 2234 1069 2283)
)


// ************************************************************************* //
