/*---------------------------------------------------------------------------*\
| =========                 |                                                 |
| \\      /  F ield         | OpenFOAM: The Open Source CFD Toolbox           |
|  \\    /   O peration     | Version:  1.3                                   |
|   \\  /    A nd           | Web:      http://www.openfoam.org               |
|    \\/     M anipulation  |                                                 |
\*---------------------------------------------------------------------------*/

FoamFile
{
    version 2.0;
    format ascii;

    root "/home/dm2/henry/OpenFOAM/OpenFOAM-1.2/tutorials/interFoam";
    case "damBreak/processor2";
    instance ""constant"";
    local "polyMesh";

    class faceList;
    object faces;
}

// * * * * * * * * * * * * * * * * * * * * * * * * * * * * * * * * * * * * * //


2284
(
4(1 25 633 609)
4(24 632 633 25)
4(2 26 634 610)
4(25 633 634 26)
4(3 27 635 611)
4(26 634 635 27)
4(4 28 636 612)
4(27 635 636 28)
4(5 29 637 613)
4(28 636 637 29)
4(6 30 638 614)
4(29 637 638 30)
4(30 638 639 31)
4(9 33 641 617)
4(32 640 641 33)
4(10 34 642 618)
4(33 641 642 34)
4(11 35 643 619)
4(34 642 643 35)
4(12 36 644 620)
4(35 643 644 36)
4(13 37 645 621)
4(36 644 645 37)
4(14 38 646 622)
4(37 645 646 38)
4(15 39 647 623)
4(38 646 647 39)
4(16 40 648 624)
4(39 647 648 40)
4(17 41 649 625)
4(40 648 649 41)
4(18 42 650 626)
4(41 649 650 42)
4(19 43 651 627)
4(42 650 651 43)
4(20 44 652 628)
4(43 651 652 44)
4(21 45 653 629)
4(44 652 653 45)
4(22 46 654 630)
4(45 653 654 46)
4(23 47 655 631)
4(46 654 655 47)
4(24 48 656 632)
4(47 655 656 48)
4(25 49 657 633)
4(48 656 657 49)
4(26 50 658 634)
4(49 657 658 50)
4(27 51 659 635)
4(50 658 659 51)
4(28 52 660 636)
4(51 659 660 52)
4(29 53 661 637)
4(52 660 661 53)
4(30 54 662 638)
4(53 661 662 54)
4(54 662 663 55)
4(33 57 665 641)
4(56 664 665 57)
4(34 58 666 642)
4(57 665 666 58)
4(35 59 667 643)
4(58 666 667 59)
4(36 60 668 644)
4(59 667 668 60)
4(37 61 669 645)
4(60 668 669 61)
4(38 62 670 646)
4(61 669 670 62)
4(39 63 671 647)
4(62 670 671 63)
4(40 64 672 648)
4(63 671 672 64)
4(41 65 673 649)
4(64 672 673 65)
4(42 66 674 650)
4(65 673 674 66)
4(43 67 675 651)
4(66 674 675 67)
4(44 68 676 652)
4(67 675 676 68)
4(45 69 677 653)
4(68 676 677 69)
4(46 70 678 654)
4(69 677 678 70)
4(47 71 679 655)
4(70 678 679 71)
4(48 72 680 656)
4(71 679 680 72)
4(49 73 681 657)
4(72 680 681 73)
4(50 74 682 658)
4(73 681 682 74)
4(51 75 683 659)
4(74 682 683 75)
4(52 76 684 660)
4(75 683 684 76)
4(53 77 685 661)
4(76 684 685 77)
4(54 78 686 662)
4(77 685 686 78)
4(78 686 687 79)
4(57 81 689 665)
4(80 688 689 81)
4(58 82 690 666)
4(81 689 690 82)
4(59 83 691 667)
4(82 690 691 83)
4(60 84 692 668)
4(83 691 692 84)
4(61 85 693 669)
4(84 692 693 85)
4(62 86 694 670)
4(85 693 694 86)
4(63 87 695 671)
4(86 694 695 87)
4(64 88 696 672)
4(87 695 696 88)
4(65 89 697 673)
4(88 696 697 89)
4(66 90 698 674)
4(89 697 698 90)
4(67 91 699 675)
4(90 698 699 91)
4(68 92 700 676)
4(91 699 700 92)
4(69 93 701 677)
4(92 700 701 93)
4(70 94 702 678)
4(93 701 702 94)
4(71 95 703 679)
4(94 702 703 95)
4(72 96 704 680)
4(95 703 704 96)
4(73 97 705 681)
4(96 704 705 97)
4(74 98 706 682)
4(97 705 706 98)
4(75 99 707 683)
4(98 706 707 99)
4(76 100 708 684)
4(99 707 708 100)
4(77 101 709 685)
4(100 708 709 101)
4(78 102 710 686)
4(101 709 710 102)
4(102 710 711 103)
4(81 105 713 689)
4(104 712 713 105)
4(82 106 714 690)
4(105 713 714 106)
4(83 107 715 691)
4(106 714 715 107)
4(84 108 716 692)
4(107 715 716 108)
4(85 109 717 693)
4(108 716 717 109)
4(86 110 718 694)
4(109 717 718 110)
4(87 111 719 695)
4(110 718 719 111)
4(88 112 720 696)
4(111 719 720 112)
4(89 113 721 697)
4(112 720 721 113)
4(90 114 722 698)
4(113 721 722 114)
4(91 115 723 699)
4(114 722 723 115)
4(92 116 724 700)
4(115 723 724 116)
4(93 117 725 701)
4(116 724 725 117)
4(94 118 726 702)
4(117 725 726 118)
4(95 119 727 703)
4(118 726 727 119)
4(96 120 728 704)
4(119 727 728 120)
4(97 121 729 705)
4(120 728 729 121)
4(98 122 730 706)
4(121 729 730 122)
4(99 123 731 707)
4(122 730 731 123)
4(100 124 732 708)
4(123 731 732 124)
4(101 125 733 709)
4(124 732 733 125)
4(102 126 734 710)
4(125 733 734 126)
4(126 734 735 127)
4(105 129 737 713)
4(128 736 737 129)
4(106 130 738 714)
4(129 737 738 130)
4(107 131 739 715)
4(130 738 739 131)
4(108 132 740 716)
4(131 739 740 132)
4(109 133 741 717)
4(132 740 741 133)
4(110 134 742 718)
4(133 741 742 134)
4(111 135 743 719)
4(134 742 743 135)
4(112 136 744 720)
4(135 743 744 136)
4(113 137 745 721)
4(136 744 745 137)
4(114 138 746 722)
4(137 745 746 138)
4(115 139 747 723)
4(138 746 747 139)
4(116 140 748 724)
4(139 747 748 140)
4(117 141 749 725)
4(140 748 749 141)
4(118 142 750 726)
4(141 749 750 142)
4(119 143 751 727)
4(142 750 751 143)
4(120 144 752 728)
4(143 751 752 144)
4(121 145 753 729)
4(144 752 753 145)
4(122 146 754 730)
4(145 753 754 146)
4(123 147 755 731)
4(146 754 755 147)
4(124 148 756 732)
4(147 755 756 148)
4(125 149 757 733)
4(148 756 757 149)
4(126 150 758 734)
4(149 757 758 150)
4(150 758 759 151)
4(129 153 761 737)
4(152 760 761 153)
4(130 154 762 738)
4(153 761 762 154)
4(131 155 763 739)
4(154 762 763 155)
4(132 156 764 740)
4(155 763 764 156)
4(133 157 765 741)
4(156 764 765 157)
4(134 158 766 742)
4(157 765 766 158)
4(135 159 767 743)
4(158 766 767 159)
4(136 160 768 744)
4(159 767 768 160)
4(137 161 769 745)
4(160 768 769 161)
4(138 162 770 746)
4(161 769 770 162)
4(139 163 771 747)
4(162 770 771 163)
4(140 164 772 748)
4(163 771 772 164)
4(141 165 773 749)
4(164 772 773 165)
4(142 166 774 750)
4(165 773 774 166)
4(143 167 775 751)
4(166 774 775 167)
4(144 168 776 752)
4(167 775 776 168)
4(145 169 777 753)
4(168 776 777 169)
4(146 170 778 754)
4(169 777 778 170)
4(147 171 779 755)
4(170 778 779 171)
4(148 172 780 756)
4(171 779 780 172)
4(149 173 781 757)
4(172 780 781 173)
4(150 174 782 758)
4(173 781 782 174)
4(174 782 783 175)
4(153 177 785 761)
4(176 784 785 177)
4(154 178 786 762)
4(177 785 786 178)
4(155 179 787 763)
4(178 786 787 179)
4(156 180 788 764)
4(179 787 788 180)
4(157 181 789 765)
4(180 788 789 181)
4(158 182 790 766)
4(181 789 790 182)
4(159 183 791 767)
4(182 790 791 183)
4(160 184 792 768)
4(183 791 792 184)
4(161 185 793 769)
4(184 792 793 185)
4(162 186 794 770)
4(185 793 794 186)
4(163 187 795 771)
4(186 794 795 187)
4(164 188 796 772)
4(187 795 796 188)
4(165 189 797 773)
4(188 796 797 189)
4(166 190 798 774)
4(189 797 798 190)
4(167 191 799 775)
4(190 798 799 191)
4(168 192 800 776)
4(191 799 800 192)
4(169 193 801 777)
4(192 800 801 193)
4(170 194 802 778)
4(193 801 802 194)
4(171 195 803 779)
4(194 802 803 195)
4(172 196 804 780)
4(195 803 804 196)
4(173 197 805 781)
4(196 804 805 197)
4(174 198 806 782)
4(197 805 806 198)
4(198 806 807 199)
4(177 201 809 785)
4(200 808 809 201)
4(178 202 810 786)
4(201 809 810 202)
4(179 203 811 787)
4(202 810 811 203)
4(180 204 812 788)
4(203 811 812 204)
4(181 205 813 789)
4(204 812 813 205)
4(182 206 814 790)
4(205 813 814 206)
4(183 207 815 791)
4(206 814 815 207)
4(184 208 816 792)
4(207 815 816 208)
4(185 209 817 793)
4(208 816 817 209)
4(186 210 818 794)
4(209 817 818 210)
4(187 211 819 795)
4(210 818 819 211)
4(188 212 820 796)
4(211 819 820 212)
4(189 213 821 797)
4(212 820 821 213)
4(190 214 822 798)
4(213 821 822 214)
4(191 215 823 799)
4(214 822 823 215)
4(192 216 824 800)
4(215 823 824 216)
4(193 217 825 801)
4(216 824 825 217)
4(194 218 826 802)
4(217 825 826 218)
4(195 219 827 803)
4(218 826 827 219)
4(196 220 828 804)
4(219 827 828 220)
4(197 221 829 805)
4(220 828 829 221)
4(198 222 830 806)
4(221 829 830 222)
4(222 830 831 223)
4(201 225 833 809)
4(224 832 833 225)
4(202 226 834 810)
4(225 833 834 226)
4(203 227 835 811)
4(226 834 835 227)
4(204 228 836 812)
4(227 835 836 228)
4(205 229 837 813)
4(228 836 837 229)
4(206 230 838 814)
4(229 837 838 230)
4(207 231 839 815)
4(230 838 839 231)
4(208 232 840 816)
4(231 839 840 232)
4(209 233 841 817)
4(232 840 841 233)
4(210 234 842 818)
4(233 841 842 234)
4(211 235 843 819)
4(234 842 843 235)
4(212 236 844 820)
4(235 843 844 236)
4(213 237 845 821)
4(236 844 845 237)
4(214 238 846 822)
4(237 845 846 238)
4(215 239 847 823)
4(238 846 847 239)
4(216 240 848 824)
4(239 847 848 240)
4(217 241 849 825)
4(240 848 849 241)
4(218 242 850 826)
4(241 849 850 242)
4(219 243 851 827)
4(242 850 851 243)
4(220 244 852 828)
4(243 851 852 244)
4(221 245 853 829)
4(244 852 853 245)
4(222 246 854 830)
4(245 853 854 246)
4(246 854 855 247)
4(225 249 857 833)
4(248 856 857 249)
4(226 250 858 834)
4(249 857 858 250)
4(227 251 859 835)
4(250 858 859 251)
4(228 252 860 836)
4(251 859 860 252)
4(229 253 861 837)
4(252 860 861 253)
4(230 254 862 838)
4(253 861 862 254)
4(231 255 863 839)
4(254 862 863 255)
4(232 256 864 840)
4(255 863 864 256)
4(233 257 865 841)
4(256 864 865 257)
4(234 258 866 842)
4(257 865 866 258)
4(235 259 867 843)
4(258 866 867 259)
4(236 260 868 844)
4(259 867 868 260)
4(237 261 869 845)
4(260 868 869 261)
4(238 262 870 846)
4(261 869 870 262)
4(239 263 871 847)
4(262 870 871 263)
4(240 264 872 848)
4(263 871 872 264)
4(241 265 873 849)
4(264 872 873 265)
4(242 266 874 850)
4(265 873 874 266)
4(243 267 875 851)
4(266 874 875 267)
4(244 268 876 852)
4(267 875 876 268)
4(245 269 877 853)
4(268 876 877 269)
4(246 270 878 854)
4(269 877 878 270)
4(270 878 879 271)
4(249 273 881 857)
4(272 880 881 273)
4(250 274 882 858)
4(273 881 882 274)
4(251 275 883 859)
4(274 882 883 275)
4(252 276 884 860)
4(275 883 884 276)
4(253 277 885 861)
4(276 884 885 277)
4(254 278 886 862)
4(277 885 886 278)
4(255 279 887 863)
4(278 886 887 279)
4(256 280 888 864)
4(279 887 888 280)
4(257 281 889 865)
4(280 888 889 281)
4(258 282 890 866)
4(281 889 890 282)
4(259 283 891 867)
4(282 890 891 283)
4(260 284 892 868)
4(283 891 892 284)
4(261 285 893 869)
4(284 892 893 285)
4(262 286 894 870)
4(285 893 894 286)
4(263 287 895 871)
4(286 894 895 287)
4(264 288 896 872)
4(287 895 896 288)
4(265 289 897 873)
4(288 896 897 289)
4(266 290 898 874)
4(289 897 898 290)
4(267 291 899 875)
4(290 898 899 291)
4(268 292 900 876)
4(291 899 900 292)
4(269 293 901 877)
4(292 900 901 293)
4(270 294 902 878)
4(293 901 902 294)
4(294 902 903 295)
4(273 297 905 881)
4(296 904 905 297)
4(274 298 906 882)
4(297 905 906 298)
4(275 299 907 883)
4(298 906 907 299)
4(276 300 908 884)
4(299 907 908 300)
4(277 301 909 885)
4(300 908 909 301)
4(278 302 910 886)
4(301 909 910 302)
4(279 303 911 887)
4(302 910 911 303)
4(280 304 912 888)
4(303 911 912 304)
4(281 305 913 889)
4(304 912 913 305)
4(282 306 914 890)
4(305 913 914 306)
4(283 307 915 891)
4(306 914 915 307)
4(284 308 916 892)
4(307 915 916 308)
4(285 309 917 893)
4(308 916 917 309)
4(286 310 918 894)
4(309 917 918 310)
4(287 311 919 895)
4(310 918 919 311)
4(288 312 920 896)
4(311 919 920 312)
4(289 313 921 897)
4(312 920 921 313)
4(290 314 922 898)
4(313 921 922 314)
4(291 315 923 899)
4(314 922 923 315)
4(292 316 924 900)
4(315 923 924 316)
4(293 317 925 901)
4(316 924 925 317)
4(294 318 926 902)
4(317 925 926 318)
4(318 926 927 319)
4(297 321 929 905)
4(320 928 929 321)
4(298 322 930 906)
4(321 929 930 322)
4(299 323 931 907)
4(322 930 931 323)
4(300 324 932 908)
4(323 931 932 324)
4(301 325 933 909)
4(324 932 933 325)
4(302 326 934 910)
4(325 933 934 326)
4(303 327 935 911)
4(326 934 935 327)
4(304 328 936 912)
4(327 935 936 328)
4(305 329 937 913)
4(328 936 937 329)
4(306 330 938 914)
4(329 937 938 330)
4(307 331 939 915)
4(330 938 939 331)
4(308 332 940 916)
4(331 939 940 332)
4(309 333 941 917)
4(332 940 941 333)
4(310 334 942 918)
4(333 941 942 334)
4(311 335 943 919)
4(334 942 943 335)
4(312 336 944 920)
4(335 943 944 336)
4(313 337 945 921)
4(336 944 945 337)
4(314 338 946 922)
4(337 945 946 338)
4(315 339 947 923)
4(338 946 947 339)
4(316 340 948 924)
4(339 947 948 340)
4(317 341 949 925)
4(340 948 949 341)
4(318 342 950 926)
4(341 949 950 342)
4(342 950 951 343)
4(321 345 953 929)
4(344 952 953 345)
4(322 346 954 930)
4(345 953 954 346)
4(323 347 955 931)
4(346 954 955 347)
4(324 348 956 932)
4(347 955 956 348)
4(325 349 957 933)
4(348 956 957 349)
4(326 350 958 934)
4(349 957 958 350)
4(327 351 959 935)
4(350 958 959 351)
4(328 352 960 936)
4(351 959 960 352)
4(329 353 961 937)
4(352 960 961 353)
4(330 354 962 938)
4(353 961 962 354)
4(331 355 963 939)
4(354 962 963 355)
4(332 356 964 940)
4(355 963 964 356)
4(333 357 965 941)
4(356 964 965 357)
4(334 358 966 942)
4(357 965 966 358)
4(335 359 967 943)
4(358 966 967 359)
4(336 360 968 944)
4(359 967 968 360)
4(337 361 969 945)
4(360 968 969 361)
4(338 362 970 946)
4(361 969 970 362)
4(339 363 971 947)
4(362 970 971 363)
4(340 364 972 948)
4(363 971 972 364)
4(341 365 973 949)
4(364 972 973 365)
4(342 366 974 950)
4(365 973 974 366)
4(366 974 975 367)
4(345 369 977 953)
4(368 976 977 369)
4(346 370 978 954)
4(369 977 978 370)
4(347 371 979 955)
4(370 978 979 371)
4(348 372 980 956)
4(371 979 980 372)
4(349 373 981 957)
4(372 980 981 373)
4(350 374 982 958)
4(373 981 982 374)
4(351 375 983 959)
4(374 982 983 375)
4(352 376 984 960)
4(375 983 984 376)
4(353 377 985 961)
4(376 984 985 377)
4(354 378 986 962)
4(377 985 986 378)
4(355 379 987 963)
4(378 986 987 379)
4(356 380 988 964)
4(379 987 988 380)
4(357 381 989 965)
4(380 988 989 381)
4(358 382 990 966)
4(381 989 990 382)
4(359 383 991 967)
4(382 990 991 383)
4(360 384 992 968)
4(383 991 992 384)
4(361 385 993 969)
4(384 992 993 385)
4(362 386 994 970)
4(385 993 994 386)
4(363 387 995 971)
4(386 994 995 387)
4(364 388 996 972)
4(387 995 996 388)
4(365 389 997 973)
4(388 996 997 389)
4(366 390 998 974)
4(389 997 998 390)
4(390 998 999 391)
4(369 393 1001 977)
4(392 1000 1001 393)
4(370 394 1002 978)
4(393 1001 1002 394)
4(371 395 1003 979)
4(394 1002 1003 395)
4(372 396 1004 980)
4(395 1003 1004 396)
4(373 397 1005 981)
4(396 1004 1005 397)
4(374 398 1006 982)
4(397 1005 1006 398)
4(375 399 1007 983)
4(398 1006 1007 399)
4(376 400 1008 984)
4(399 1007 1008 400)
4(377 401 1009 985)
4(400 1008 1009 401)
4(378 402 1010 986)
4(401 1009 1010 402)
4(379 403 1011 987)
4(402 1010 1011 403)
4(380 404 1012 988)
4(403 1011 1012 404)
4(381 405 1013 989)
4(404 1012 1013 405)
4(382 406 1014 990)
4(405 1013 1014 406)
4(383 407 1015 991)
4(406 1014 1015 407)
4(384 408 1016 992)
4(407 1015 1016 408)
4(385 409 1017 993)
4(408 1016 1017 409)
4(386 410 1018 994)
4(409 1017 1018 410)
4(387 411 1019 995)
4(410 1018 1019 411)
4(388 412 1020 996)
4(411 1019 1020 412)
4(389 413 1021 997)
4(412 1020 1021 413)
4(390 414 1022 998)
4(413 1021 1022 414)
4(414 1022 1023 415)
4(393 417 1025 1001)
4(416 1024 1025 417)
4(394 418 1026 1002)
4(417 1025 1026 418)
4(395 419 1027 1003)
4(418 1026 1027 419)
4(396 420 1028 1004)
4(419 1027 1028 420)
4(397 421 1029 1005)
4(420 1028 1029 421)
4(398 422 1030 1006)
4(421 1029 1030 422)
4(399 423 1031 1007)
4(422 1030 1031 423)
4(400 424 1032 1008)
4(423 1031 1032 424)
4(401 425 1033 1009)
4(424 1032 1033 425)
4(402 426 1034 1010)
4(425 1033 1034 426)
4(403 427 1035 1011)
4(426 1034 1035 427)
4(404 428 1036 1012)
4(427 1035 1036 428)
4(405 429 1037 1013)
4(428 1036 1037 429)
4(406 430 1038 1014)
4(429 1037 1038 430)
4(407 431 1039 1015)
4(430 1038 1039 431)
4(408 432 1040 1016)
4(431 1039 1040 432)
4(409 433 1041 1017)
4(432 1040 1041 433)
4(410 434 1042 1018)
4(433 1041 1042 434)
4(411 435 1043 1019)
4(434 1042 1043 435)
4(412 436 1044 1020)
4(435 1043 1044 436)
4(413 437 1045 1021)
4(436 1044 1045 437)
4(414 438 1046 1022)
4(437 1045 1046 438)
4(438 1046 1047 439)
4(417 441 1049 1025)
4(440 1048 1049 441)
4(418 442 1050 1026)
4(441 1049 1050 442)
4(419 443 1051 1027)
4(442 1050 1051 443)
4(420 444 1052 1028)
4(443 1051 1052 444)
4(421 445 1053 1029)
4(444 1052 1053 445)
4(422 446 1054 1030)
4(445 1053 1054 446)
4(423 447 1055 1031)
4(446 1054 1055 447)
4(424 448 1056 1032)
4(447 1055 1056 448)
4(425 449 1057 1033)
4(448 1056 1057 449)
4(426 450 1058 1034)
4(449 1057 1058 450)
4(427 451 1059 1035)
4(450 1058 1059 451)
4(428 452 1060 1036)
4(451 1059 1060 452)
4(429 453 1061 1037)
4(452 1060 1061 453)
4(430 454 1062 1038)
4(453 1061 1062 454)
4(431 455 1063 1039)
4(454 1062 1063 455)
4(432 456 1064 1040)
4(455 1063 1064 456)
4(433 457 1065 1041)
4(456 1064 1065 457)
4(434 458 1066 1042)
4(457 1065 1066 458)
4(435 459 1067 1043)
4(458 1066 1067 459)
4(436 460 1068 1044)
4(459 1067 1068 460)
4(437 461 1069 1045)
4(460 1068 1069 461)
4(438 462 1070 1046)
4(461 1069 1070 462)
4(462 1070 1071 463)
4(441 465 1073 1049)
4(464 1072 1073 465)
4(442 466 1074 1050)
4(465 1073 1074 466)
4(443 467 1075 1051)
4(466 1074 1075 467)
4(444 468 1076 1052)
4(467 1075 1076 468)
4(445 469 1077 1053)
4(468 1076 1077 469)
4(446 470 1078 1054)
4(469 1077 1078 470)
4(447 471 1079 1055)
4(470 1078 1079 471)
4(448 472 1080 1056)
4(471 1079 1080 472)
4(449 473 1081 1057)
4(472 1080 1081 473)
4(450 474 1082 1058)
4(473 1081 1082 474)
4(451 475 1083 1059)
4(474 1082 1083 475)
4(452 476 1084 1060)
4(475 1083 1084 476)
4(453 477 1085 1061)
4(476 1084 1085 477)
4(454 478 1086 1062)
4(477 1085 1086 478)
4(455 479 1087 1063)
4(478 1086 1087 479)
4(456 480 1088 1064)
4(479 1087 1088 480)
4(457 481 1089 1065)
4(480 1088 1089 481)
4(458 482 1090 1066)
4(481 1089 1090 482)
4(459 483 1091 1067)
4(482 1090 1091 483)
4(460 484 1092 1068)
4(483 1091 1092 484)
4(461 485 1093 1069)
4(484 1092 1093 485)
4(462 486 1094 1070)
4(485 1093 1094 486)
4(486 1094 1095 487)
4(465 489 1097 1073)
4(488 1096 1097 489)
4(466 490 1098 1074)
4(489 1097 1098 490)
4(467 491 1099 1075)
4(490 1098 1099 491)
4(468 492 1100 1076)
4(491 1099 1100 492)
4(469 493 1101 1077)
4(492 1100 1101 493)
4(470 494 1102 1078)
4(493 1101 1102 494)
4(471 495 1103 1079)
4(494 1102 1103 495)
4(472 496 1104 1080)
4(495 1103 1104 496)
4(473 497 1105 1081)
4(496 1104 1105 497)
4(474 498 1106 1082)
4(497 1105 1106 498)
4(475 499 1107 1083)
4(498 1106 1107 499)
4(476 500 1108 1084)
4(499 1107 1108 500)
4(477 501 1109 1085)
4(500 1108 1109 501)
4(478 502 1110 1086)
4(501 1109 1110 502)
4(479 503 1111 1087)
4(502 1110 1111 503)
4(480 504 1112 1088)
4(503 1111 1112 504)
4(481 505 1113 1089)
4(504 1112 1113 505)
4(482 506 1114 1090)
4(505 1113 1114 506)
4(483 507 1115 1091)
4(506 1114 1115 507)
4(484 508 1116 1092)
4(507 1115 1116 508)
4(485 509 1117 1093)
4(508 1116 1117 509)
4(486 510 1118 1094)
4(509 1117 1118 510)
4(510 1118 1119 511)
4(489 513 1121 1097)
4(512 1120 1121 513)
4(490 514 1122 1098)
4(513 1121 1122 514)
4(491 515 1123 1099)
4(514 1122 1123 515)
4(492 516 1124 1100)
4(515 1123 1124 516)
4(493 517 1125 1101)
4(516 1124 1125 517)
4(494 518 1126 1102)
4(517 1125 1126 518)
4(495 519 1127 1103)
4(518 1126 1127 519)
4(496 520 1128 1104)
4(519 1127 1128 520)
4(497 521 1129 1105)
4(520 1128 1129 521)
4(498 522 1130 1106)
4(521 1129 1130 522)
4(499 523 1131 1107)
4(522 1130 1131 523)
4(500 524 1132 1108)
4(523 1131 1132 524)
4(501 525 1133 1109)
4(524 1132 1133 525)
4(502 526 1134 1110)
4(525 1133 1134 526)
4(503 527 1135 1111)
4(526 1134 1135 527)
4(504 528 1136 1112)
4(527 1135 1136 528)
4(505 529 1137 1113)
4(528 1136 1137 529)
4(506 530 1138 1114)
4(529 1137 1138 530)
4(507 531 1139 1115)
4(530 1138 1139 531)
4(508 532 1140 1116)
4(531 1139 1140 532)
4(509 533 1141 1117)
4(532 1140 1141 533)
4(510 534 1142 1118)
4(533 1141 1142 534)
4(534 1142 1143 535)
4(513 537 1145 1121)
4(536 1144 1145 537)
4(514 538 1146 1122)
4(537 1145 1146 538)
4(515 539 1147 1123)
4(538 1146 1147 539)
4(516 540 1148 1124)
4(539 1147 1148 540)
4(517 541 1149 1125)
4(540 1148 1149 541)
4(518 542 1150 1126)
4(541 1149 1150 542)
4(519 543 1151 1127)
4(542 1150 1151 543)
4(520 544 1152 1128)
4(543 1151 1152 544)
4(521 545 1153 1129)
4(544 1152 1153 545)
4(522 546 1154 1130)
4(545 1153 1154 546)
4(523 547 1155 1131)
4(546 1154 1155 547)
4(524 548 1156 1132)
4(547 1155 1156 548)
4(525 549 1157 1133)
4(548 1156 1157 549)
4(526 550 1158 1134)
4(549 1157 1158 550)
4(527 551 1159 1135)
4(550 1158 1159 551)
4(528 552 1160 1136)
4(551 1159 1160 552)
4(529 553 1161 1137)
4(552 1160 1161 553)
4(530 554 1162 1138)
4(553 1161 1162 554)
4(531 555 1163 1139)
4(554 1162 1163 555)
4(532 556 1164 1140)
4(555 1163 1164 556)
4(533 557 1165 1141)
4(556 1164 1165 557)
4(534 558 1166 1142)
4(557 1165 1166 558)
4(558 1166 1167 559)
4(537 561 1169 1145)
4(560 1168 1169 561)
4(538 562 1170 1146)
4(561 1169 1170 562)
4(539 563 1171 1147)
4(562 1170 1171 563)
4(540 564 1172 1148)
4(563 1171 1172 564)
4(541 565 1173 1149)
4(564 1172 1173 565)
4(542 566 1174 1150)
4(565 1173 1174 566)
4(543 567 1175 1151)
4(566 1174 1175 567)
4(544 568 1176 1152)
4(567 1175 1176 568)
4(545 569 1177 1153)
4(568 1176 1177 569)
4(546 570 1178 1154)
4(569 1177 1178 570)
4(547 571 1179 1155)
4(570 1178 1179 571)
4(548 572 1180 1156)
4(571 1179 1180 572)
4(549 573 1181 1157)
4(572 1180 1181 573)
4(550 574 1182 1158)
4(573 1181 1182 574)
4(551 575 1183 1159)
4(574 1182 1183 575)
4(552 576 1184 1160)
4(575 1183 1184 576)
4(553 577 1185 1161)
4(576 1184 1185 577)
4(554 578 1186 1162)
4(577 1185 1186 578)
4(555 579 1187 1163)
4(578 1186 1187 579)
4(556 580 1188 1164)
4(579 1187 1188 580)
4(557 581 1189 1165)
4(580 1188 1189 581)
4(558 582 1190 1166)
4(581 1189 1190 582)
4(582 1190 1191 583)
4(561 585 1193 1169)
4(562 586 1194 1170)
4(563 587 1195 1171)
4(564 588 1196 1172)
4(565 589 1197 1173)
4(566 590 1198 1174)
4(567 591 1199 1175)
4(568 592 1200 1176)
4(569 593 1201 1177)
4(570 594 1202 1178)
4(571 595 1203 1179)
4(572 596 1204 1180)
4(573 597 1205 1181)
4(574 598 1206 1182)
4(575 599 1207 1183)
4(576 600 1208 1184)
4(577 601 1209 1185)
4(578 602 1210 1186)
4(579 603 1211 1187)
4(580 604 1212 1188)
4(581 605 1213 1189)
4(582 606 1214 1190)
4(8 616 640 32)
4(32 640 664 56)
4(56 664 688 80)
4(80 688 712 104)
4(104 712 736 128)
4(128 736 760 152)
4(152 760 784 176)
4(176 784 808 200)
4(200 808 832 224)
4(224 832 856 248)
4(248 856 880 272)
4(272 880 904 296)
4(296 904 928 320)
4(320 928 952 344)
4(344 952 976 368)
4(368 976 1000 392)
4(392 1000 1024 416)
4(416 1024 1048 440)
4(440 1048 1072 464)
4(464 1072 1096 488)
4(488 1096 1120 512)
4(512 1120 1144 536)
4(536 1144 1168 560)
4(560 1168 1192 584)
4(584 1192 1193 585)
4(585 1193 1194 586)
4(586 1194 1195 587)
4(587 1195 1196 588)
4(588 1196 1197 589)
4(589 1197 1198 590)
4(590 1198 1199 591)
4(591 1199 1200 592)
4(592 1200 1201 593)
4(593 1201 1202 594)
4(594 1202 1203 595)
4(595 1203 1204 596)
4(596 1204 1205 597)
4(597 1205 1206 598)
4(598 1206 1207 599)
4(599 1207 1208 600)
4(600 1208 1209 601)
4(601 1209 1210 602)
4(602 1210 1211 603)
4(603 1211 1212 604)
4(604 1212 1213 605)
4(605 1213 1214 606)
4(606 1214 1215 607)
4(8 32 33 9)
4(32 56 57 33)
4(56 80 81 57)
4(80 104 105 81)
4(104 128 129 105)
4(128 152 153 129)
4(152 176 177 153)
4(176 200 201 177)
4(200 224 225 201)
4(224 248 249 225)
4(248 272 273 249)
4(272 296 297 273)
4(296 320 321 297)
4(320 344 345 321)
4(344 368 369 345)
4(368 392 393 369)
4(392 416 417 393)
4(416 440 441 417)
4(440 464 465 441)
4(464 488 489 465)
4(488 512 513 489)
4(512 536 537 513)
4(536 560 561 537)
4(560 584 585 561)
4(9 33 34 10)
4(33 57 58 34)
4(57 81 82 58)
4(81 105 106 82)
4(105 129 130 106)
4(129 153 154 130)
4(153 177 178 154)
4(177 201 202 178)
4(201 225 226 202)
4(225 249 250 226)
4(249 273 274 250)
4(273 297 298 274)
4(297 321 322 298)
4(321 345 346 322)
4(345 369 370 346)
4(369 393 394 370)
4(393 417 418 394)
4(417 441 442 418)
4(441 465 466 442)
4(465 489 490 466)
4(489 513 514 490)
4(513 537 538 514)
4(537 561 562 538)
4(561 585 586 562)
4(10 34 35 11)
4(34 58 59 35)
4(58 82 83 59)
4(82 106 107 83)
4(106 130 131 107)
4(130 154 155 131)
4(154 178 179 155)
4(178 202 203 179)
4(202 226 227 203)
4(226 250 251 227)
4(250 274 275 251)
4(274 298 299 275)
4(298 322 323 299)
4(322 346 347 323)
4(346 370 371 347)
4(370 394 395 371)
4(394 418 419 395)
4(418 442 443 419)
4(442 466 467 443)
4(466 490 491 467)
4(490 514 515 491)
4(514 538 539 515)
4(538 562 563 539)
4(562 586 587 563)
4(11 35 36 12)
4(35 59 60 36)
4(59 83 84 60)
4(83 107 108 84)
4(107 131 132 108)
4(131 155 156 132)
4(155 179 180 156)
4(179 203 204 180)
4(203 227 228 204)
4(227 251 252 228)
4(251 275 276 252)
4(275 299 300 276)
4(299 323 324 300)
4(323 347 348 324)
4(347 371 372 348)
4(371 395 396 372)
4(395 419 420 396)
4(419 443 444 420)
4(443 467 468 444)
4(467 491 492 468)
4(491 515 516 492)
4(515 539 540 516)
4(539 563 564 540)
4(563 587 588 564)
4(12 36 37 13)
4(36 60 61 37)
4(60 84 85 61)
4(84 108 109 85)
4(108 132 133 109)
4(132 156 157 133)
4(156 180 181 157)
4(180 204 205 181)
4(204 228 229 205)
4(228 252 253 229)
4(252 276 277 253)
4(276 300 301 277)
4(300 324 325 301)
4(324 348 349 325)
4(348 372 373 349)
4(372 396 397 373)
4(396 420 421 397)
4(420 444 445 421)
4(444 468 469 445)
4(468 492 493 469)
4(492 516 517 493)
4(516 540 541 517)
4(540 564 565 541)
4(564 588 589 565)
4(13 37 38 14)
4(37 61 62 38)
4(61 85 86 62)
4(85 109 110 86)
4(109 133 134 110)
4(133 157 158 134)
4(157 181 182 158)
4(181 205 206 182)
4(205 229 230 206)
4(229 253 254 230)
4(253 277 278 254)
4(277 301 302 278)
4(301 325 326 302)
4(325 349 350 326)
4(349 373 374 350)
4(373 397 398 374)
4(397 421 422 398)
4(421 445 446 422)
4(445 469 470 446)
4(469 493 494 470)
4(493 517 518 494)
4(517 541 542 518)
4(541 565 566 542)
4(565 589 590 566)
4(14 38 39 15)
4(38 62 63 39)
4(62 86 87 63)
4(86 110 111 87)
4(110 134 135 111)
4(134 158 159 135)
4(158 182 183 159)
4(182 206 207 183)
4(206 230 231 207)
4(230 254 255 231)
4(254 278 279 255)
4(278 302 303 279)
4(302 326 327 303)
4(326 350 351 327)
4(350 374 375 351)
4(374 398 399 375)
4(398 422 423 399)
4(422 446 447 423)
4(446 470 471 447)
4(470 494 495 471)
4(494 518 519 495)
4(518 542 543 519)
4(542 566 567 543)
4(566 590 591 567)
4(15 39 40 16)
4(39 63 64 40)
4(63 87 88 64)
4(87 111 112 88)
4(111 135 136 112)
4(135 159 160 136)
4(159 183 184 160)
4(183 207 208 184)
4(207 231 232 208)
4(231 255 256 232)
4(255 279 280 256)
4(279 303 304 280)
4(303 327 328 304)
4(327 351 352 328)
4(351 375 376 352)
4(375 399 400 376)
4(399 423 424 400)
4(423 447 448 424)
4(447 471 472 448)
4(471 495 496 472)
4(495 519 520 496)
4(519 543 544 520)
4(543 567 568 544)
4(567 591 592 568)
4(16 40 41 17)
4(40 64 65 41)
4(64 88 89 65)
4(88 112 113 89)
4(112 136 137 113)
4(136 160 161 137)
4(160 184 185 161)
4(184 208 209 185)
4(208 232 233 209)
4(232 256 257 233)
4(256 280 281 257)
4(280 304 305 281)
4(304 328 329 305)
4(328 352 353 329)
4(352 376 377 353)
4(376 400 401 377)
4(400 424 425 401)
4(424 448 449 425)
4(448 472 473 449)
4(472 496 497 473)
4(496 520 521 497)
4(520 544 545 521)
4(544 568 569 545)
4(568 592 593 569)
4(17 41 42 18)
4(41 65 66 42)
4(65 89 90 66)
4(89 113 114 90)
4(113 137 138 114)
4(137 161 162 138)
4(161 185 186 162)
4(185 209 210 186)
4(209 233 234 210)
4(233 257 258 234)
4(257 281 282 258)
4(281 305 306 282)
4(305 329 330 306)
4(329 353 354 330)
4(353 377 378 354)
4(377 401 402 378)
4(401 425 426 402)
4(425 449 450 426)
4(449 473 474 450)
4(473 497 498 474)
4(497 521 522 498)
4(521 545 546 522)
4(545 569 570 546)
4(569 593 594 570)
4(18 42 43 19)
4(42 66 67 43)
4(66 90 91 67)
4(90 114 115 91)
4(114 138 139 115)
4(138 162 163 139)
4(162 186 187 163)
4(186 210 211 187)
4(210 234 235 211)
4(234 258 259 235)
4(258 282 283 259)
4(282 306 307 283)
4(306 330 331 307)
4(330 354 355 331)
4(354 378 379 355)
4(378 402 403 379)
4(402 426 427 403)
4(426 450 451 427)
4(450 474 475 451)
4(474 498 499 475)
4(498 522 523 499)
4(522 546 547 523)
4(546 570 571 547)
4(570 594 595 571)
4(19 43 44 20)
4(43 67 68 44)
4(67 91 92 68)
4(91 115 116 92)
4(115 139 140 116)
4(139 163 164 140)
4(163 187 188 164)
4(187 211 212 188)
4(211 235 236 212)
4(235 259 260 236)
4(259 283 284 260)
4(283 307 308 284)
4(307 331 332 308)
4(331 355 356 332)
4(355 379 380 356)
4(379 403 404 380)
4(403 427 428 404)
4(427 451 452 428)
4(451 475 476 452)
4(475 499 500 476)
4(499 523 524 500)
4(523 547 548 524)
4(547 571 572 548)
4(571 595 596 572)
4(20 44 45 21)
4(44 68 69 45)
4(68 92 93 69)
4(92 116 117 93)
4(116 140 141 117)
4(140 164 165 141)
4(164 188 189 165)
4(188 212 213 189)
4(212 236 237 213)
4(236 260 261 237)
4(260 284 285 261)
4(284 308 309 285)
4(308 332 333 309)
4(332 356 357 333)
4(356 380 381 357)
4(380 404 405 381)
4(404 428 429 405)
4(428 452 453 429)
4(452 476 477 453)
4(476 500 501 477)
4(500 524 525 501)
4(524 548 549 525)
4(548 572 573 549)
4(572 596 597 573)
4(21 45 46 22)
4(45 69 70 46)
4(69 93 94 70)
4(93 117 118 94)
4(117 141 142 118)
4(141 165 166 142)
4(165 189 190 166)
4(189 213 214 190)
4(213 237 238 214)
4(237 261 262 238)
4(261 285 286 262)
4(285 309 310 286)
4(309 333 334 310)
4(333 357 358 334)
4(357 381 382 358)
4(381 405 406 382)
4(405 429 430 406)
4(429 453 454 430)
4(453 477 478 454)
4(477 501 502 478)
4(501 525 526 502)
4(525 549 550 526)
4(549 573 574 550)
4(573 597 598 574)
4(22 46 47 23)
4(46 70 71 47)
4(70 94 95 71)
4(94 118 119 95)
4(118 142 143 119)
4(142 166 167 143)
4(166 190 191 167)
4(190 214 215 191)
4(214 238 239 215)
4(238 262 263 239)
4(262 286 287 263)
4(286 310 311 287)
4(310 334 335 311)
4(334 358 359 335)
4(358 382 383 359)
4(382 406 407 383)
4(406 430 431 407)
4(430 454 455 431)
4(454 478 479 455)
4(478 502 503 479)
4(502 526 527 503)
4(526 550 551 527)
4(550 574 575 551)
4(574 598 599 575)
4(23 47 48 24)
4(47 71 72 48)
4(71 95 96 72)
4(95 119 120 96)
4(119 143 144 120)
4(143 167 168 144)
4(167 191 192 168)
4(191 215 216 192)
4(215 239 240 216)
4(239 263 264 240)
4(263 287 288 264)
4(287 311 312 288)
4(311 335 336 312)
4(335 359 360 336)
4(359 383 384 360)
4(383 407 408 384)
4(407 431 432 408)
4(431 455 456 432)
4(455 479 480 456)
4(479 503 504 480)
4(503 527 528 504)
4(527 551 552 528)
4(551 575 576 552)
4(575 599 600 576)
4(0 24 25 1)
4(24 48 49 25)
4(48 72 73 49)
4(72 96 97 73)
4(96 120 121 97)
4(120 144 145 121)
4(144 168 169 145)
4(168 192 193 169)
4(192 216 217 193)
4(216 240 241 217)
4(240 264 265 241)
4(264 288 289 265)
4(288 312 313 289)
4(312 336 337 313)
4(336 360 361 337)
4(360 384 385 361)
4(384 408 409 385)
4(408 432 433 409)
4(432 456 457 433)
4(456 480 481 457)
4(480 504 505 481)
4(504 528 529 505)
4(528 552 553 529)
4(552 576 577 553)
4(576 600 601 577)
4(1 25 26 2)
4(25 49 50 26)
4(49 73 74 50)
4(73 97 98 74)
4(97 121 122 98)
4(121 145 146 122)
4(145 169 170 146)
4(169 193 194 170)
4(193 217 218 194)
4(217 241 242 218)
4(241 265 266 242)
4(265 289 290 266)
4(289 313 314 290)
4(313 337 338 314)
4(337 361 362 338)
4(361 385 386 362)
4(385 409 410 386)
4(409 433 434 410)
4(433 457 458 434)
4(457 481 482 458)
4(481 505 506 482)
4(505 529 530 506)
4(529 553 554 530)
4(553 577 578 554)
4(577 601 602 578)
4(2 26 27 3)
4(26 50 51 27)
4(50 74 75 51)
4(74 98 99 75)
4(98 122 123 99)
4(122 146 147 123)
4(146 170 171 147)
4(170 194 195 171)
4(194 218 219 195)
4(218 242 243 219)
4(242 266 267 243)
4(266 290 291 267)
4(290 314 315 291)
4(314 338 339 315)
4(338 362 363 339)
4(362 386 387 363)
4(386 410 411 387)
4(410 434 435 411)
4(434 458 459 435)
4(458 482 483 459)
4(482 506 507 483)
4(506 530 531 507)
4(530 554 555 531)
4(554 578 579 555)
4(578 602 603 579)
4(3 27 28 4)
4(27 51 52 28)
4(51 75 76 52)
4(75 99 100 76)
4(99 123 124 100)
4(123 147 148 124)
4(147 171 172 148)
4(171 195 196 172)
4(195 219 220 196)
4(219 243 244 220)
4(243 267 268 244)
4(267 291 292 268)
4(291 315 316 292)
4(315 339 340 316)
4(339 363 364 340)
4(363 387 388 364)
4(387 411 412 388)
4(411 435 436 412)
4(435 459 460 436)
4(459 483 484 460)
4(483 507 508 484)
4(507 531 532 508)
4(531 555 556 532)
4(555 579 580 556)
4(579 603 604 580)
4(4 28 29 5)
4(28 52 53 29)
4(52 76 77 53)
4(76 100 101 77)
4(100 124 125 101)
4(124 148 149 125)
4(148 172 173 149)
4(172 196 197 173)
4(196 220 221 197)
4(220 244 245 221)
4(244 268 269 245)
4(268 292 293 269)
4(292 316 317 293)
4(316 340 341 317)
4(340 364 365 341)
4(364 388 389 365)
4(388 412 413 389)
4(412 436 437 413)
4(436 460 461 437)
4(460 484 485 461)
4(484 508 509 485)
4(508 532 533 509)
4(532 556 557 533)
4(556 580 581 557)
4(580 604 605 581)
4(5 29 30 6)
4(29 53 54 30)
4(53 77 78 54)
4(77 101 102 78)
4(101 125 126 102)
4(125 149 150 126)
4(149 173 174 150)
4(173 197 198 174)
4(197 221 222 198)
4(221 245 246 222)
4(245 269 270 246)
4(269 293 294 270)
4(293 317 318 294)
4(317 341 342 318)
4(341 365 366 342)
4(365 389 390 366)
4(389 413 414 390)
4(413 437 438 414)
4(437 461 462 438)
4(461 485 486 462)
4(485 509 510 486)
4(509 533 534 510)
4(533 557 558 534)
4(557 581 582 558)
4(581 605 606 582)
4(6 30 31 7)
4(30 54 55 31)
4(54 78 79 55)
4(78 102 103 79)
4(102 126 127 103)
4(126 150 151 127)
4(150 174 175 151)
4(174 198 199 175)
4(198 222 223 199)
4(222 246 247 223)
4(246 270 271 247)
4(270 294 295 271)
4(294 318 319 295)
4(318 342 343 319)
4(342 366 367 343)
4(366 390 391 367)
4(390 414 415 391)
4(414 438 439 415)
4(438 462 463 439)
4(462 486 487 463)
4(486 510 511 487)
4(510 534 535 511)
4(534 558 559 535)
4(558 582 583 559)
4(582 606 607 583)
4(616 617 641 640)
4(640 641 665 664)
4(664 665 689 688)
4(688 689 713 712)
4(712 713 737 736)
4(736 737 761 760)
4(760 761 785 784)
4(784 785 809 808)
4(808 809 833 832)
4(832 833 857 856)
4(856 857 881 880)
4(880 881 905 904)
4(904 905 929 928)
4(928 929 953 952)
4(952 953 977 976)
4(976 977 1001 1000)
4(1000 1001 1025 1024)
4(1024 1025 1049 1048)
4(1048 1049 1073 1072)
4(1072 1073 1097 1096)
4(1096 1097 1121 1120)
4(1120 1121 1145 1144)
4(1144 1145 1169 1168)
4(1168 1169 1193 1192)
4(617 618 642 641)
4(641 642 666 665)
4(665 666 690 689)
4(689 690 714 713)
4(713 714 738 737)
4(737 738 762 761)
4(761 762 786 785)
4(785 786 810 809)
4(809 810 834 833)
4(833 834 858 857)
4(857 858 882 881)
4(881 882 906 905)
4(905 906 930 929)
4(929 930 954 953)
4(953 954 978 977)
4(977 978 1002 1001)
4(1001 1002 1026 1025)
4(1025 1026 1050 1049)
4(1049 1050 1074 1073)
4(1073 1074 1098 1097)
4(1097 1098 1122 1121)
4(1121 1122 1146 1145)
4(1145 1146 1170 1169)
4(1169 1170 1194 1193)
4(618 619 643 642)
4(642 643 667 666)
4(666 667 691 690)
4(690 691 715 714)
4(714 715 739 738)
4(738 739 763 762)
4(762 763 787 786)
4(786 787 811 810)
4(810 811 835 834)
4(834 835 859 858)
4(858 859 883 882)
4(882 883 907 906)
4(906 907 931 930)
4(930 931 955 954)
4(954 955 979 978)
4(978 979 1003 1002)
4(1002 1003 1027 1026)
4(1026 1027 1051 1050)
4(1050 1051 1075 1074)
4(1074 1075 1099 1098)
4(1098 1099 1123 1122)
4(1122 1123 1147 1146)
4(1146 1147 1171 1170)
4(1170 1171 1195 1194)
4(619 620 644 643)
4(643 644 668 667)
4(667 668 692 691)
4(691 692 716 715)
4(715 716 740 739)
4(739 740 764 763)
4(763 764 788 787)
4(787 788 812 811)
4(811 812 836 835)
4(835 836 860 859)
4(859 860 884 883)
4(883 884 908 907)
4(907 908 932 931)
4(931 932 956 955)
4(955 956 980 979)
4(979 980 1004 1003)
4(1003 1004 1028 1027)
4(1027 1028 1052 1051)
4(1051 1052 1076 1075)
4(1075 1076 1100 1099)
4(1099 1100 1124 1123)
4(1123 1124 1148 1147)
4(1147 1148 1172 1171)
4(1171 1172 1196 1195)
4(620 621 645 644)
4(644 645 669 668)
4(668 669 693 692)
4(692 693 717 716)
4(716 717 741 740)
4(740 741 765 764)
4(764 765 789 788)
4(788 789 813 812)
4(812 813 837 836)
4(836 837 861 860)
4(860 861 885 884)
4(884 885 909 908)
4(908 909 933 932)
4(932 933 957 956)
4(956 957 981 980)
4(980 981 1005 1004)
4(1004 1005 1029 1028)
4(1028 1029 1053 1052)
4(1052 1053 1077 1076)
4(1076 1077 1101 1100)
4(1100 1101 1125 1124)
4(1124 1125 1149 1148)
4(1148 1149 1173 1172)
4(1172 1173 1197 1196)
4(621 622 646 645)
4(645 646 670 669)
4(669 670 694 693)
4(693 694 718 717)
4(717 718 742 741)
4(741 742 766 765)
4(765 766 790 789)
4(789 790 814 813)
4(813 814 838 837)
4(837 838 862 861)
4(861 862 886 885)
4(885 886 910 909)
4(909 910 934 933)
4(933 934 958 957)
4(957 958 982 981)
4(981 982 1006 1005)
4(1005 1006 1030 1029)
4(1029 1030 1054 1053)
4(1053 1054 1078 1077)
4(1077 1078 1102 1101)
4(1101 1102 1126 1125)
4(1125 1126 1150 1149)
4(1149 1150 1174 1173)
4(1173 1174 1198 1197)
4(622 623 647 646)
4(646 647 671 670)
4(670 671 695 694)
4(694 695 719 718)
4(718 719 743 742)
4(742 743 767 766)
4(766 767 791 790)
4(790 791 815 814)
4(814 815 839 838)
4(838 839 863 862)
4(862 863 887 886)
4(886 887 911 910)
4(910 911 935 934)
4(934 935 959 958)
4(958 959 983 982)
4(982 983 1007 1006)
4(1006 1007 1031 1030)
4(1030 1031 1055 1054)
4(1054 1055 1079 1078)
4(1078 1079 1103 1102)
4(1102 1103 1127 1126)
4(1126 1127 1151 1150)
4(1150 1151 1175 1174)
4(1174 1175 1199 1198)
4(623 624 648 647)
4(647 648 672 671)
4(671 672 696 695)
4(695 696 720 719)
4(719 720 744 743)
4(743 744 768 767)
4(767 768 792 791)
4(791 792 816 815)
4(815 816 840 839)
4(839 840 864 863)
4(863 864 888 887)
4(887 888 912 911)
4(911 912 936 935)
4(935 936 960 959)
4(959 960 984 983)
4(983 984 1008 1007)
4(1007 1008 1032 1031)
4(1031 1032 1056 1055)
4(1055 1056 1080 1079)
4(1079 1080 1104 1103)
4(1103 1104 1128 1127)
4(1127 1128 1152 1151)
4(1151 1152 1176 1175)
4(1175 1176 1200 1199)
4(624 625 649 648)
4(648 649 673 672)
4(672 673 697 696)
4(696 697 721 720)
4(720 721 745 744)
4(744 745 769 768)
4(768 769 793 792)
4(792 793 817 816)
4(816 817 841 840)
4(840 841 865 864)
4(864 865 889 888)
4(888 889 913 912)
4(912 913 937 936)
4(936 937 961 960)
4(960 961 985 984)
4(984 985 1009 1008)
4(1008 1009 1033 1032)
4(1032 1033 1057 1056)
4(1056 1057 1081 1080)
4(1080 1081 1105 1104)
4(1104 1105 1129 1128)
4(1128 1129 1153 1152)
4(1152 1153 1177 1176)
4(1176 1177 1201 1200)
4(625 626 650 649)
4(649 650 674 673)
4(673 674 698 697)
4(697 698 722 721)
4(721 722 746 745)
4(745 746 770 769)
4(769 770 794 793)
4(793 794 818 817)
4(817 818 842 841)
4(841 842 866 865)
4(865 866 890 889)
4(889 890 914 913)
4(913 914 938 937)
4(937 938 962 961)
4(961 962 986 985)
4(985 986 1010 1009)
4(1009 1010 1034 1033)
4(1033 1034 1058 1057)
4(1057 1058 1082 1081)
4(1081 1082 1106 1105)
4(1105 1106 1130 1129)
4(1129 1130 1154 1153)
4(1153 1154 1178 1177)
4(1177 1178 1202 1201)
4(626 627 651 650)
4(650 651 675 674)
4(674 675 699 698)
4(698 699 723 722)
4(722 723 747 746)
4(746 747 771 770)
4(770 771 795 794)
4(794 795 819 818)
4(818 819 843 842)
4(842 843 867 866)
4(866 867 891 890)
4(890 891 915 914)
4(914 915 939 938)
4(938 939 963 962)
4(962 963 987 986)
4(986 987 1011 1010)
4(1010 1011 1035 1034)
4(1034 1035 1059 1058)
4(1058 1059 1083 1082)
4(1082 1083 1107 1106)
4(1106 1107 1131 1130)
4(1130 1131 1155 1154)
4(1154 1155 1179 1178)
4(1178 1179 1203 1202)
4(627 628 652 651)
4(651 652 676 675)
4(675 676 700 699)
4(699 700 724 723)
4(723 724 748 747)
4(747 748 772 771)
4(771 772 796 795)
4(795 796 820 819)
4(819 820 844 843)
4(843 844 868 867)
4(867 868 892 891)
4(891 892 916 915)
4(915 916 940 939)
4(939 940 964 963)
4(963 964 988 987)
4(987 988 1012 1011)
4(1011 1012 1036 1035)
4(1035 1036 1060 1059)
4(1059 1060 1084 1083)
4(1083 1084 1108 1107)
4(1107 1108 1132 1131)
4(1131 1132 1156 1155)
4(1155 1156 1180 1179)
4(1179 1180 1204 1203)
4(628 629 653 652)
4(652 653 677 676)
4(676 677 701 700)
4(700 701 725 724)
4(724 725 749 748)
4(748 749 773 772)
4(772 773 797 796)
4(796 797 821 820)
4(820 821 845 844)
4(844 845 869 868)
4(868 869 893 892)
4(892 893 917 916)
4(916 917 941 940)
4(940 941 965 964)
4(964 965 989 988)
4(988 989 1013 1012)
4(1012 1013 1037 1036)
4(1036 1037 1061 1060)
4(1060 1061 1085 1084)
4(1084 1085 1109 1108)
4(1108 1109 1133 1132)
4(1132 1133 1157 1156)
4(1156 1157 1181 1180)
4(1180 1181 1205 1204)
4(629 630 654 653)
4(653 654 678 677)
4(677 678 702 701)
4(701 702 726 725)
4(725 726 750 749)
4(749 750 774 773)
4(773 774 798 797)
4(797 798 822 821)
4(821 822 846 845)
4(845 846 870 869)
4(869 870 894 893)
4(893 894 918 917)
4(917 918 942 941)
4(941 942 966 965)
4(965 966 990 989)
4(989 990 1014 1013)
4(1013 1014 1038 1037)
4(1037 1038 1062 1061)
4(1061 1062 1086 1085)
4(1085 1086 1110 1109)
4(1109 1110 1134 1133)
4(1133 1134 1158 1157)
4(1157 1158 1182 1181)
4(1181 1182 1206 1205)
4(630 631 655 654)
4(654 655 679 678)
4(678 679 703 702)
4(702 703 727 726)
4(726 727 751 750)
4(750 751 775 774)
4(774 775 799 798)
4(798 799 823 822)
4(822 823 847 846)
4(846 847 871 870)
4(870 871 895 894)
4(894 895 919 918)
4(918 919 943 942)
4(942 943 967 966)
4(966 967 991 990)
4(990 991 1015 1014)
4(1014 1015 1039 1038)
4(1038 1039 1063 1062)
4(1062 1063 1087 1086)
4(1086 1087 1111 1110)
4(1110 1111 1135 1134)
4(1134 1135 1159 1158)
4(1158 1159 1183 1182)
4(1182 1183 1207 1206)
4(631 632 656 655)
4(655 656 680 679)
4(679 680 704 703)
4(703 704 728 727)
4(727 728 752 751)
4(751 752 776 775)
4(775 776 800 799)
4(799 800 824 823)
4(823 824 848 847)
4(847 848 872 871)
4(871 872 896 895)
4(895 896 920 919)
4(919 920 944 943)
4(943 944 968 967)
4(967 968 992 991)
4(991 992 1016 1015)
4(1015 1016 1040 1039)
4(1039 1040 1064 1063)
4(1063 1064 1088 1087)
4(1087 1088 1112 1111)
4(1111 1112 1136 1135)
4(1135 1136 1160 1159)
4(1159 1160 1184 1183)
4(1183 1184 1208 1207)
4(608 609 633 632)
4(632 633 657 656)
4(656 657 681 680)
4(680 681 705 704)
4(704 705 729 728)
4(728 729 753 752)
4(752 753 777 776)
4(776 777 801 800)
4(800 801 825 824)
4(824 825 849 848)
4(848 849 873 872)
4(872 873 897 896)
4(896 897 921 920)
4(920 921 945 944)
4(944 945 969 968)
4(968 969 993 992)
4(992 993 1017 1016)
4(1016 1017 1041 1040)
4(1040 1041 1065 1064)
4(1064 1065 1089 1088)
4(1088 1089 1113 1112)
4(1112 1113 1137 1136)
4(1136 1137 1161 1160)
4(1160 1161 1185 1184)
4(1184 1185 1209 1208)
4(609 610 634 633)
4(633 634 658 657)
4(657 658 682 681)
4(681 682 706 705)
4(705 706 730 729)
4(729 730 754 753)
4(753 754 778 777)
4(777 778 802 801)
4(801 802 826 825)
4(825 826 850 849)
4(849 850 874 873)
4(873 874 898 897)
4(897 898 922 921)
4(921 922 946 945)
4(945 946 970 969)
4(969 970 994 993)
4(993 994 1018 1017)
4(1017 1018 1042 1041)
4(1041 1042 1066 1065)
4(1065 1066 1090 1089)
4(1089 1090 1114 1113)
4(1113 1114 1138 1137)
4(1137 1138 1162 1161)
4(1161 1162 1186 1185)
4(1185 1186 1210 1209)
4(610 611 635 634)
4(634 635 659 658)
4(658 659 683 682)
4(682 683 707 706)
4(706 707 731 730)
4(730 731 755 754)
4(754 755 779 778)
4(778 779 803 802)
4(802 803 827 826)
4(826 827 851 850)
4(850 851 875 874)
4(874 875 899 898)
4(898 899 923 922)
4(922 923 947 946)
4(946 947 971 970)
4(970 971 995 994)
4(994 995 1019 1018)
4(1018 1019 1043 1042)
4(1042 1043 1067 1066)
4(1066 1067 1091 1090)
4(1090 1091 1115 1114)
4(1114 1115 1139 1138)
4(1138 1139 1163 1162)
4(1162 1163 1187 1186)
4(1186 1187 1211 1210)
4(611 612 636 635)
4(635 636 660 659)
4(659 660 684 683)
4(683 684 708 707)
4(707 708 732 731)
4(731 732 756 755)
4(755 756 780 779)
4(779 780 804 803)
4(803 804 828 827)
4(827 828 852 851)
4(851 852 876 875)
4(875 876 900 899)
4(899 900 924 923)
4(923 924 948 947)
4(947 948 972 971)
4(971 972 996 995)
4(995 996 1020 1019)
4(1019 1020 1044 1043)
4(1043 1044 1068 1067)
4(1067 1068 1092 1091)
4(1091 1092 1116 1115)
4(1115 1116 1140 1139)
4(1139 1140 1164 1163)
4(1163 1164 1188 1187)
4(1187 1188 1212 1211)
4(612 613 637 636)
4(636 637 661 660)
4(660 661 685 684)
4(684 685 709 708)
4(708 709 733 732)
4(732 733 757 756)
4(756 757 781 780)
4(780 781 805 804)
4(804 805 829 828)
4(828 829 853 852)
4(852 853 877 876)
4(876 877 901 900)
4(900 901 925 924)
4(924 925 949 948)
4(948 949 973 972)
4(972 973 997 996)
4(996 997 1021 1020)
4(1020 1021 1045 1044)
4(1044 1045 1069 1068)
4(1068 1069 1093 1092)
4(1092 1093 1117 1116)
4(1116 1117 1141 1140)
4(1140 1141 1165 1164)
4(1164 1165 1189 1188)
4(1188 1189 1213 1212)
4(613 614 638 637)
4(637 638 662 661)
4(661 662 686 685)
4(685 686 710 709)
4(709 710 734 733)
4(733 734 758 757)
4(757 758 782 781)
4(781 782 806 805)
4(805 806 830 829)
4(829 830 854 853)
4(853 854 878 877)
4(877 878 902 901)
4(901 902 926 925)
4(925 926 950 949)
4(949 950 974 973)
4(973 974 998 997)
4(997 998 1022 1021)
4(1021 1022 1046 1045)
4(1045 1046 1070 1069)
4(1069 1070 1094 1093)
4(1093 1094 1118 1117)
4(1117 1118 1142 1141)
4(1141 1142 1166 1165)
4(1165 1166 1190 1189)
4(1189 1190 1214 1213)
4(614 615 639 638)
4(638 639 663 662)
4(662 663 687 686)
4(686 687 711 710)
4(710 711 735 734)
4(734 735 759 758)
4(758 759 783 782)
4(782 783 807 806)
4(806 807 831 830)
4(830 831 855 854)
4(854 855 879 878)
4(878 879 903 902)
4(902 903 927 926)
4(926 927 951 950)
4(950 951 975 974)
4(974 975 999 998)
4(998 999 1023 1022)
4(1022 1023 1047 1046)
4(1046 1047 1071 1070)
4(1070 1071 1095 1094)
4(1094 1095 1119 1118)
4(1118 1119 1143 1142)
4(1142 1143 1167 1166)
4(1166 1167 1191 1190)
4(1190 1191 1215 1214)
4(0 1 609 608)
4(1 2 610 609)
4(2 3 611 610)
4(3 4 612 611)
4(4 5 613 612)
4(5 6 614 613)
4(6 7 615 614)
4(8 9 617 616)
4(9 10 618 617)
4(10 11 619 618)
4(11 12 620 619)
4(12 13 621 620)
4(13 14 622 621)
4(14 15 623 622)
4(15 16 624 623)
4(16 17 625 624)
4(17 18 626 625)
4(18 19 627 626)
4(19 20 628 627)
4(20 21 629 628)
4(21 22 630 629)
4(22 23 631 630)
4(0 608 632 24)
4(23 24 632 631)
4(7 31 639 615)
4(31 55 663 639)
4(55 79 687 663)
4(79 103 711 687)
4(103 127 735 711)
4(127 151 759 735)
4(151 175 783 759)
4(175 199 807 783)
4(199 223 831 807)
4(223 247 855 831)
4(247 271 879 855)
4(271 295 903 879)
4(295 319 927 903)
4(319 343 951 927)
4(343 367 975 951)
4(367 391 999 975)
4(391 415 1023 999)
4(415 439 1047 1023)
4(439 463 1071 1047)
4(463 487 1095 1071)
4(487 511 1119 1095)
4(511 535 1143 1119)
4(535 559 1167 1143)
4(559 583 1191 1167)
4(583 607 1215 1191)
)


// ************************************************************************* //
