/*---------------------------------------------------------------------------*\
| =========                 |                                                 |
| \\      /  F ield         | OpenFOAM: The Open Source CFD Toolbox           |
|  \\    /   O peration     | Version:  1.3                                   |
|   \\  /    A nd           | Web:      http://www.openfoam.org               |
|    \\/     M anipulation  |                                                 |
\*---------------------------------------------------------------------------*/

FoamFile
{
    version 2.0;
    format ascii;

    root "/home/dm2/henry/OpenFOAM/OpenFOAM-1.2/tutorials/interFoam";
    case "damBreak/processor2";
    instance ""constant"";
    local "polyMesh";

    class vectorField;
    object points;
}

// * * * * * * * * * * * * * * * * * * * * * * * * * * * * * * * * * * * * * //


1216
(
(0.2031304348 0.2649517619 0)
(0.215826087 0.2649517619 0)
(0.2285217391 0.2649517619 0)
(0.2412173913 0.2649517619 0)
(0.2539130435 0.2649517619 0)
(0.2666086957 0.2649517619 0)
(0.2793043478 0.2649517619 0)
(0.292 0.2649517619 0)
(0 0.2777136914 0)
(0.01269565217 0.2777136914 0)
(0.02539130435 0.2777136914 0)
(0.03808695652 0.2777136914 0)
(0.0507826087 0.2777136914 0)
(0.06347826087 0.2777136914 0)
(0.07617391304 0.2777136914 0)
(0.08886956522 0.2777136914 0)
(0.1015652174 0.2777136914 0)
(0.1142608696 0.2777136914 0)
(0.1269565217 0.2777136914 0)
(0.1396521739 0.2777136914 0)
(0.1523478261 0.2777136914 0)
(0.1650434783 0.2777136914 0)
(0.1777391304 0.2777136914 0)
(0.1904347826 0.2777136914 0)
(0.2031304348 0.2777136914 0)
(0.215826087 0.2777136914 0)
(0.2285217391 0.2777136914 0)
(0.2412173913 0.2777136914 0)
(0.2539130435 0.2777136914 0)
(0.2666086957 0.2777136914 0)
(0.2793043478 0.2777136914 0)
(0.292 0.2777136914 0)
(0 0.290475621 0)
(0.01269565217 0.290475621 0)
(0.02539130435 0.290475621 0)
(0.03808695652 0.290475621 0)
(0.0507826087 0.290475621 0)
(0.06347826087 0.290475621 0)
(0.07617391304 0.290475621 0)
(0.08886956522 0.290475621 0)
(0.1015652174 0.290475621 0)
(0.1142608696 0.290475621 0)
(0.1269565217 0.290475621 0)
(0.1396521739 0.290475621 0)
(0.1523478261 0.290475621 0)
(0.1650434783 0.290475621 0)
(0.1777391304 0.290475621 0)
(0.1904347826 0.290475621 0)
(0.2031304348 0.290475621 0)
(0.215826087 0.290475621 0)
(0.2285217391 0.290475621 0)
(0.2412173913 0.290475621 0)
(0.2539130435 0.290475621 0)
(0.2666086957 0.290475621 0)
(0.2793043478 0.290475621 0)
(0.292 0.290475621 0)
(0 0.3032375505 0)
(0.01269565217 0.3032375505 0)
(0.02539130435 0.3032375505 0)
(0.03808695652 0.3032375505 0)
(0.0507826087 0.3032375505 0)
(0.06347826087 0.3032375505 0)
(0.07617391304 0.3032375505 0)
(0.08886956522 0.3032375505 0)
(0.1015652174 0.3032375505 0)
(0.1142608696 0.3032375505 0)
(0.1269565217 0.3032375505 0)
(0.1396521739 0.3032375505 0)
(0.1523478261 0.3032375505 0)
(0.1650434783 0.3032375505 0)
(0.1777391304 0.3032375505 0)
(0.1904347826 0.3032375505 0)
(0.2031304348 0.3032375505 0)
(0.215826087 0.3032375505 0)
(0.2285217391 0.3032375505 0)
(0.2412173913 0.3032375505 0)
(0.2539130435 0.3032375505 0)
(0.2666086957 0.3032375505 0)
(0.2793043478 0.3032375505 0)
(0.292 0.3032375505 0)
(0 0.31599948 0)
(0.01269565217 0.31599948 0)
(0.02539130435 0.31599948 0)
(0.03808695652 0.31599948 0)
(0.0507826087 0.31599948 0)
(0.06347826087 0.31599948 0)
(0.07617391304 0.31599948 0)
(0.08886956522 0.31599948 0)
(0.1015652174 0.31599948 0)
(0.1142608696 0.31599948 0)
(0.1269565217 0.31599948 0)
(0.1396521739 0.31599948 0)
(0.1523478261 0.31599948 0)
(0.1650434783 0.31599948 0)
(0.1777391304 0.31599948 0)
(0.1904347826 0.31599948 0)
(0.2031304348 0.31599948 0)
(0.215826087 0.31599948 0)
(0.2285217391 0.31599948 0)
(0.2412173913 0.31599948 0)
(0.2539130435 0.31599948 0)
(0.2666086957 0.31599948 0)
(0.2793043478 0.31599948 0)
(0.292 0.31599948 0)
(0 0.3287614095 0)
(0.01269565217 0.3287614095 0)
(0.02539130435 0.3287614095 0)
(0.03808695652 0.3287614095 0)
(0.0507826087 0.3287614095 0)
(0.06347826087 0.3287614095 0)
(0.07617391304 0.3287614095 0)
(0.08886956522 0.3287614095 0)
(0.1015652174 0.3287614095 0)
(0.1142608696 0.3287614095 0)
(0.1269565217 0.3287614095 0)
(0.1396521739 0.3287614095 0)
(0.1523478261 0.3287614095 0)
(0.1650434783 0.3287614095 0)
(0.1777391304 0.3287614095 0)
(0.1904347826 0.3287614095 0)
(0.2031304348 0.3287614095 0)
(0.215826087 0.3287614095 0)
(0.2285217391 0.3287614095 0)
(0.2412173913 0.3287614095 0)
(0.2539130435 0.3287614095 0)
(0.2666086957 0.3287614095 0)
(0.2793043478 0.3287614095 0)
(0.292 0.3287614095 0)
(0 0.341523339 0)
(0.01269565217 0.341523339 0)
(0.02539130435 0.341523339 0)
(0.03808695652 0.341523339 0)
(0.0507826087 0.341523339 0)
(0.06347826087 0.341523339 0)
(0.07617391304 0.341523339 0)
(0.08886956522 0.341523339 0)
(0.1015652174 0.341523339 0)
(0.1142608696 0.341523339 0)
(0.1269565217 0.341523339 0)
(0.1396521739 0.341523339 0)
(0.1523478261 0.341523339 0)
(0.1650434783 0.341523339 0)
(0.1777391304 0.341523339 0)
(0.1904347826 0.341523339 0)
(0.2031304348 0.341523339 0)
(0.215826087 0.341523339 0)
(0.2285217391 0.341523339 0)
(0.2412173913 0.341523339 0)
(0.2539130435 0.341523339 0)
(0.2666086957 0.341523339 0)
(0.2793043478 0.341523339 0)
(0.292 0.341523339 0)
(0 0.3542852686 0)
(0.01269565217 0.3542852686 0)
(0.02539130435 0.3542852686 0)
(0.03808695652 0.3542852686 0)
(0.0507826087 0.3542852686 0)
(0.06347826087 0.3542852686 0)
(0.07617391304 0.3542852686 0)
(0.08886956522 0.3542852686 0)
(0.1015652174 0.3542852686 0)
(0.1142608696 0.3542852686 0)
(0.1269565217 0.3542852686 0)
(0.1396521739 0.3542852686 0)
(0.1523478261 0.3542852686 0)
(0.1650434783 0.3542852686 0)
(0.1777391304 0.3542852686 0)
(0.1904347826 0.3542852686 0)
(0.2031304348 0.3542852686 0)
(0.215826087 0.3542852686 0)
(0.2285217391 0.3542852686 0)
(0.2412173913 0.3542852686 0)
(0.2539130435 0.3542852686 0)
(0.2666086957 0.3542852686 0)
(0.2793043478 0.3542852686 0)
(0.292 0.3542852686 0)
(0 0.3670471981 0)
(0.01269565217 0.3670471981 0)
(0.02539130435 0.3670471981 0)
(0.03808695652 0.3670471981 0)
(0.0507826087 0.3670471981 0)
(0.06347826087 0.3670471981 0)
(0.07617391304 0.3670471981 0)
(0.08886956522 0.3670471981 0)
(0.1015652174 0.3670471981 0)
(0.1142608696 0.3670471981 0)
(0.1269565217 0.3670471981 0)
(0.1396521739 0.3670471981 0)
(0.1523478261 0.3670471981 0)
(0.1650434783 0.3670471981 0)
(0.1777391304 0.3670471981 0)
(0.1904347826 0.3670471981 0)
(0.2031304348 0.3670471981 0)
(0.215826087 0.3670471981 0)
(0.2285217391 0.3670471981 0)
(0.2412173913 0.3670471981 0)
(0.2539130435 0.3670471981 0)
(0.2666086957 0.3670471981 0)
(0.2793043478 0.3670471981 0)
(0.292 0.3670471981 0)
(0 0.3798091276 0)
(0.01269565217 0.3798091276 0)
(0.02539130435 0.3798091276 0)
(0.03808695652 0.3798091276 0)
(0.0507826087 0.3798091276 0)
(0.06347826087 0.3798091276 0)
(0.07617391304 0.3798091276 0)
(0.08886956522 0.3798091276 0)
(0.1015652174 0.3798091276 0)
(0.1142608696 0.3798091276 0)
(0.1269565217 0.3798091276 0)
(0.1396521739 0.3798091276 0)
(0.1523478261 0.3798091276 0)
(0.1650434783 0.3798091276 0)
(0.1777391304 0.3798091276 0)
(0.1904347826 0.3798091276 0)
(0.2031304348 0.3798091276 0)
(0.215826087 0.3798091276 0)
(0.2285217391 0.3798091276 0)
(0.2412173913 0.3798091276 0)
(0.2539130435 0.3798091276 0)
(0.2666086957 0.3798091276 0)
(0.2793043478 0.3798091276 0)
(0.292 0.3798091276 0)
(0 0.3925710571 0)
(0.01269565217 0.3925710571 0)
(0.02539130435 0.3925710571 0)
(0.03808695652 0.3925710571 0)
(0.0507826087 0.3925710571 0)
(0.06347826087 0.3925710571 0)
(0.07617391304 0.3925710571 0)
(0.08886956522 0.3925710571 0)
(0.1015652174 0.3925710571 0)
(0.1142608696 0.3925710571 0)
(0.1269565217 0.3925710571 0)
(0.1396521739 0.3925710571 0)
(0.1523478261 0.3925710571 0)
(0.1650434783 0.3925710571 0)
(0.1777391304 0.3925710571 0)
(0.1904347826 0.3925710571 0)
(0.2031304348 0.3925710571 0)
(0.215826087 0.3925710571 0)
(0.2285217391 0.3925710571 0)
(0.2412173913 0.3925710571 0)
(0.2539130435 0.3925710571 0)
(0.2666086957 0.3925710571 0)
(0.2793043478 0.3925710571 0)
(0.292 0.3925710571 0)
(0 0.4053329867 0)
(0.01269565217 0.4053329867 0)
(0.02539130435 0.4053329867 0)
(0.03808695652 0.4053329867 0)
(0.0507826087 0.4053329867 0)
(0.06347826087 0.4053329867 0)
(0.07617391304 0.4053329867 0)
(0.08886956522 0.4053329867 0)
(0.1015652174 0.4053329867 0)
(0.1142608696 0.4053329867 0)
(0.1269565217 0.4053329867 0)
(0.1396521739 0.4053329867 0)
(0.1523478261 0.4053329867 0)
(0.1650434783 0.4053329867 0)
(0.1777391304 0.4053329867 0)
(0.1904347826 0.4053329867 0)
(0.2031304348 0.4053329867 0)
(0.215826087 0.4053329867 0)
(0.2285217391 0.4053329867 0)
(0.2412173913 0.4053329867 0)
(0.2539130435 0.4053329867 0)
(0.2666086957 0.4053329867 0)
(0.2793043478 0.4053329867 0)
(0.292 0.4053329867 0)
(0 0.4180949162 0)
(0.01269565217 0.4180949162 0)
(0.02539130435 0.4180949162 0)
(0.03808695652 0.4180949162 0)
(0.0507826087 0.4180949162 0)
(0.06347826087 0.4180949162 0)
(0.07617391304 0.4180949162 0)
(0.08886956522 0.4180949162 0)
(0.1015652174 0.4180949162 0)
(0.1142608696 0.4180949162 0)
(0.1269565217 0.4180949162 0)
(0.1396521739 0.4180949162 0)
(0.1523478261 0.4180949162 0)
(0.1650434783 0.4180949162 0)
(0.1777391304 0.4180949162 0)
(0.1904347826 0.4180949162 0)
(0.2031304348 0.4180949162 0)
(0.215826087 0.4180949162 0)
(0.2285217391 0.4180949162 0)
(0.2412173913 0.4180949162 0)
(0.2539130435 0.4180949162 0)
(0.2666086957 0.4180949162 0)
(0.2793043478 0.4180949162 0)
(0.292 0.4180949162 0)
(0 0.4308568457 0)
(0.01269565217 0.4308568457 0)
(0.02539130435 0.4308568457 0)
(0.03808695652 0.4308568457 0)
(0.0507826087 0.4308568457 0)
(0.06347826087 0.4308568457 0)
(0.07617391304 0.4308568457 0)
(0.08886956522 0.4308568457 0)
(0.1015652174 0.4308568457 0)
(0.1142608696 0.4308568457 0)
(0.1269565217 0.4308568457 0)
(0.1396521739 0.4308568457 0)
(0.1523478261 0.4308568457 0)
(0.1650434783 0.4308568457 0)
(0.1777391304 0.4308568457 0)
(0.1904347826 0.4308568457 0)
(0.2031304348 0.4308568457 0)
(0.215826087 0.4308568457 0)
(0.2285217391 0.4308568457 0)
(0.2412173913 0.4308568457 0)
(0.2539130435 0.4308568457 0)
(0.2666086957 0.4308568457 0)
(0.2793043478 0.4308568457 0)
(0.292 0.4308568457 0)
(0 0.4436187752 0)
(0.01269565217 0.4436187752 0)
(0.02539130435 0.4436187752 0)
(0.03808695652 0.4436187752 0)
(0.0507826087 0.4436187752 0)
(0.06347826087 0.4436187752 0)
(0.07617391304 0.4436187752 0)
(0.08886956522 0.4436187752 0)
(0.1015652174 0.4436187752 0)
(0.1142608696 0.4436187752 0)
(0.1269565217 0.4436187752 0)
(0.1396521739 0.4436187752 0)
(0.1523478261 0.4436187752 0)
(0.1650434783 0.4436187752 0)
(0.1777391304 0.4436187752 0)
(0.1904347826 0.4436187752 0)
(0.2031304348 0.4436187752 0)
(0.215826087 0.4436187752 0)
(0.2285217391 0.4436187752 0)
(0.2412173913 0.4436187752 0)
(0.2539130435 0.4436187752 0)
(0.2666086957 0.4436187752 0)
(0.2793043478 0.4436187752 0)
(0.292 0.4436187752 0)
(0 0.4563807048 0)
(0.01269565217 0.4563807048 0)
(0.02539130435 0.4563807048 0)
(0.03808695652 0.4563807048 0)
(0.0507826087 0.4563807048 0)
(0.06347826087 0.4563807048 0)
(0.07617391304 0.4563807048 0)
(0.08886956522 0.4563807048 0)
(0.1015652174 0.4563807048 0)
(0.1142608696 0.4563807048 0)
(0.1269565217 0.4563807048 0)
(0.1396521739 0.4563807048 0)
(0.1523478261 0.4563807048 0)
(0.1650434783 0.4563807048 0)
(0.1777391304 0.4563807048 0)
(0.1904347826 0.4563807048 0)
(0.2031304348 0.4563807048 0)
(0.215826087 0.4563807048 0)
(0.2285217391 0.4563807048 0)
(0.2412173913 0.4563807048 0)
(0.2539130435 0.4563807048 0)
(0.2666086957 0.4563807048 0)
(0.2793043478 0.4563807048 0)
(0.292 0.4563807048 0)
(0 0.4691426343 0)
(0.01269565217 0.4691426343 0)
(0.02539130435 0.4691426343 0)
(0.03808695652 0.4691426343 0)
(0.0507826087 0.4691426343 0)
(0.06347826087 0.4691426343 0)
(0.07617391304 0.4691426343 0)
(0.08886956522 0.4691426343 0)
(0.1015652174 0.4691426343 0)
(0.1142608696 0.4691426343 0)
(0.1269565217 0.4691426343 0)
(0.1396521739 0.4691426343 0)
(0.1523478261 0.4691426343 0)
(0.1650434783 0.4691426343 0)
(0.1777391304 0.4691426343 0)
(0.1904347826 0.4691426343 0)
(0.2031304348 0.4691426343 0)
(0.215826087 0.4691426343 0)
(0.2285217391 0.4691426343 0)
(0.2412173913 0.4691426343 0)
(0.2539130435 0.4691426343 0)
(0.2666086957 0.4691426343 0)
(0.2793043478 0.4691426343 0)
(0.292 0.4691426343 0)
(0 0.4819045638 0)
(0.01269565217 0.4819045638 0)
(0.02539130435 0.4819045638 0)
(0.03808695652 0.4819045638 0)
(0.0507826087 0.4819045638 0)
(0.06347826087 0.4819045638 0)
(0.07617391304 0.4819045638 0)
(0.08886956522 0.4819045638 0)
(0.1015652174 0.4819045638 0)
(0.1142608696 0.4819045638 0)
(0.1269565217 0.4819045638 0)
(0.1396521739 0.4819045638 0)
(0.1523478261 0.4819045638 0)
(0.1650434783 0.4819045638 0)
(0.1777391304 0.4819045638 0)
(0.1904347826 0.4819045638 0)
(0.2031304348 0.4819045638 0)
(0.215826087 0.4819045638 0)
(0.2285217391 0.4819045638 0)
(0.2412173913 0.4819045638 0)
(0.2539130435 0.4819045638 0)
(0.2666086957 0.4819045638 0)
(0.2793043478 0.4819045638 0)
(0.292 0.4819045638 0)
(0 0.4946664933 0)
(0.01269565217 0.4946664933 0)
(0.02539130435 0.4946664933 0)
(0.03808695652 0.4946664933 0)
(0.0507826087 0.4946664933 0)
(0.06347826087 0.4946664933 0)
(0.07617391304 0.4946664933 0)
(0.08886956522 0.4946664933 0)
(0.1015652174 0.4946664933 0)
(0.1142608696 0.4946664933 0)
(0.1269565217 0.4946664933 0)
(0.1396521739 0.4946664933 0)
(0.1523478261 0.4946664933 0)
(0.1650434783 0.4946664933 0)
(0.1777391304 0.4946664933 0)
(0.1904347826 0.4946664933 0)
(0.2031304348 0.4946664933 0)
(0.215826087 0.4946664933 0)
(0.2285217391 0.4946664933 0)
(0.2412173913 0.4946664933 0)
(0.2539130435 0.4946664933 0)
(0.2666086957 0.4946664933 0)
(0.2793043478 0.4946664933 0)
(0.292 0.4946664933 0)
(0 0.5074284229 0)
(0.01269565217 0.5074284229 0)
(0.02539130435 0.5074284229 0)
(0.03808695652 0.5074284229 0)
(0.0507826087 0.5074284229 0)
(0.06347826087 0.5074284229 0)
(0.07617391304 0.5074284229 0)
(0.08886956522 0.5074284229 0)
(0.1015652174 0.5074284229 0)
(0.1142608696 0.5074284229 0)
(0.1269565217 0.5074284229 0)
(0.1396521739 0.5074284229 0)
(0.1523478261 0.5074284229 0)
(0.1650434783 0.5074284229 0)
(0.1777391304 0.5074284229 0)
(0.1904347826 0.5074284229 0)
(0.2031304348 0.5074284229 0)
(0.215826087 0.5074284229 0)
(0.2285217391 0.5074284229 0)
(0.2412173913 0.5074284229 0)
(0.2539130435 0.5074284229 0)
(0.2666086957 0.5074284229 0)
(0.2793043478 0.5074284229 0)
(0.292 0.5074284229 0)
(0 0.5201903524 0)
(0.01269565217 0.5201903524 0)
(0.02539130435 0.5201903524 0)
(0.03808695652 0.5201903524 0)
(0.0507826087 0.5201903524 0)
(0.06347826087 0.5201903524 0)
(0.07617391304 0.5201903524 0)
(0.08886956522 0.5201903524 0)
(0.1015652174 0.5201903524 0)
(0.1142608696 0.5201903524 0)
(0.1269565217 0.5201903524 0)
(0.1396521739 0.5201903524 0)
(0.1523478261 0.5201903524 0)
(0.1650434783 0.5201903524 0)
(0.1777391304 0.5201903524 0)
(0.1904347826 0.5201903524 0)
(0.2031304348 0.5201903524 0)
(0.215826087 0.5201903524 0)
(0.2285217391 0.5201903524 0)
(0.2412173913 0.5201903524 0)
(0.2539130435 0.5201903524 0)
(0.2666086957 0.5201903524 0)
(0.2793043478 0.5201903524 0)
(0.292 0.5201903524 0)
(0 0.5329522819 0)
(0.01269565217 0.5329522819 0)
(0.02539130435 0.5329522819 0)
(0.03808695652 0.5329522819 0)
(0.0507826087 0.5329522819 0)
(0.06347826087 0.5329522819 0)
(0.07617391304 0.5329522819 0)
(0.08886956522 0.5329522819 0)
(0.1015652174 0.5329522819 0)
(0.1142608696 0.5329522819 0)
(0.1269565217 0.5329522819 0)
(0.1396521739 0.5329522819 0)
(0.1523478261 0.5329522819 0)
(0.1650434783 0.5329522819 0)
(0.1777391304 0.5329522819 0)
(0.1904347826 0.5329522819 0)
(0.2031304348 0.5329522819 0)
(0.215826087 0.5329522819 0)
(0.2285217391 0.5329522819 0)
(0.2412173913 0.5329522819 0)
(0.2539130435 0.5329522819 0)
(0.2666086957 0.5329522819 0)
(0.2793043478 0.5329522819 0)
(0.292 0.5329522819 0)
(0 0.5457142114 0)
(0.01269565217 0.5457142114 0)
(0.02539130435 0.5457142114 0)
(0.03808695652 0.5457142114 0)
(0.0507826087 0.5457142114 0)
(0.06347826087 0.5457142114 0)
(0.07617391304 0.5457142114 0)
(0.08886956522 0.5457142114 0)
(0.1015652174 0.5457142114 0)
(0.1142608696 0.5457142114 0)
(0.1269565217 0.5457142114 0)
(0.1396521739 0.5457142114 0)
(0.1523478261 0.5457142114 0)
(0.1650434783 0.5457142114 0)
(0.1777391304 0.5457142114 0)
(0.1904347826 0.5457142114 0)
(0.2031304348 0.5457142114 0)
(0.215826087 0.5457142114 0)
(0.2285217391 0.5457142114 0)
(0.2412173913 0.5457142114 0)
(0.2539130435 0.5457142114 0)
(0.2666086957 0.5457142114 0)
(0.2793043478 0.5457142114 0)
(0.292 0.5457142114 0)
(0 0.558476141 0)
(0.01269565217 0.558476141 0)
(0.02539130435 0.558476141 0)
(0.03808695652 0.558476141 0)
(0.0507826087 0.558476141 0)
(0.06347826087 0.558476141 0)
(0.07617391304 0.558476141 0)
(0.08886956522 0.558476141 0)
(0.1015652174 0.558476141 0)
(0.1142608696 0.558476141 0)
(0.1269565217 0.558476141 0)
(0.1396521739 0.558476141 0)
(0.1523478261 0.558476141 0)
(0.1650434783 0.558476141 0)
(0.1777391304 0.558476141 0)
(0.1904347826 0.558476141 0)
(0.2031304348 0.558476141 0)
(0.215826087 0.558476141 0)
(0.2285217391 0.558476141 0)
(0.2412173913 0.558476141 0)
(0.2539130435 0.558476141 0)
(0.2666086957 0.558476141 0)
(0.2793043478 0.558476141 0)
(0.292 0.558476141 0)
(0 0.5712380705 0)
(0.01269565217 0.5712380705 0)
(0.02539130435 0.5712380705 0)
(0.03808695652 0.5712380705 0)
(0.0507826087 0.5712380705 0)
(0.06347826087 0.5712380705 0)
(0.07617391304 0.5712380705 0)
(0.08886956522 0.5712380705 0)
(0.1015652174 0.5712380705 0)
(0.1142608696 0.5712380705 0)
(0.1269565217 0.5712380705 0)
(0.1396521739 0.5712380705 0)
(0.1523478261 0.5712380705 0)
(0.1650434783 0.5712380705 0)
(0.1777391304 0.5712380705 0)
(0.1904347826 0.5712380705 0)
(0.2031304348 0.5712380705 0)
(0.215826087 0.5712380705 0)
(0.2285217391 0.5712380705 0)
(0.2412173913 0.5712380705 0)
(0.2539130435 0.5712380705 0)
(0.2666086957 0.5712380705 0)
(0.2793043478 0.5712380705 0)
(0.292 0.5712380705 0)
(0 0.584 0)
(0.01269565217 0.584 0)
(0.02539130435 0.584 0)
(0.03808695652 0.584 0)
(0.0507826087 0.584 0)
(0.06347826087 0.584 0)
(0.07617391304 0.584 0)
(0.08886956522 0.584 0)
(0.1015652174 0.584 0)
(0.1142608696 0.584 0)
(0.1269565217 0.584 0)
(0.1396521739 0.584 0)
(0.1523478261 0.584 0)
(0.1650434783 0.584 0)
(0.1777391304 0.584 0)
(0.1904347826 0.584 0)
(0.2031304348 0.584 0)
(0.215826087 0.584 0)
(0.2285217391 0.584 0)
(0.2412173913 0.584 0)
(0.2539130435 0.584 0)
(0.2666086957 0.584 0)
(0.2793043478 0.584 0)
(0.292 0.584 0)
(0.2031304348 0.2649517619 0.0146)
(0.215826087 0.2649517619 0.0146)
(0.2285217391 0.2649517619 0.0146)
(0.2412173913 0.2649517619 0.0146)
(0.2539130435 0.2649517619 0.0146)
(0.2666086957 0.2649517619 0.0146)
(0.2793043478 0.2649517619 0.0146)
(0.292 0.2649517619 0.0146)
(0 0.2777136914 0.0146)
(0.01269565217 0.2777136914 0.0146)
(0.02539130435 0.2777136914 0.0146)
(0.03808695652 0.2777136914 0.0146)
(0.0507826087 0.2777136914 0.0146)
(0.06347826087 0.2777136914 0.0146)
(0.07617391304 0.2777136914 0.0146)
(0.08886956522 0.2777136914 0.0146)
(0.1015652174 0.2777136914 0.0146)
(0.1142608696 0.2777136914 0.0146)
(0.1269565217 0.2777136914 0.0146)
(0.1396521739 0.2777136914 0.0146)
(0.1523478261 0.2777136914 0.0146)
(0.1650434783 0.2777136914 0.0146)
(0.1777391304 0.2777136914 0.0146)
(0.1904347826 0.2777136914 0.0146)
(0.2031304348 0.2777136914 0.0146)
(0.215826087 0.2777136914 0.0146)
(0.2285217391 0.2777136914 0.0146)
(0.2412173913 0.2777136914 0.0146)
(0.2539130435 0.2777136914 0.0146)
(0.2666086957 0.2777136914 0.0146)
(0.2793043478 0.2777136914 0.0146)
(0.292 0.2777136914 0.0146)
(0 0.290475621 0.0146)
(0.01269565217 0.290475621 0.0146)
(0.02539130435 0.290475621 0.0146)
(0.03808695652 0.290475621 0.0146)
(0.0507826087 0.290475621 0.0146)
(0.06347826087 0.290475621 0.0146)
(0.07617391304 0.290475621 0.0146)
(0.08886956522 0.290475621 0.0146)
(0.1015652174 0.290475621 0.0146)
(0.1142608696 0.290475621 0.0146)
(0.1269565217 0.290475621 0.0146)
(0.1396521739 0.290475621 0.0146)
(0.1523478261 0.290475621 0.0146)
(0.1650434783 0.290475621 0.0146)
(0.1777391304 0.290475621 0.0146)
(0.1904347826 0.290475621 0.0146)
(0.2031304348 0.290475621 0.0146)
(0.215826087 0.290475621 0.0146)
(0.2285217391 0.290475621 0.0146)
(0.2412173913 0.290475621 0.0146)
(0.2539130435 0.290475621 0.0146)
(0.2666086957 0.290475621 0.0146)
(0.2793043478 0.290475621 0.0146)
(0.292 0.290475621 0.0146)
(0 0.3032375505 0.0146)
(0.01269565217 0.3032375505 0.0146)
(0.02539130435 0.3032375505 0.0146)
(0.03808695652 0.3032375505 0.0146)
(0.0507826087 0.3032375505 0.0146)
(0.06347826087 0.3032375505 0.0146)
(0.07617391304 0.3032375505 0.0146)
(0.08886956522 0.3032375505 0.0146)
(0.1015652174 0.3032375505 0.0146)
(0.1142608696 0.3032375505 0.0146)
(0.1269565217 0.3032375505 0.0146)
(0.1396521739 0.3032375505 0.0146)
(0.1523478261 0.3032375505 0.0146)
(0.1650434783 0.3032375505 0.0146)
(0.1777391304 0.3032375505 0.0146)
(0.1904347826 0.3032375505 0.0146)
(0.2031304348 0.3032375505 0.0146)
(0.215826087 0.3032375505 0.0146)
(0.2285217391 0.3032375505 0.0146)
(0.2412173913 0.3032375505 0.0146)
(0.2539130435 0.3032375505 0.0146)
(0.2666086957 0.3032375505 0.0146)
(0.2793043478 0.3032375505 0.0146)
(0.292 0.3032375505 0.0146)
(0 0.31599948 0.0146)
(0.01269565217 0.31599948 0.0146)
(0.02539130435 0.31599948 0.0146)
(0.03808695652 0.31599948 0.0146)
(0.0507826087 0.31599948 0.0146)
(0.06347826087 0.31599948 0.0146)
(0.07617391304 0.31599948 0.0146)
(0.08886956522 0.31599948 0.0146)
(0.1015652174 0.31599948 0.0146)
(0.1142608696 0.31599948 0.0146)
(0.1269565217 0.31599948 0.0146)
(0.1396521739 0.31599948 0.0146)
(0.1523478261 0.31599948 0.0146)
(0.1650434783 0.31599948 0.0146)
(0.1777391304 0.31599948 0.0146)
(0.1904347826 0.31599948 0.0146)
(0.2031304348 0.31599948 0.0146)
(0.215826087 0.31599948 0.0146)
(0.2285217391 0.31599948 0.0146)
(0.2412173913 0.31599948 0.0146)
(0.2539130435 0.31599948 0.0146)
(0.2666086957 0.31599948 0.0146)
(0.2793043478 0.31599948 0.0146)
(0.292 0.31599948 0.0146)
(0 0.3287614095 0.0146)
(0.01269565217 0.3287614095 0.0146)
(0.02539130435 0.3287614095 0.0146)
(0.03808695652 0.3287614095 0.0146)
(0.0507826087 0.3287614095 0.0146)
(0.06347826087 0.3287614095 0.0146)
(0.07617391304 0.3287614095 0.0146)
(0.08886956522 0.3287614095 0.0146)
(0.1015652174 0.3287614095 0.0146)
(0.1142608696 0.3287614095 0.0146)
(0.1269565217 0.3287614095 0.0146)
(0.1396521739 0.3287614095 0.0146)
(0.1523478261 0.3287614095 0.0146)
(0.1650434783 0.3287614095 0.0146)
(0.1777391304 0.3287614095 0.0146)
(0.1904347826 0.3287614095 0.0146)
(0.2031304348 0.3287614095 0.0146)
(0.215826087 0.3287614095 0.0146)
(0.2285217391 0.3287614095 0.0146)
(0.2412173913 0.3287614095 0.0146)
(0.2539130435 0.3287614095 0.0146)
(0.2666086957 0.3287614095 0.0146)
(0.2793043478 0.3287614095 0.0146)
(0.292 0.3287614095 0.0146)
(0 0.341523339 0.0146)
(0.01269565217 0.341523339 0.0146)
(0.02539130435 0.341523339 0.0146)
(0.03808695652 0.341523339 0.0146)
(0.0507826087 0.341523339 0.0146)
(0.06347826087 0.341523339 0.0146)
(0.07617391304 0.341523339 0.0146)
(0.08886956522 0.341523339 0.0146)
(0.1015652174 0.341523339 0.0146)
(0.1142608696 0.341523339 0.0146)
(0.1269565217 0.341523339 0.0146)
(0.1396521739 0.341523339 0.0146)
(0.1523478261 0.341523339 0.0146)
(0.1650434783 0.341523339 0.0146)
(0.1777391304 0.341523339 0.0146)
(0.1904347826 0.341523339 0.0146)
(0.2031304348 0.341523339 0.0146)
(0.215826087 0.341523339 0.0146)
(0.2285217391 0.341523339 0.0146)
(0.2412173913 0.341523339 0.0146)
(0.2539130435 0.341523339 0.0146)
(0.2666086957 0.341523339 0.0146)
(0.2793043478 0.341523339 0.0146)
(0.292 0.341523339 0.0146)
(0 0.3542852686 0.0146)
(0.01269565217 0.3542852686 0.0146)
(0.02539130435 0.3542852686 0.0146)
(0.03808695652 0.3542852686 0.0146)
(0.0507826087 0.3542852686 0.0146)
(0.06347826087 0.3542852686 0.0146)
(0.07617391304 0.3542852686 0.0146)
(0.08886956522 0.3542852686 0.0146)
(0.1015652174 0.3542852686 0.0146)
(0.1142608696 0.3542852686 0.0146)
(0.1269565217 0.3542852686 0.0146)
(0.1396521739 0.3542852686 0.0146)
(0.1523478261 0.3542852686 0.0146)
(0.1650434783 0.3542852686 0.0146)
(0.1777391304 0.3542852686 0.0146)
(0.1904347826 0.3542852686 0.0146)
(0.2031304348 0.3542852686 0.0146)
(0.215826087 0.3542852686 0.0146)
(0.2285217391 0.3542852686 0.0146)
(0.2412173913 0.3542852686 0.0146)
(0.2539130435 0.3542852686 0.0146)
(0.2666086957 0.3542852686 0.0146)
(0.2793043478 0.3542852686 0.0146)
(0.292 0.3542852686 0.0146)
(0 0.3670471981 0.0146)
(0.01269565217 0.3670471981 0.0146)
(0.02539130435 0.3670471981 0.0146)
(0.03808695652 0.3670471981 0.0146)
(0.0507826087 0.3670471981 0.0146)
(0.06347826087 0.3670471981 0.0146)
(0.07617391304 0.3670471981 0.0146)
(0.08886956522 0.3670471981 0.0146)
(0.1015652174 0.3670471981 0.0146)
(0.1142608696 0.3670471981 0.0146)
(0.1269565217 0.3670471981 0.0146)
(0.1396521739 0.3670471981 0.0146)
(0.1523478261 0.3670471981 0.0146)
(0.1650434783 0.3670471981 0.0146)
(0.1777391304 0.3670471981 0.0146)
(0.1904347826 0.3670471981 0.0146)
(0.2031304348 0.3670471981 0.0146)
(0.215826087 0.3670471981 0.0146)
(0.2285217391 0.3670471981 0.0146)
(0.2412173913 0.3670471981 0.0146)
(0.2539130435 0.3670471981 0.0146)
(0.2666086957 0.3670471981 0.0146)
(0.2793043478 0.3670471981 0.0146)
(0.292 0.3670471981 0.0146)
(0 0.3798091276 0.0146)
(0.01269565217 0.3798091276 0.0146)
(0.02539130435 0.3798091276 0.0146)
(0.03808695652 0.3798091276 0.0146)
(0.0507826087 0.3798091276 0.0146)
(0.06347826087 0.3798091276 0.0146)
(0.07617391304 0.3798091276 0.0146)
(0.08886956522 0.3798091276 0.0146)
(0.1015652174 0.3798091276 0.0146)
(0.1142608696 0.3798091276 0.0146)
(0.1269565217 0.3798091276 0.0146)
(0.1396521739 0.3798091276 0.0146)
(0.1523478261 0.3798091276 0.0146)
(0.1650434783 0.3798091276 0.0146)
(0.1777391304 0.3798091276 0.0146)
(0.1904347826 0.3798091276 0.0146)
(0.2031304348 0.3798091276 0.0146)
(0.215826087 0.3798091276 0.0146)
(0.2285217391 0.3798091276 0.0146)
(0.2412173913 0.3798091276 0.0146)
(0.2539130435 0.3798091276 0.0146)
(0.2666086957 0.3798091276 0.0146)
(0.2793043478 0.3798091276 0.0146)
(0.292 0.3798091276 0.0146)
(0 0.3925710571 0.0146)
(0.01269565217 0.3925710571 0.0146)
(0.02539130435 0.3925710571 0.0146)
(0.03808695652 0.3925710571 0.0146)
(0.0507826087 0.3925710571 0.0146)
(0.06347826087 0.3925710571 0.0146)
(0.07617391304 0.3925710571 0.0146)
(0.08886956522 0.3925710571 0.0146)
(0.1015652174 0.3925710571 0.0146)
(0.1142608696 0.3925710571 0.0146)
(0.1269565217 0.3925710571 0.0146)
(0.1396521739 0.3925710571 0.0146)
(0.1523478261 0.3925710571 0.0146)
(0.1650434783 0.3925710571 0.0146)
(0.1777391304 0.3925710571 0.0146)
(0.1904347826 0.3925710571 0.0146)
(0.2031304348 0.3925710571 0.0146)
(0.215826087 0.3925710571 0.0146)
(0.2285217391 0.3925710571 0.0146)
(0.2412173913 0.3925710571 0.0146)
(0.2539130435 0.3925710571 0.0146)
(0.2666086957 0.3925710571 0.0146)
(0.2793043478 0.3925710571 0.0146)
(0.292 0.3925710571 0.0146)
(0 0.4053329867 0.0146)
(0.01269565217 0.4053329867 0.0146)
(0.02539130435 0.4053329867 0.0146)
(0.03808695652 0.4053329867 0.0146)
(0.0507826087 0.4053329867 0.0146)
(0.06347826087 0.4053329867 0.0146)
(0.07617391304 0.4053329867 0.0146)
(0.08886956522 0.4053329867 0.0146)
(0.1015652174 0.4053329867 0.0146)
(0.1142608696 0.4053329867 0.0146)
(0.1269565217 0.4053329867 0.0146)
(0.1396521739 0.4053329867 0.0146)
(0.1523478261 0.4053329867 0.0146)
(0.1650434783 0.4053329867 0.0146)
(0.1777391304 0.4053329867 0.0146)
(0.1904347826 0.4053329867 0.0146)
(0.2031304348 0.4053329867 0.0146)
(0.215826087 0.4053329867 0.0146)
(0.2285217391 0.4053329867 0.0146)
(0.2412173913 0.4053329867 0.0146)
(0.2539130435 0.4053329867 0.0146)
(0.2666086957 0.4053329867 0.0146)
(0.2793043478 0.4053329867 0.0146)
(0.292 0.4053329867 0.0146)
(0 0.4180949162 0.0146)
(0.01269565217 0.4180949162 0.0146)
(0.02539130435 0.4180949162 0.0146)
(0.03808695652 0.4180949162 0.0146)
(0.0507826087 0.4180949162 0.0146)
(0.06347826087 0.4180949162 0.0146)
(0.07617391304 0.4180949162 0.0146)
(0.08886956522 0.4180949162 0.0146)
(0.1015652174 0.4180949162 0.0146)
(0.1142608696 0.4180949162 0.0146)
(0.1269565217 0.4180949162 0.0146)
(0.1396521739 0.4180949162 0.0146)
(0.1523478261 0.4180949162 0.0146)
(0.1650434783 0.4180949162 0.0146)
(0.1777391304 0.4180949162 0.0146)
(0.1904347826 0.4180949162 0.0146)
(0.2031304348 0.4180949162 0.0146)
(0.215826087 0.4180949162 0.0146)
(0.2285217391 0.4180949162 0.0146)
(0.2412173913 0.4180949162 0.0146)
(0.2539130435 0.4180949162 0.0146)
(0.2666086957 0.4180949162 0.0146)
(0.2793043478 0.4180949162 0.0146)
(0.292 0.4180949162 0.0146)
(0 0.4308568457 0.0146)
(0.01269565217 0.4308568457 0.0146)
(0.02539130435 0.4308568457 0.0146)
(0.03808695652 0.4308568457 0.0146)
(0.0507826087 0.4308568457 0.0146)
(0.06347826087 0.4308568457 0.0146)
(0.07617391304 0.4308568457 0.0146)
(0.08886956522 0.4308568457 0.0146)
(0.1015652174 0.4308568457 0.0146)
(0.1142608696 0.4308568457 0.0146)
(0.1269565217 0.4308568457 0.0146)
(0.1396521739 0.4308568457 0.0146)
(0.1523478261 0.4308568457 0.0146)
(0.1650434783 0.4308568457 0.0146)
(0.1777391304 0.4308568457 0.0146)
(0.1904347826 0.4308568457 0.0146)
(0.2031304348 0.4308568457 0.0146)
(0.215826087 0.4308568457 0.0146)
(0.2285217391 0.4308568457 0.0146)
(0.2412173913 0.4308568457 0.0146)
(0.2539130435 0.4308568457 0.0146)
(0.2666086957 0.4308568457 0.0146)
(0.2793043478 0.4308568457 0.0146)
(0.292 0.4308568457 0.0146)
(0 0.4436187752 0.0146)
(0.01269565217 0.4436187752 0.0146)
(0.02539130435 0.4436187752 0.0146)
(0.03808695652 0.4436187752 0.0146)
(0.0507826087 0.4436187752 0.0146)
(0.06347826087 0.4436187752 0.0146)
(0.07617391304 0.4436187752 0.0146)
(0.08886956522 0.4436187752 0.0146)
(0.1015652174 0.4436187752 0.0146)
(0.1142608696 0.4436187752 0.0146)
(0.1269565217 0.4436187752 0.0146)
(0.1396521739 0.4436187752 0.0146)
(0.1523478261 0.4436187752 0.0146)
(0.1650434783 0.4436187752 0.0146)
(0.1777391304 0.4436187752 0.0146)
(0.1904347826 0.4436187752 0.0146)
(0.2031304348 0.4436187752 0.0146)
(0.215826087 0.4436187752 0.0146)
(0.2285217391 0.4436187752 0.0146)
(0.2412173913 0.4436187752 0.0146)
(0.2539130435 0.4436187752 0.0146)
(0.2666086957 0.4436187752 0.0146)
(0.2793043478 0.4436187752 0.0146)
(0.292 0.4436187752 0.0146)
(0 0.4563807048 0.0146)
(0.01269565217 0.4563807048 0.0146)
(0.02539130435 0.4563807048 0.0146)
(0.03808695652 0.4563807048 0.0146)
(0.0507826087 0.4563807048 0.0146)
(0.06347826087 0.4563807048 0.0146)
(0.07617391304 0.4563807048 0.0146)
(0.08886956522 0.4563807048 0.0146)
(0.1015652174 0.4563807048 0.0146)
(0.1142608696 0.4563807048 0.0146)
(0.1269565217 0.4563807048 0.0146)
(0.1396521739 0.4563807048 0.0146)
(0.1523478261 0.4563807048 0.0146)
(0.1650434783 0.4563807048 0.0146)
(0.1777391304 0.4563807048 0.0146)
(0.1904347826 0.4563807048 0.0146)
(0.2031304348 0.4563807048 0.0146)
(0.215826087 0.4563807048 0.0146)
(0.2285217391 0.4563807048 0.0146)
(0.2412173913 0.4563807048 0.0146)
(0.2539130435 0.4563807048 0.0146)
(0.2666086957 0.4563807048 0.0146)
(0.2793043478 0.4563807048 0.0146)
(0.292 0.4563807048 0.0146)
(0 0.4691426343 0.0146)
(0.01269565217 0.4691426343 0.0146)
(0.02539130435 0.4691426343 0.0146)
(0.03808695652 0.4691426343 0.0146)
(0.0507826087 0.4691426343 0.0146)
(0.06347826087 0.4691426343 0.0146)
(0.07617391304 0.4691426343 0.0146)
(0.08886956522 0.4691426343 0.0146)
(0.1015652174 0.4691426343 0.0146)
(0.1142608696 0.4691426343 0.0146)
(0.1269565217 0.4691426343 0.0146)
(0.1396521739 0.4691426343 0.0146)
(0.1523478261 0.4691426343 0.0146)
(0.1650434783 0.4691426343 0.0146)
(0.1777391304 0.4691426343 0.0146)
(0.1904347826 0.4691426343 0.0146)
(0.2031304348 0.4691426343 0.0146)
(0.215826087 0.4691426343 0.0146)
(0.2285217391 0.4691426343 0.0146)
(0.2412173913 0.4691426343 0.0146)
(0.2539130435 0.4691426343 0.0146)
(0.2666086957 0.4691426343 0.0146)
(0.2793043478 0.4691426343 0.0146)
(0.292 0.4691426343 0.0146)
(0 0.4819045638 0.0146)
(0.01269565217 0.4819045638 0.0146)
(0.02539130435 0.4819045638 0.0146)
(0.03808695652 0.4819045638 0.0146)
(0.0507826087 0.4819045638 0.0146)
(0.06347826087 0.4819045638 0.0146)
(0.07617391304 0.4819045638 0.0146)
(0.08886956522 0.4819045638 0.0146)
(0.1015652174 0.4819045638 0.0146)
(0.1142608696 0.4819045638 0.0146)
(0.1269565217 0.4819045638 0.0146)
(0.1396521739 0.4819045638 0.0146)
(0.1523478261 0.4819045638 0.0146)
(0.1650434783 0.4819045638 0.0146)
(0.1777391304 0.4819045638 0.0146)
(0.1904347826 0.4819045638 0.0146)
(0.2031304348 0.4819045638 0.0146)
(0.215826087 0.4819045638 0.0146)
(0.2285217391 0.4819045638 0.0146)
(0.2412173913 0.4819045638 0.0146)
(0.2539130435 0.4819045638 0.0146)
(0.2666086957 0.4819045638 0.0146)
(0.2793043478 0.4819045638 0.0146)
(0.292 0.4819045638 0.0146)
(0 0.4946664933 0.0146)
(0.01269565217 0.4946664933 0.0146)
(0.02539130435 0.4946664933 0.0146)
(0.03808695652 0.4946664933 0.0146)
(0.0507826087 0.4946664933 0.0146)
(0.06347826087 0.4946664933 0.0146)
(0.07617391304 0.4946664933 0.0146)
(0.08886956522 0.4946664933 0.0146)
(0.1015652174 0.4946664933 0.0146)
(0.1142608696 0.4946664933 0.0146)
(0.1269565217 0.4946664933 0.0146)
(0.1396521739 0.4946664933 0.0146)
(0.1523478261 0.4946664933 0.0146)
(0.1650434783 0.4946664933 0.0146)
(0.1777391304 0.4946664933 0.0146)
(0.1904347826 0.4946664933 0.0146)
(0.2031304348 0.4946664933 0.0146)
(0.215826087 0.4946664933 0.0146)
(0.2285217391 0.4946664933 0.0146)
(0.2412173913 0.4946664933 0.0146)
(0.2539130435 0.4946664933 0.0146)
(0.2666086957 0.4946664933 0.0146)
(0.2793043478 0.4946664933 0.0146)
(0.292 0.4946664933 0.0146)
(0 0.5074284229 0.0146)
(0.01269565217 0.5074284229 0.0146)
(0.02539130435 0.5074284229 0.0146)
(0.03808695652 0.5074284229 0.0146)
(0.0507826087 0.5074284229 0.0146)
(0.06347826087 0.5074284229 0.0146)
(0.07617391304 0.5074284229 0.0146)
(0.08886956522 0.5074284229 0.0146)
(0.1015652174 0.5074284229 0.0146)
(0.1142608696 0.5074284229 0.0146)
(0.1269565217 0.5074284229 0.0146)
(0.1396521739 0.5074284229 0.0146)
(0.1523478261 0.5074284229 0.0146)
(0.1650434783 0.5074284229 0.0146)
(0.1777391304 0.5074284229 0.0146)
(0.1904347826 0.5074284229 0.0146)
(0.2031304348 0.5074284229 0.0146)
(0.215826087 0.5074284229 0.0146)
(0.2285217391 0.5074284229 0.0146)
(0.2412173913 0.5074284229 0.0146)
(0.2539130435 0.5074284229 0.0146)
(0.2666086957 0.5074284229 0.0146)
(0.2793043478 0.5074284229 0.0146)
(0.292 0.5074284229 0.0146)
(0 0.5201903524 0.0146)
(0.01269565217 0.5201903524 0.0146)
(0.02539130435 0.5201903524 0.0146)
(0.03808695652 0.5201903524 0.0146)
(0.0507826087 0.5201903524 0.0146)
(0.06347826087 0.5201903524 0.0146)
(0.07617391304 0.5201903524 0.0146)
(0.08886956522 0.5201903524 0.0146)
(0.1015652174 0.5201903524 0.0146)
(0.1142608696 0.5201903524 0.0146)
(0.1269565217 0.5201903524 0.0146)
(0.1396521739 0.5201903524 0.0146)
(0.1523478261 0.5201903524 0.0146)
(0.1650434783 0.5201903524 0.0146)
(0.1777391304 0.5201903524 0.0146)
(0.1904347826 0.5201903524 0.0146)
(0.2031304348 0.5201903524 0.0146)
(0.215826087 0.5201903524 0.0146)
(0.2285217391 0.5201903524 0.0146)
(0.2412173913 0.5201903524 0.0146)
(0.2539130435 0.5201903524 0.0146)
(0.2666086957 0.5201903524 0.0146)
(0.2793043478 0.5201903524 0.0146)
(0.292 0.5201903524 0.0146)
(0 0.5329522819 0.0146)
(0.01269565217 0.5329522819 0.0146)
(0.02539130435 0.5329522819 0.0146)
(0.03808695652 0.5329522819 0.0146)
(0.0507826087 0.5329522819 0.0146)
(0.06347826087 0.5329522819 0.0146)
(0.07617391304 0.5329522819 0.0146)
(0.08886956522 0.5329522819 0.0146)
(0.1015652174 0.5329522819 0.0146)
(0.1142608696 0.5329522819 0.0146)
(0.1269565217 0.5329522819 0.0146)
(0.1396521739 0.5329522819 0.0146)
(0.1523478261 0.5329522819 0.0146)
(0.1650434783 0.5329522819 0.0146)
(0.1777391304 0.5329522819 0.0146)
(0.1904347826 0.5329522819 0.0146)
(0.2031304348 0.5329522819 0.0146)
(0.215826087 0.5329522819 0.0146)
(0.2285217391 0.5329522819 0.0146)
(0.2412173913 0.5329522819 0.0146)
(0.2539130435 0.5329522819 0.0146)
(0.2666086957 0.5329522819 0.0146)
(0.2793043478 0.5329522819 0.0146)
(0.292 0.5329522819 0.0146)
(0 0.5457142114 0.0146)
(0.01269565217 0.5457142114 0.0146)
(0.02539130435 0.5457142114 0.0146)
(0.03808695652 0.5457142114 0.0146)
(0.0507826087 0.5457142114 0.0146)
(0.06347826087 0.5457142114 0.0146)
(0.07617391304 0.5457142114 0.0146)
(0.08886956522 0.5457142114 0.0146)
(0.1015652174 0.5457142114 0.0146)
(0.1142608696 0.5457142114 0.0146)
(0.1269565217 0.5457142114 0.0146)
(0.1396521739 0.5457142114 0.0146)
(0.1523478261 0.5457142114 0.0146)
(0.1650434783 0.5457142114 0.0146)
(0.1777391304 0.5457142114 0.0146)
(0.1904347826 0.5457142114 0.0146)
(0.2031304348 0.5457142114 0.0146)
(0.215826087 0.5457142114 0.0146)
(0.2285217391 0.5457142114 0.0146)
(0.2412173913 0.5457142114 0.0146)
(0.2539130435 0.5457142114 0.0146)
(0.2666086957 0.5457142114 0.0146)
(0.2793043478 0.5457142114 0.0146)
(0.292 0.5457142114 0.0146)
(0 0.558476141 0.0146)
(0.01269565217 0.558476141 0.0146)
(0.02539130435 0.558476141 0.0146)
(0.03808695652 0.558476141 0.0146)
(0.0507826087 0.558476141 0.0146)
(0.06347826087 0.558476141 0.0146)
(0.07617391304 0.558476141 0.0146)
(0.08886956522 0.558476141 0.0146)
(0.1015652174 0.558476141 0.0146)
(0.1142608696 0.558476141 0.0146)
(0.1269565217 0.558476141 0.0146)
(0.1396521739 0.558476141 0.0146)
(0.1523478261 0.558476141 0.0146)
(0.1650434783 0.558476141 0.0146)
(0.1777391304 0.558476141 0.0146)
(0.1904347826 0.558476141 0.0146)
(0.2031304348 0.558476141 0.0146)
(0.215826087 0.558476141 0.0146)
(0.2285217391 0.558476141 0.0146)
(0.2412173913 0.558476141 0.0146)
(0.2539130435 0.558476141 0.0146)
(0.2666086957 0.558476141 0.0146)
(0.2793043478 0.558476141 0.0146)
(0.292 0.558476141 0.0146)
(0 0.5712380705 0.0146)
(0.01269565217 0.5712380705 0.0146)
(0.02539130435 0.5712380705 0.0146)
(0.03808695652 0.5712380705 0.0146)
(0.0507826087 0.5712380705 0.0146)
(0.06347826087 0.5712380705 0.0146)
(0.07617391304 0.5712380705 0.0146)
(0.08886956522 0.5712380705 0.0146)
(0.1015652174 0.5712380705 0.0146)
(0.1142608696 0.5712380705 0.0146)
(0.1269565217 0.5712380705 0.0146)
(0.1396521739 0.5712380705 0.0146)
(0.1523478261 0.5712380705 0.0146)
(0.1650434783 0.5712380705 0.0146)
(0.1777391304 0.5712380705 0.0146)
(0.1904347826 0.5712380705 0.0146)
(0.2031304348 0.5712380705 0.0146)
(0.215826087 0.5712380705 0.0146)
(0.2285217391 0.5712380705 0.0146)
(0.2412173913 0.5712380705 0.0146)
(0.2539130435 0.5712380705 0.0146)
(0.2666086957 0.5712380705 0.0146)
(0.2793043478 0.5712380705 0.0146)
(0.292 0.5712380705 0.0146)
(0 0.584 0.0146)
(0.01269565217 0.584 0.0146)
(0.02539130435 0.584 0.0146)
(0.03808695652 0.584 0.0146)
(0.0507826087 0.584 0.0146)
(0.06347826087 0.584 0.0146)
(0.07617391304 0.584 0.0146)
(0.08886956522 0.584 0.0146)
(0.1015652174 0.584 0.0146)
(0.1142608696 0.584 0.0146)
(0.1269565217 0.584 0.0146)
(0.1396521739 0.584 0.0146)
(0.1523478261 0.584 0.0146)
(0.1650434783 0.584 0.0146)
(0.1777391304 0.584 0.0146)
(0.1904347826 0.584 0.0146)
(0.2031304348 0.584 0.0146)
(0.215826087 0.584 0.0146)
(0.2285217391 0.584 0.0146)
(0.2412173913 0.584 0.0146)
(0.2539130435 0.584 0.0146)
(0.2666086957 0.584 0.0146)
(0.2793043478 0.584 0.0146)
(0.292 0.584 0.0146)
)


// ************************************************************************* //
