/*---------------------------------------------------------------------------*\
| =========                 |                                                 |
| \\      /  F ield         | OpenFOAM: The Open Source CFD Toolbox           |
|  \\    /   O peration     | Version:  1.3                                   |
|   \\  /    A nd           | Web:      http://www.openfoam.org               |
|    \\/     M anipulation  |                                                 |
\*---------------------------------------------------------------------------*/

FoamFile
{
    version 2.0;
    format ascii;

    root "/home/dm2/henry/OpenFOAM/OpenFOAM-1.2/tutorials/interFoam";
    case "damBreak/processor0";
    instance ""constant"";
    local "polyMesh";

    class cellList;
    object cells;
}

// * * * * * * * * * * * * * * * * * * * * * * * * * * * * * * * * * * * * * //


575
(
6(1127 1 1149 1325 1101 0)
6(1128 3 1157 1333 0 2)
6(1129 5 1165 1341 2 4)
6(1130 7 1173 1349 4 6)
6(1131 9 1181 1357 6 8)
6(1132 11 1189 1365 8 10)
6(1133 13 1197 1373 10 12)
6(1134 15 1205 1381 12 14)
6(1135 17 1213 1389 14 16)
6(1136 19 1221 1397 16 18)
6(1137 21 1229 1405 18 20)
6(1138 23 1237 1413 20 22)
6(1139 25 1245 1421 22 24)
6(1140 27 1253 1429 24 26)
6(1141 29 1261 1437 26 28)
6(1142 31 1269 1445 28 30)
6(1143 33 1277 1453 30 32)
6(1144 35 1285 1461 32 34)
6(1145 37 1293 1469 34 36)
6(1146 39 1301 1477 36 38)
6(1147 41 1309 1485 38 40)
6(1148 42 1317 1493 40 2299)
6(1 44 1150 1326 1102 43)
6(3 46 1158 1334 43 45)
6(5 48 1166 1342 45 47)
6(7 50 1174 1350 47 49)
6(9 52 1182 1358 49 51)
6(11 54 1190 1366 51 53)
6(13 56 1198 1374 53 55)
6(15 58 1206 1382 55 57)
6(17 60 1214 1390 57 59)
6(19 62 1222 1398 59 61)
6(21 64 1230 1406 61 63)
6(23 66 1238 1414 63 65)
6(25 68 1246 1422 65 67)
6(27 70 1254 1430 67 69)
6(29 72 1262 1438 69 71)
6(31 74 1270 1446 71 73)
6(33 76 1278 1454 73 75)
6(35 78 1286 1462 75 77)
6(37 80 1294 1470 77 79)
6(39 82 1302 1478 79 81)
6(41 84 1310 1486 81 83)
6(42 85 1318 1494 83 2300)
6(44 87 1151 1327 1103 86)
6(46 89 1159 1335 86 88)
6(48 91 1167 1343 88 90)
6(50 93 1175 1351 90 92)
6(52 95 1183 1359 92 94)
6(54 97 1191 1367 94 96)
6(56 99 1199 1375 96 98)
6(58 101 1207 1383 98 100)
6(60 103 1215 1391 100 102)
6(62 105 1223 1399 102 104)
6(64 107 1231 1407 104 106)
6(66 109 1239 1415 106 108)
6(68 111 1247 1423 108 110)
6(70 113 1255 1431 110 112)
6(72 115 1263 1439 112 114)
6(74 117 1271 1447 114 116)
6(76 119 1279 1455 116 118)
6(78 121 1287 1463 118 120)
6(80 123 1295 1471 120 122)
6(82 125 1303 1479 122 124)
6(84 127 1311 1487 124 126)
6(85 128 1319 1495 126 2301)
6(87 130 1152 1328 1104 129)
6(89 132 1160 1336 129 131)
6(91 134 1168 1344 131 133)
6(93 136 1176 1352 133 135)
6(95 138 1184 1360 135 137)
6(97 140 1192 1368 137 139)
6(99 142 1200 1376 139 141)
6(101 144 1208 1384 141 143)
6(103 146 1216 1392 143 145)
6(105 148 1224 1400 145 147)
6(107 150 1232 1408 147 149)
6(109 152 1240 1416 149 151)
6(111 154 1248 1424 151 153)
6(113 156 1256 1432 153 155)
6(115 158 1264 1440 155 157)
6(117 160 1272 1448 157 159)
6(119 162 1280 1456 159 161)
6(121 164 1288 1464 161 163)
6(123 166 1296 1472 163 165)
6(125 168 1304 1480 165 167)
6(127 170 1312 1488 167 169)
6(128 171 1320 1496 169 2302)
6(130 173 1153 1329 1105 172)
6(132 175 1161 1337 172 174)
6(134 177 1169 1345 174 176)
6(136 179 1177 1353 176 178)
6(138 181 1185 1361 178 180)
6(140 183 1193 1369 180 182)
6(142 185 1201 1377 182 184)
6(144 187 1209 1385 184 186)
6(146 189 1217 1393 186 188)
6(148 191 1225 1401 188 190)
6(150 193 1233 1409 190 192)
6(152 195 1241 1417 192 194)
6(154 197 1249 1425 194 196)
6(156 199 1257 1433 196 198)
6(158 201 1265 1441 198 200)
6(160 203 1273 1449 200 202)
6(162 205 1281 1457 202 204)
6(164 207 1289 1465 204 206)
6(166 209 1297 1473 206 208)
6(168 211 1305 1481 208 210)
6(170 213 1313 1489 210 212)
6(171 214 1321 1497 212 2303)
6(173 216 1154 1330 1106 215)
6(175 218 1162 1338 215 217)
6(177 220 1170 1346 217 219)
6(179 222 1178 1354 219 221)
6(181 224 1186 1362 221 223)
6(183 226 1194 1370 223 225)
6(185 228 1202 1378 225 227)
6(187 230 1210 1386 227 229)
6(189 232 1218 1394 229 231)
6(191 234 1226 1402 231 233)
6(193 236 1234 1410 233 235)
6(195 238 1242 1418 235 237)
6(197 240 1250 1426 237 239)
6(199 242 1258 1434 239 241)
6(201 244 1266 1442 241 243)
6(203 246 1274 1450 243 245)
6(205 248 1282 1458 245 247)
6(207 250 1290 1466 247 249)
6(209 252 1298 1474 249 251)
6(211 254 1306 1482 251 253)
6(213 256 1314 1490 253 255)
6(214 257 1322 1498 255 2304)
6(216 259 1155 1331 1107 258)
6(218 261 1163 1339 258 260)
6(220 263 1171 1347 260 262)
6(222 265 1179 1355 262 264)
6(224 267 1187 1363 264 266)
6(226 269 1195 1371 266 268)
6(228 271 1203 1379 268 270)
6(230 273 1211 1387 270 272)
6(232 275 1219 1395 272 274)
6(234 277 1227 1403 274 276)
6(236 279 1235 1411 276 278)
6(238 281 1243 1419 278 280)
6(240 283 1251 1427 280 282)
6(242 285 1259 1435 282 284)
6(244 287 1267 1443 284 286)
6(246 289 1275 1451 286 288)
6(248 291 1283 1459 288 290)
6(250 293 1291 1467 290 292)
6(252 295 1299 1475 292 294)
6(254 297 1307 1483 294 296)
6(256 299 1315 1491 296 298)
6(257 300 1323 1499 298 2305)
6(259 302 1156 1332 1108 301)
6(261 304 1164 1340 301 303)
6(263 306 1172 1348 303 305)
6(265 308 1180 1356 305 307)
6(267 310 1188 1364 307 309)
6(269 312 1196 1372 309 311)
6(271 314 1204 1380 311 313)
6(273 316 1212 1388 313 315)
6(275 318 1220 1396 315 317)
6(277 320 1228 1404 317 319)
6(279 322 1236 1412 319 321)
6(281 324 1244 1420 321 323)
6(283 326 1252 1428 323 325)
6(285 328 1260 1436 325 327)
6(287 330 1268 1444 327 329)
6(289 332 1276 1452 329 331)
6(291 334 1284 1460 331 333)
6(293 336 1292 1468 333 335)
6(295 338 1300 1476 335 337)
6(297 340 1308 1484 337 339)
6(299 342 1316 1492 339 341)
6(300 343 1324 1500 341 2306)
6(302 345 1501 1900 1109 344)
6(304 347 1519 1918 344 346)
6(306 349 1537 1936 346 348)
6(308 351 1555 1954 348 350)
6(310 353 1573 1972 350 352)
6(312 355 1591 1990 352 354)
6(314 357 1609 2008 354 356)
6(316 359 1627 2026 356 358)
6(318 361 1645 2044 358 360)
6(320 363 1663 2062 360 362)
6(322 365 1681 2080 362 364)
6(324 367 1699 2098 364 366)
6(326 369 1717 2116 366 368)
6(328 371 1735 2134 368 370)
6(330 373 1753 2152 370 372)
6(332 375 1771 2170 372 374)
6(334 377 1789 2188 374 376)
6(336 379 1806 2205 376 378)
6(338 381 1823 2222 378 380)
6(340 383 1840 2239 380 382)
6(342 385 1857 2256 382 384)
6(343 386 1874 2273 384 2307)
6(345 388 1502 1901 1110 387)
6(347 390 1520 1919 387 389)
6(349 392 1538 1937 389 391)
6(351 394 1556 1955 391 393)
6(353 396 1574 1973 393 395)
6(355 398 1592 1991 395 397)
6(357 400 1610 2009 397 399)
6(359 402 1628 2027 399 401)
6(361 404 1646 2045 401 403)
6(363 406 1664 2063 403 405)
6(365 408 1682 2081 405 407)
6(367 410 1700 2099 407 409)
6(369 412 1718 2117 409 411)
6(371 414 1736 2135 411 413)
6(373 416 1754 2153 413 415)
6(375 418 1772 2171 415 417)
6(377 420 1790 2189 417 419)
6(379 422 1807 2206 419 421)
6(381 424 1824 2223 421 423)
6(383 426 1841 2240 423 425)
6(385 428 1858 2257 425 427)
6(386 429 1875 2274 427 2308)
6(388 431 1503 1902 1111 430)
6(390 433 1521 1920 430 432)
6(392 435 1539 1938 432 434)
6(394 437 1557 1956 434 436)
6(396 439 1575 1974 436 438)
6(398 441 1593 1992 438 440)
6(400 443 1611 2010 440 442)
6(402 445 1629 2028 442 444)
6(404 447 1647 2046 444 446)
6(406 449 1665 2064 446 448)
6(408 451 1683 2082 448 450)
6(410 453 1701 2100 450 452)
6(412 455 1719 2118 452 454)
6(414 457 1737 2136 454 456)
6(416 459 1755 2154 456 458)
6(418 461 1773 2172 458 460)
6(420 463 1791 2190 460 462)
6(422 465 1808 2207 462 464)
6(424 467 1825 2224 464 466)
6(426 469 1842 2241 466 468)
6(428 471 1859 2258 468 470)
6(429 472 1876 2275 470 2309)
6(431 474 1504 1903 1112 473)
6(433 476 1522 1921 473 475)
6(435 478 1540 1939 475 477)
6(437 480 1558 1957 477 479)
6(439 482 1576 1975 479 481)
6(441 484 1594 1993 481 483)
6(443 486 1612 2011 483 485)
6(445 488 1630 2029 485 487)
6(447 490 1648 2047 487 489)
6(449 492 1666 2065 489 491)
6(451 494 1684 2083 491 493)
6(453 496 1702 2101 493 495)
6(455 498 1720 2119 495 497)
6(457 500 1738 2137 497 499)
6(459 502 1756 2155 499 501)
6(461 504 1774 2173 501 503)
6(463 506 1792 2191 503 505)
6(465 508 1809 2208 505 507)
6(467 510 1826 2225 507 509)
6(469 512 1843 2242 509 511)
6(471 514 1860 2259 511 513)
6(472 515 1877 2276 513 2310)
6(474 517 1505 1904 1113 516)
6(476 519 1523 1922 516 518)
6(478 521 1541 1940 518 520)
6(480 523 1559 1958 520 522)
6(482 525 1577 1976 522 524)
6(484 527 1595 1994 524 526)
6(486 529 1613 2012 526 528)
6(488 531 1631 2030 528 530)
6(490 533 1649 2048 530 532)
6(492 535 1667 2066 532 534)
6(494 537 1685 2084 534 536)
6(496 539 1703 2102 536 538)
6(498 541 1721 2120 538 540)
6(500 543 1739 2138 540 542)
6(502 545 1757 2156 542 544)
6(504 547 1775 2174 544 546)
6(506 549 1793 2192 546 548)
6(508 551 1810 2209 548 550)
6(510 553 1827 2226 550 552)
6(512 555 1844 2243 552 554)
6(514 557 1861 2260 554 556)
6(515 558 1878 2277 556 2311)
6(517 560 1506 1905 1114 559)
6(519 562 1524 1923 559 561)
6(521 564 1542 1941 561 563)
6(523 566 1560 1959 563 565)
6(525 568 1578 1977 565 567)
6(527 570 1596 1995 567 569)
6(529 572 1614 2013 569 571)
6(531 574 1632 2031 571 573)
6(533 576 1650 2049 573 575)
6(535 578 1668 2067 575 577)
6(537 580 1686 2085 577 579)
6(539 582 1704 2103 579 581)
6(541 584 1722 2121 581 583)
6(543 586 1740 2139 583 585)
6(545 588 1758 2157 585 587)
6(547 590 1776 2175 587 589)
6(549 592 1794 2193 589 591)
6(551 594 1811 2210 591 593)
6(553 596 1828 2227 593 595)
6(555 598 1845 2244 595 597)
6(557 600 1862 2261 597 599)
6(558 601 1879 2278 599 2312)
6(560 603 1507 1906 1115 602)
6(562 605 1525 1924 602 604)
6(564 607 1543 1942 604 606)
6(566 609 1561 1960 606 608)
6(568 611 1579 1978 608 610)
6(570 613 1597 1996 610 612)
6(572 615 1615 2014 612 614)
6(574 617 1633 2032 614 616)
6(576 619 1651 2050 616 618)
6(578 621 1669 2068 618 620)
6(580 623 1687 2086 620 622)
6(582 625 1705 2104 622 624)
6(584 627 1723 2122 624 626)
6(586 629 1741 2140 626 628)
6(588 631 1759 2158 628 630)
6(590 633 1777 2176 630 632)
6(592 635 1795 2194 632 634)
6(594 637 1812 2211 634 636)
6(596 639 1829 2228 636 638)
6(598 641 1846 2245 638 640)
6(600 643 1863 2262 640 642)
6(601 644 1880 2279 642 2313)
6(603 646 1508 1907 1116 645)
6(605 648 1526 1925 645 647)
6(607 650 1544 1943 647 649)
6(609 652 1562 1961 649 651)
6(611 654 1580 1979 651 653)
6(613 656 1598 1997 653 655)
6(615 658 1616 2015 655 657)
6(617 660 1634 2033 657 659)
6(619 662 1652 2051 659 661)
6(621 664 1670 2069 661 663)
6(623 666 1688 2087 663 665)
6(625 668 1706 2105 665 667)
6(627 670 1724 2123 667 669)
6(629 672 1742 2141 669 671)
6(631 674 1760 2159 671 673)
6(633 676 1778 2177 673 675)
6(635 678 1796 2195 675 677)
6(637 680 1813 2212 677 679)
6(639 682 1830 2229 679 681)
6(641 684 1847 2246 681 683)
6(643 686 1864 2263 683 685)
6(644 687 1881 2280 685 2314)
6(646 689 1509 1908 1117 688)
6(648 691 1527 1926 688 690)
6(650 693 1545 1944 690 692)
6(652 695 1563 1962 692 694)
6(654 697 1581 1980 694 696)
6(656 699 1599 1998 696 698)
6(658 701 1617 2016 698 700)
6(660 703 1635 2034 700 702)
6(662 705 1653 2052 702 704)
6(664 707 1671 2070 704 706)
6(666 709 1689 2088 706 708)
6(668 711 1707 2106 708 710)
6(670 713 1725 2124 710 712)
6(672 715 1743 2142 712 714)
6(674 717 1761 2160 714 716)
6(676 719 1779 2178 716 718)
6(678 721 1797 2196 718 720)
6(680 723 1814 2213 720 722)
6(682 725 1831 2230 722 724)
6(684 727 1848 2247 724 726)
6(686 729 1865 2264 726 728)
6(687 731 1882 2281 728 730)
6(2315 732 1891 2290 730 2316)
6(689 734 1510 1909 1118 733)
6(691 736 1528 1927 733 735)
6(693 738 1546 1945 735 737)
6(695 740 1564 1963 737 739)
6(697 742 1582 1981 739 741)
6(699 744 1600 1999 741 743)
6(701 746 1618 2017 743 745)
6(703 748 1636 2035 745 747)
6(705 750 1654 2053 747 749)
6(707 752 1672 2071 749 751)
6(709 754 1690 2089 751 753)
6(711 756 1708 2107 753 755)
6(713 758 1726 2125 755 757)
6(715 760 1744 2143 757 759)
6(717 762 1762 2161 759 761)
6(719 764 1780 2179 761 763)
6(721 766 1798 2197 763 765)
6(723 768 1815 2214 765 767)
6(725 770 1832 2231 767 769)
6(727 772 1849 2248 769 771)
6(729 774 1866 2265 771 773)
6(731 776 1883 2282 773 775)
6(732 777 1892 2291 775 2317)
6(734 779 1511 1910 1119 778)
6(736 781 1529 1928 778 780)
6(738 783 1547 1946 780 782)
6(740 785 1565 1964 782 784)
6(742 787 1583 1982 784 786)
6(744 789 1601 2000 786 788)
6(746 791 1619 2018 788 790)
6(748 793 1637 2036 790 792)
6(750 795 1655 2054 792 794)
6(752 797 1673 2072 794 796)
6(754 799 1691 2090 796 798)
6(756 801 1709 2108 798 800)
6(758 803 1727 2126 800 802)
6(760 805 1745 2144 802 804)
6(762 807 1763 2162 804 806)
6(764 809 1781 2180 806 808)
6(766 811 1799 2198 808 810)
6(768 813 1816 2215 810 812)
6(770 815 1833 2232 812 814)
6(772 817 1850 2249 814 816)
6(774 819 1867 2266 816 818)
6(776 821 1884 2283 818 820)
6(777 822 1893 2292 820 2318)
6(779 824 1512 1911 1120 823)
6(781 826 1530 1929 823 825)
6(783 828 1548 1947 825 827)
6(785 830 1566 1965 827 829)
6(787 832 1584 1983 829 831)
6(789 834 1602 2001 831 833)
6(791 836 1620 2019 833 835)
6(793 838 1638 2037 835 837)
6(795 840 1656 2055 837 839)
6(797 842 1674 2073 839 841)
6(799 844 1692 2091 841 843)
6(801 846 1710 2109 843 845)
6(803 848 1728 2127 845 847)
6(805 850 1746 2145 847 849)
6(807 852 1764 2163 849 851)
6(809 854 1782 2181 851 853)
6(811 856 1800 2199 853 855)
6(813 858 1817 2216 855 857)
6(815 860 1834 2233 857 859)
6(817 862 1851 2250 859 861)
6(819 864 1868 2267 861 863)
6(821 866 1885 2284 863 865)
6(822 867 1894 2293 865 2319)
6(824 869 1513 1912 1121 868)
6(826 871 1531 1930 868 870)
6(828 873 1549 1948 870 872)
6(830 875 1567 1966 872 874)
6(832 877 1585 1984 874 876)
6(834 879 1603 2002 876 878)
6(836 881 1621 2020 878 880)
6(838 883 1639 2038 880 882)
6(840 885 1657 2056 882 884)
6(842 887 1675 2074 884 886)
6(844 889 1693 2092 886 888)
6(846 891 1711 2110 888 890)
6(848 893 1729 2128 890 892)
6(850 895 1747 2146 892 894)
6(852 897 1765 2164 894 896)
6(854 899 1783 2182 896 898)
6(856 901 1801 2200 898 900)
6(858 903 1818 2217 900 902)
6(860 905 1835 2234 902 904)
6(862 907 1852 2251 904 906)
6(864 909 1869 2268 906 908)
6(866 911 1886 2285 908 910)
6(867 912 1895 2294 910 2320)
6(869 914 1514 1913 1122 913)
6(871 916 1532 1931 913 915)
6(873 918 1550 1949 915 917)
6(875 920 1568 1967 917 919)
6(877 922 1586 1985 919 921)
6(879 924 1604 2003 921 923)
6(881 926 1622 2021 923 925)
6(883 928 1640 2039 925 927)
6(885 930 1658 2057 927 929)
6(887 932 1676 2075 929 931)
6(889 934 1694 2093 931 933)
6(891 936 1712 2111 933 935)
6(893 938 1730 2129 935 937)
6(895 940 1748 2147 937 939)
6(897 942 1766 2165 939 941)
6(899 944 1784 2183 941 943)
6(901 946 1802 2201 943 945)
6(903 948 1819 2218 945 947)
6(905 950 1836 2235 947 949)
6(907 952 1853 2252 949 951)
6(909 954 1870 2269 951 953)
6(911 956 1887 2286 953 955)
6(912 957 1896 2295 955 2321)
6(914 959 1515 1914 1123 958)
6(916 961 1533 1932 958 960)
6(918 963 1551 1950 960 962)
6(920 965 1569 1968 962 964)
6(922 967 1587 1986 964 966)
6(924 969 1605 2004 966 968)
6(926 971 1623 2022 968 970)
6(928 973 1641 2040 970 972)
6(930 975 1659 2058 972 974)
6(932 977 1677 2076 974 976)
6(934 979 1695 2094 976 978)
6(936 981 1713 2112 978 980)
6(938 983 1731 2130 980 982)
6(940 985 1749 2148 982 984)
6(942 987 1767 2166 984 986)
6(944 989 1785 2184 986 988)
6(946 991 1803 2202 988 990)
6(948 993 1820 2219 990 992)
6(950 995 1837 2236 992 994)
6(952 997 1854 2253 994 996)
6(954 999 1871 2270 996 998)
6(956 1001 1888 2287 998 1000)
6(957 1002 1897 2296 1000 2322)
6(959 1004 1516 1915 1124 1003)
6(961 1006 1534 1933 1003 1005)
6(963 1008 1552 1951 1005 1007)
6(965 1010 1570 1969 1007 1009)
6(967 1012 1588 1987 1009 1011)
6(969 1014 1606 2005 1011 1013)
6(971 1016 1624 2023 1013 1015)
6(973 1018 1642 2041 1015 1017)
6(975 1020 1660 2059 1017 1019)
6(977 1022 1678 2077 1019 1021)
6(979 1024 1696 2095 1021 1023)
6(981 1026 1714 2113 1023 1025)
6(983 1028 1732 2131 1025 1027)
6(985 1030 1750 2149 1027 1029)
6(987 1032 1768 2167 1029 1031)
6(989 1034 1786 2185 1031 1033)
6(991 1036 1804 2203 1033 1035)
6(993 1038 1821 2220 1035 1037)
6(995 1040 1838 2237 1037 1039)
6(997 1042 1855 2254 1039 1041)
6(999 1044 1872 2271 1041 1043)
6(1001 1046 1889 2288 1043 1045)
6(1002 1047 1898 2297 1045 2323)
6(1004 1049 1517 1916 1125 1048)
6(1006 1051 1535 1934 1048 1050)
6(1008 1053 1553 1952 1050 1052)
6(1010 1055 1571 1970 1052 1054)
6(1012 1057 1589 1988 1054 1056)
6(1014 1059 1607 2006 1056 1058)
6(1016 1061 1625 2024 1058 1060)
6(1018 1063 1643 2042 1060 1062)
6(1020 1065 1661 2060 1062 1064)
6(1022 1067 1679 2078 1064 1066)
6(1024 1069 1697 2096 1066 1068)
6(1026 1071 1715 2114 1068 1070)
6(1028 1073 1733 2132 1070 1072)
6(1030 1075 1751 2150 1072 1074)
6(1032 1077 1769 2168 1074 1076)
6(1034 1079 1787 2186 1076 1078)
6(1036 2325 1805 2204 1078 1080)
6(1038 2326 1822 2221 1080 1081)
6(1040 2327 1839 2238 1081 1082)
6(1042 2328 1856 2255 1082 1083)
6(1044 2329 1873 2272 1083 1084)
6(1046 2330 1890 2289 1084 1085)
6(1047 2331 1899 2298 1085 2324)
6(1049 2332 1518 1917 1126 1086)
6(1051 2333 1536 1935 1086 1087)
6(1053 2334 1554 1953 1087 1088)
6(1055 2335 1572 1971 1088 1089)
6(1057 2336 1590 1989 1089 1090)
6(1059 2337 1608 2007 1090 1091)
6(1061 2338 1626 2025 1091 1092)
6(1063 2339 1644 2043 1092 1093)
6(1065 2340 1662 2061 1093 1094)
6(1067 2341 1680 2079 1094 1095)
6(1069 2342 1698 2097 1095 1096)
6(1071 2343 1716 2115 1096 1097)
6(1073 2344 1734 2133 1097 1098)
6(1075 2345 1752 2151 1098 1099)
6(1077 2346 1770 2169 1099 1100)
6(1079 2348 1788 2187 1100 2347)
)


// ************************************************************************* //
