/*---------------------------------------------------------------------------*\
| =========                 |                                                 |
| \\      /  F ield         | OpenFOAM: The Open Source CFD Toolbox           |
|  \\    /   O peration     | Version:  1.3                                   |
|   \\  /    A nd           | Web:      http://www.openfoam.org               |
|    \\/     M anipulation  |                                                 |
\*---------------------------------------------------------------------------*/

FoamFile
{
    version 2.0;
    format ascii;

    root "/home/dm2/henry/OpenFOAM/OpenFOAM-1.2/tutorials/interFoam";
    case "damBreak/processor0";
    instance ""constant"";
    local "polyMesh";

    class faceList;
    object faces;
}

// * * * * * * * * * * * * * * * * * * * * * * * * * * * * * * * * * * * * * //


2349
(
4(1 24 231 208)
4(23 230 231 24)
4(2 25 232 209)
4(24 231 232 25)
4(3 26 233 210)
4(25 232 233 26)
4(4 27 234 211)
4(26 233 234 27)
4(5 28 235 212)
4(27 234 235 28)
4(6 29 236 213)
4(28 235 236 29)
4(7 30 237 214)
4(29 236 237 30)
4(8 31 238 215)
4(30 237 238 31)
4(9 32 239 216)
4(31 238 239 32)
4(10 33 240 217)
4(32 239 240 33)
4(11 34 241 218)
4(33 240 241 34)
4(12 35 242 219)
4(34 241 242 35)
4(13 36 243 220)
4(35 242 243 36)
4(14 37 244 221)
4(36 243 244 37)
4(15 38 245 222)
4(37 244 245 38)
4(16 39 246 223)
4(38 245 246 39)
4(17 40 247 224)
4(39 246 247 40)
4(18 41 248 225)
4(40 247 248 41)
4(19 42 249 226)
4(41 248 249 42)
4(20 43 250 227)
4(42 249 250 43)
4(21 44 251 228)
4(43 250 251 44)
4(44 251 252 45)
4(24 47 254 231)
4(46 253 254 47)
4(25 48 255 232)
4(47 254 255 48)
4(26 49 256 233)
4(48 255 256 49)
4(27 50 257 234)
4(49 256 257 50)
4(28 51 258 235)
4(50 257 258 51)
4(29 52 259 236)
4(51 258 259 52)
4(30 53 260 237)
4(52 259 260 53)
4(31 54 261 238)
4(53 260 261 54)
4(32 55 262 239)
4(54 261 262 55)
4(33 56 263 240)
4(55 262 263 56)
4(34 57 264 241)
4(56 263 264 57)
4(35 58 265 242)
4(57 264 265 58)
4(36 59 266 243)
4(58 265 266 59)
4(37 60 267 244)
4(59 266 267 60)
4(38 61 268 245)
4(60 267 268 61)
4(39 62 269 246)
4(61 268 269 62)
4(40 63 270 247)
4(62 269 270 63)
4(41 64 271 248)
4(63 270 271 64)
4(42 65 272 249)
4(64 271 272 65)
4(43 66 273 250)
4(65 272 273 66)
4(44 67 274 251)
4(66 273 274 67)
4(67 274 275 68)
4(47 70 277 254)
4(69 276 277 70)
4(48 71 278 255)
4(70 277 278 71)
4(49 72 279 256)
4(71 278 279 72)
4(50 73 280 257)
4(72 279 280 73)
4(51 74 281 258)
4(73 280 281 74)
4(52 75 282 259)
4(74 281 282 75)
4(53 76 283 260)
4(75 282 283 76)
4(54 77 284 261)
4(76 283 284 77)
4(55 78 285 262)
4(77 284 285 78)
4(56 79 286 263)
4(78 285 286 79)
4(57 80 287 264)
4(79 286 287 80)
4(58 81 288 265)
4(80 287 288 81)
4(59 82 289 266)
4(81 288 289 82)
4(60 83 290 267)
4(82 289 290 83)
4(61 84 291 268)
4(83 290 291 84)
4(62 85 292 269)
4(84 291 292 85)
4(63 86 293 270)
4(85 292 293 86)
4(64 87 294 271)
4(86 293 294 87)
4(65 88 295 272)
4(87 294 295 88)
4(66 89 296 273)
4(88 295 296 89)
4(67 90 297 274)
4(89 296 297 90)
4(90 297 298 91)
4(70 93 300 277)
4(92 299 300 93)
4(71 94 301 278)
4(93 300 301 94)
4(72 95 302 279)
4(94 301 302 95)
4(73 96 303 280)
4(95 302 303 96)
4(74 97 304 281)
4(96 303 304 97)
4(75 98 305 282)
4(97 304 305 98)
4(76 99 306 283)
4(98 305 306 99)
4(77 100 307 284)
4(99 306 307 100)
4(78 101 308 285)
4(100 307 308 101)
4(79 102 309 286)
4(101 308 309 102)
4(80 103 310 287)
4(102 309 310 103)
4(81 104 311 288)
4(103 310 311 104)
4(82 105 312 289)
4(104 311 312 105)
4(83 106 313 290)
4(105 312 313 106)
4(84 107 314 291)
4(106 313 314 107)
4(85 108 315 292)
4(107 314 315 108)
4(86 109 316 293)
4(108 315 316 109)
4(87 110 317 294)
4(109 316 317 110)
4(88 111 318 295)
4(110 317 318 111)
4(89 112 319 296)
4(111 318 319 112)
4(90 113 320 297)
4(112 319 320 113)
4(113 320 321 114)
4(93 116 323 300)
4(115 322 323 116)
4(94 117 324 301)
4(116 323 324 117)
4(95 118 325 302)
4(117 324 325 118)
4(96 119 326 303)
4(118 325 326 119)
4(97 120 327 304)
4(119 326 327 120)
4(98 121 328 305)
4(120 327 328 121)
4(99 122 329 306)
4(121 328 329 122)
4(100 123 330 307)
4(122 329 330 123)
4(101 124 331 308)
4(123 330 331 124)
4(102 125 332 309)
4(124 331 332 125)
4(103 126 333 310)
4(125 332 333 126)
4(104 127 334 311)
4(126 333 334 127)
4(105 128 335 312)
4(127 334 335 128)
4(106 129 336 313)
4(128 335 336 129)
4(107 130 337 314)
4(129 336 337 130)
4(108 131 338 315)
4(130 337 338 131)
4(109 132 339 316)
4(131 338 339 132)
4(110 133 340 317)
4(132 339 340 133)
4(111 134 341 318)
4(133 340 341 134)
4(112 135 342 319)
4(134 341 342 135)
4(113 136 343 320)
4(135 342 343 136)
4(136 343 344 137)
4(116 139 346 323)
4(138 345 346 139)
4(117 140 347 324)
4(139 346 347 140)
4(118 141 348 325)
4(140 347 348 141)
4(119 142 349 326)
4(141 348 349 142)
4(120 143 350 327)
4(142 349 350 143)
4(121 144 351 328)
4(143 350 351 144)
4(122 145 352 329)
4(144 351 352 145)
4(123 146 353 330)
4(145 352 353 146)
4(124 147 354 331)
4(146 353 354 147)
4(125 148 355 332)
4(147 354 355 148)
4(126 149 356 333)
4(148 355 356 149)
4(127 150 357 334)
4(149 356 357 150)
4(128 151 358 335)
4(150 357 358 151)
4(129 152 359 336)
4(151 358 359 152)
4(130 153 360 337)
4(152 359 360 153)
4(131 154 361 338)
4(153 360 361 154)
4(132 155 362 339)
4(154 361 362 155)
4(133 156 363 340)
4(155 362 363 156)
4(134 157 364 341)
4(156 363 364 157)
4(135 158 365 342)
4(157 364 365 158)
4(136 159 366 343)
4(158 365 366 159)
4(159 366 367 160)
4(139 162 369 346)
4(161 368 369 162)
4(140 163 370 347)
4(162 369 370 163)
4(141 164 371 348)
4(163 370 371 164)
4(142 165 372 349)
4(164 371 372 165)
4(143 166 373 350)
4(165 372 373 166)
4(144 167 374 351)
4(166 373 374 167)
4(145 168 375 352)
4(167 374 375 168)
4(146 169 376 353)
4(168 375 376 169)
4(147 170 377 354)
4(169 376 377 170)
4(148 171 378 355)
4(170 377 378 171)
4(149 172 379 356)
4(171 378 379 172)
4(150 173 380 357)
4(172 379 380 173)
4(151 174 381 358)
4(173 380 381 174)
4(152 175 382 359)
4(174 381 382 175)
4(153 176 383 360)
4(175 382 383 176)
4(154 177 384 361)
4(176 383 384 177)
4(155 178 385 362)
4(177 384 385 178)
4(156 179 386 363)
4(178 385 386 179)
4(157 180 387 364)
4(179 386 387 180)
4(158 181 388 365)
4(180 387 388 181)
4(159 182 389 366)
4(181 388 389 182)
4(182 389 390 183)
4(162 185 392 369)
4(184 391 392 185)
4(163 186 393 370)
4(185 392 393 186)
4(164 187 394 371)
4(186 393 394 187)
4(165 188 395 372)
4(187 394 395 188)
4(166 189 396 373)
4(188 395 396 189)
4(167 190 397 374)
4(189 396 397 190)
4(168 191 398 375)
4(190 397 398 191)
4(169 192 399 376)
4(191 398 399 192)
4(170 193 400 377)
4(192 399 400 193)
4(171 194 401 378)
4(193 400 401 194)
4(172 195 402 379)
4(194 401 402 195)
4(173 196 403 380)
4(195 402 403 196)
4(174 197 404 381)
4(196 403 404 197)
4(175 198 405 382)
4(197 404 405 198)
4(176 199 406 383)
4(198 405 406 199)
4(177 200 407 384)
4(199 406 407 200)
4(178 201 408 385)
4(200 407 408 201)
4(179 202 409 386)
4(201 408 409 202)
4(180 203 410 387)
4(202 409 410 203)
4(181 204 411 388)
4(203 410 411 204)
4(182 205 412 389)
4(204 411 412 205)
4(205 412 413 206)
4(185 415 833 392)
4(414 832 833 415)
4(186 416 834 393)
4(415 833 834 416)
4(187 417 835 394)
4(416 834 835 417)
4(188 418 836 395)
4(417 835 836 418)
4(189 419 837 396)
4(418 836 837 419)
4(190 420 838 397)
4(419 837 838 420)
4(191 421 839 398)
4(420 838 839 421)
4(192 422 840 399)
4(421 839 840 422)
4(193 423 841 400)
4(422 840 841 423)
4(194 424 842 401)
4(423 841 842 424)
4(195 425 843 402)
4(424 842 843 425)
4(196 426 844 403)
4(425 843 844 426)
4(197 427 845 404)
4(426 844 845 427)
4(198 428 846 405)
4(427 845 846 428)
4(199 429 847 406)
4(428 846 847 429)
4(200 430 848 407)
4(429 847 848 430)
4(201 431 849 408)
4(430 848 849 431)
4(202 432 850 409)
4(431 849 850 432)
4(203 433 851 410)
4(432 850 851 433)
4(204 434 852 411)
4(433 851 852 434)
4(205 435 853 412)
4(434 852 853 435)
4(435 853 854 436)
4(415 438 856 833)
4(437 855 856 438)
4(416 439 857 834)
4(438 856 857 439)
4(417 440 858 835)
4(439 857 858 440)
4(418 441 859 836)
4(440 858 859 441)
4(419 442 860 837)
4(441 859 860 442)
4(420 443 861 838)
4(442 860 861 443)
4(421 444 862 839)
4(443 861 862 444)
4(422 445 863 840)
4(444 862 863 445)
4(423 446 864 841)
4(445 863 864 446)
4(424 447 865 842)
4(446 864 865 447)
4(425 448 866 843)
4(447 865 866 448)
4(426 449 867 844)
4(448 866 867 449)
4(427 450 868 845)
4(449 867 868 450)
4(428 451 869 846)
4(450 868 869 451)
4(429 452 870 847)
4(451 869 870 452)
4(430 453 871 848)
4(452 870 871 453)
4(431 454 872 849)
4(453 871 872 454)
4(432 455 873 850)
4(454 872 873 455)
4(433 456 874 851)
4(455 873 874 456)
4(434 457 875 852)
4(456 874 875 457)
4(435 458 876 853)
4(457 875 876 458)
4(458 876 877 459)
4(438 461 879 856)
4(460 878 879 461)
4(439 462 880 857)
4(461 879 880 462)
4(440 463 881 858)
4(462 880 881 463)
4(441 464 882 859)
4(463 881 882 464)
4(442 465 883 860)
4(464 882 883 465)
4(443 466 884 861)
4(465 883 884 466)
4(444 467 885 862)
4(466 884 885 467)
4(445 468 886 863)
4(467 885 886 468)
4(446 469 887 864)
4(468 886 887 469)
4(447 470 888 865)
4(469 887 888 470)
4(448 471 889 866)
4(470 888 889 471)
4(449 472 890 867)
4(471 889 890 472)
4(450 473 891 868)
4(472 890 891 473)
4(451 474 892 869)
4(473 891 892 474)
4(452 475 893 870)
4(474 892 893 475)
4(453 476 894 871)
4(475 893 894 476)
4(454 477 895 872)
4(476 894 895 477)
4(455 478 896 873)
4(477 895 896 478)
4(456 479 897 874)
4(478 896 897 479)
4(457 480 898 875)
4(479 897 898 480)
4(458 481 899 876)
4(480 898 899 481)
4(481 899 900 482)
4(461 484 902 879)
4(483 901 902 484)
4(462 485 903 880)
4(484 902 903 485)
4(463 486 904 881)
4(485 903 904 486)
4(464 487 905 882)
4(486 904 905 487)
4(465 488 906 883)
4(487 905 906 488)
4(466 489 907 884)
4(488 906 907 489)
4(467 490 908 885)
4(489 907 908 490)
4(468 491 909 886)
4(490 908 909 491)
4(469 492 910 887)
4(491 909 910 492)
4(470 493 911 888)
4(492 910 911 493)
4(471 494 912 889)
4(493 911 912 494)
4(472 495 913 890)
4(494 912 913 495)
4(473 496 914 891)
4(495 913 914 496)
4(474 497 915 892)
4(496 914 915 497)
4(475 498 916 893)
4(497 915 916 498)
4(476 499 917 894)
4(498 916 917 499)
4(477 500 918 895)
4(499 917 918 500)
4(478 501 919 896)
4(500 918 919 501)
4(479 502 920 897)
4(501 919 920 502)
4(480 503 921 898)
4(502 920 921 503)
4(481 504 922 899)
4(503 921 922 504)
4(504 922 923 505)
4(484 507 925 902)
4(506 924 925 507)
4(485 508 926 903)
4(507 925 926 508)
4(486 509 927 904)
4(508 926 927 509)
4(487 510 928 905)
4(509 927 928 510)
4(488 511 929 906)
4(510 928 929 511)
4(489 512 930 907)
4(511 929 930 512)
4(490 513 931 908)
4(512 930 931 513)
4(491 514 932 909)
4(513 931 932 514)
4(492 515 933 910)
4(514 932 933 515)
4(493 516 934 911)
4(515 933 934 516)
4(494 517 935 912)
4(516 934 935 517)
4(495 518 936 913)
4(517 935 936 518)
4(496 519 937 914)
4(518 936 937 519)
4(497 520 938 915)
4(519 937 938 520)
4(498 521 939 916)
4(520 938 939 521)
4(499 522 940 917)
4(521 939 940 522)
4(500 523 941 918)
4(522 940 941 523)
4(501 524 942 919)
4(523 941 942 524)
4(502 525 943 920)
4(524 942 943 525)
4(503 526 944 921)
4(525 943 944 526)
4(504 527 945 922)
4(526 944 945 527)
4(527 945 946 528)
4(507 530 948 925)
4(529 947 948 530)
4(508 531 949 926)
4(530 948 949 531)
4(509 532 950 927)
4(531 949 950 532)
4(510 533 951 928)
4(532 950 951 533)
4(511 534 952 929)
4(533 951 952 534)
4(512 535 953 930)
4(534 952 953 535)
4(513 536 954 931)
4(535 953 954 536)
4(514 537 955 932)
4(536 954 955 537)
4(515 538 956 933)
4(537 955 956 538)
4(516 539 957 934)
4(538 956 957 539)
4(517 540 958 935)
4(539 957 958 540)
4(518 541 959 936)
4(540 958 959 541)
4(519 542 960 937)
4(541 959 960 542)
4(520 543 961 938)
4(542 960 961 543)
4(521 544 962 939)
4(543 961 962 544)
4(522 545 963 940)
4(544 962 963 545)
4(523 546 964 941)
4(545 963 964 546)
4(524 547 965 942)
4(546 964 965 547)
4(525 548 966 943)
4(547 965 966 548)
4(526 549 967 944)
4(548 966 967 549)
4(527 550 968 945)
4(549 967 968 550)
4(550 968 969 551)
4(530 553 971 948)
4(552 970 971 553)
4(531 554 972 949)
4(553 971 972 554)
4(532 555 973 950)
4(554 972 973 555)
4(533 556 974 951)
4(555 973 974 556)
4(534 557 975 952)
4(556 974 975 557)
4(535 558 976 953)
4(557 975 976 558)
4(536 559 977 954)
4(558 976 977 559)
4(537 560 978 955)
4(559 977 978 560)
4(538 561 979 956)
4(560 978 979 561)
4(539 562 980 957)
4(561 979 980 562)
4(540 563 981 958)
4(562 980 981 563)
4(541 564 982 959)
4(563 981 982 564)
4(542 565 983 960)
4(564 982 983 565)
4(543 566 984 961)
4(565 983 984 566)
4(544 567 985 962)
4(566 984 985 567)
4(545 568 986 963)
4(567 985 986 568)
4(546 569 987 964)
4(568 986 987 569)
4(547 570 988 965)
4(569 987 988 570)
4(548 571 989 966)
4(570 988 989 571)
4(549 572 990 967)
4(571 989 990 572)
4(550 573 991 968)
4(572 990 991 573)
4(573 991 992 574)
4(553 576 994 971)
4(575 993 994 576)
4(554 577 995 972)
4(576 994 995 577)
4(555 578 996 973)
4(577 995 996 578)
4(556 579 997 974)
4(578 996 997 579)
4(557 580 998 975)
4(579 997 998 580)
4(558 581 999 976)
4(580 998 999 581)
4(559 582 1000 977)
4(581 999 1000 582)
4(560 583 1001 978)
4(582 1000 1001 583)
4(561 584 1002 979)
4(583 1001 1002 584)
4(562 585 1003 980)
4(584 1002 1003 585)
4(563 586 1004 981)
4(585 1003 1004 586)
4(564 587 1005 982)
4(586 1004 1005 587)
4(565 588 1006 983)
4(587 1005 1006 588)
4(566 589 1007 984)
4(588 1006 1007 589)
4(567 590 1008 985)
4(589 1007 1008 590)
4(568 591 1009 986)
4(590 1008 1009 591)
4(569 592 1010 987)
4(591 1009 1010 592)
4(570 593 1011 988)
4(592 1010 1011 593)
4(571 594 1012 989)
4(593 1011 1012 594)
4(572 595 1013 990)
4(594 1012 1013 595)
4(573 596 1014 991)
4(595 1013 1014 596)
4(596 1014 1015 597)
4(576 600 1018 994)
4(599 1017 1018 600)
4(577 601 1019 995)
4(600 1018 1019 601)
4(578 602 1020 996)
4(601 1019 1020 602)
4(579 603 1021 997)
4(602 1020 1021 603)
4(580 604 1022 998)
4(603 1021 1022 604)
4(581 605 1023 999)
4(604 1022 1023 605)
4(582 606 1024 1000)
4(605 1023 1024 606)
4(583 607 1025 1001)
4(606 1024 1025 607)
4(584 608 1026 1002)
4(607 1025 1026 608)
4(585 609 1027 1003)
4(608 1026 1027 609)
4(586 610 1028 1004)
4(609 1027 1028 610)
4(587 611 1029 1005)
4(610 1028 1029 611)
4(588 612 1030 1006)
4(611 1029 1030 612)
4(589 613 1031 1007)
4(612 1030 1031 613)
4(590 614 1032 1008)
4(613 1031 1032 614)
4(591 615 1033 1009)
4(614 1032 1033 615)
4(592 616 1034 1010)
4(615 1033 1034 616)
4(593 617 1035 1011)
4(616 1034 1035 617)
4(594 618 1036 1012)
4(617 1035 1036 618)
4(595 619 1037 1013)
4(618 1036 1037 619)
4(596 620 1038 1014)
4(619 1037 1038 620)
4(597 621 1039 1015)
4(620 1038 1039 621)
4(621 1039 1040 622)
4(600 624 1042 1018)
4(623 1041 1042 624)
4(601 625 1043 1019)
4(624 1042 1043 625)
4(602 626 1044 1020)
4(625 1043 1044 626)
4(603 627 1045 1021)
4(626 1044 1045 627)
4(604 628 1046 1022)
4(627 1045 1046 628)
4(605 629 1047 1023)
4(628 1046 1047 629)
4(606 630 1048 1024)
4(629 1047 1048 630)
4(607 631 1049 1025)
4(630 1048 1049 631)
4(608 632 1050 1026)
4(631 1049 1050 632)
4(609 633 1051 1027)
4(632 1050 1051 633)
4(610 634 1052 1028)
4(633 1051 1052 634)
4(611 635 1053 1029)
4(634 1052 1053 635)
4(612 636 1054 1030)
4(635 1053 1054 636)
4(613 637 1055 1031)
4(636 1054 1055 637)
4(614 638 1056 1032)
4(637 1055 1056 638)
4(615 639 1057 1033)
4(638 1056 1057 639)
4(616 640 1058 1034)
4(639 1057 1058 640)
4(617 641 1059 1035)
4(640 1058 1059 641)
4(618 642 1060 1036)
4(641 1059 1060 642)
4(619 643 1061 1037)
4(642 1060 1061 643)
4(620 644 1062 1038)
4(643 1061 1062 644)
4(621 645 1063 1039)
4(644 1062 1063 645)
4(645 1063 1064 646)
4(624 648 1066 1042)
4(647 1065 1066 648)
4(625 649 1067 1043)
4(648 1066 1067 649)
4(626 650 1068 1044)
4(649 1067 1068 650)
4(627 651 1069 1045)
4(650 1068 1069 651)
4(628 652 1070 1046)
4(651 1069 1070 652)
4(629 653 1071 1047)
4(652 1070 1071 653)
4(630 654 1072 1048)
4(653 1071 1072 654)
4(631 655 1073 1049)
4(654 1072 1073 655)
4(632 656 1074 1050)
4(655 1073 1074 656)
4(633 657 1075 1051)
4(656 1074 1075 657)
4(634 658 1076 1052)
4(657 1075 1076 658)
4(635 659 1077 1053)
4(658 1076 1077 659)
4(636 660 1078 1054)
4(659 1077 1078 660)
4(637 661 1079 1055)
4(660 1078 1079 661)
4(638 662 1080 1056)
4(661 1079 1080 662)
4(639 663 1081 1057)
4(662 1080 1081 663)
4(640 664 1082 1058)
4(663 1081 1082 664)
4(641 665 1083 1059)
4(664 1082 1083 665)
4(642 666 1084 1060)
4(665 1083 1084 666)
4(643 667 1085 1061)
4(666 1084 1085 667)
4(644 668 1086 1062)
4(667 1085 1086 668)
4(645 669 1087 1063)
4(668 1086 1087 669)
4(669 1087 1088 670)
4(648 672 1090 1066)
4(671 1089 1090 672)
4(649 673 1091 1067)
4(672 1090 1091 673)
4(650 674 1092 1068)
4(673 1091 1092 674)
4(651 675 1093 1069)
4(674 1092 1093 675)
4(652 676 1094 1070)
4(675 1093 1094 676)
4(653 677 1095 1071)
4(676 1094 1095 677)
4(654 678 1096 1072)
4(677 1095 1096 678)
4(655 679 1097 1073)
4(678 1096 1097 679)
4(656 680 1098 1074)
4(679 1097 1098 680)
4(657 681 1099 1075)
4(680 1098 1099 681)
4(658 682 1100 1076)
4(681 1099 1100 682)
4(659 683 1101 1077)
4(682 1100 1101 683)
4(660 684 1102 1078)
4(683 1101 1102 684)
4(661 685 1103 1079)
4(684 1102 1103 685)
4(662 686 1104 1080)
4(685 1103 1104 686)
4(663 687 1105 1081)
4(686 1104 1105 687)
4(664 688 1106 1082)
4(687 1105 1106 688)
4(665 689 1107 1083)
4(688 1106 1107 689)
4(666 690 1108 1084)
4(689 1107 1108 690)
4(667 691 1109 1085)
4(690 1108 1109 691)
4(668 692 1110 1086)
4(691 1109 1110 692)
4(669 693 1111 1087)
4(692 1110 1111 693)
4(693 1111 1112 694)
4(672 696 1114 1090)
4(695 1113 1114 696)
4(673 697 1115 1091)
4(696 1114 1115 697)
4(674 698 1116 1092)
4(697 1115 1116 698)
4(675 699 1117 1093)
4(698 1116 1117 699)
4(676 700 1118 1094)
4(699 1117 1118 700)
4(677 701 1119 1095)
4(700 1118 1119 701)
4(678 702 1120 1096)
4(701 1119 1120 702)
4(679 703 1121 1097)
4(702 1120 1121 703)
4(680 704 1122 1098)
4(703 1121 1122 704)
4(681 705 1123 1099)
4(704 1122 1123 705)
4(682 706 1124 1100)
4(705 1123 1124 706)
4(683 707 1125 1101)
4(706 1124 1125 707)
4(684 708 1126 1102)
4(707 1125 1126 708)
4(685 709 1127 1103)
4(708 1126 1127 709)
4(686 710 1128 1104)
4(709 1127 1128 710)
4(687 711 1129 1105)
4(710 1128 1129 711)
4(688 712 1130 1106)
4(711 1129 1130 712)
4(689 713 1131 1107)
4(712 1130 1131 713)
4(690 714 1132 1108)
4(713 1131 1132 714)
4(691 715 1133 1109)
4(714 1132 1133 715)
4(692 716 1134 1110)
4(715 1133 1134 716)
4(693 717 1135 1111)
4(716 1134 1135 717)
4(717 1135 1136 718)
4(696 720 1138 1114)
4(719 1137 1138 720)
4(697 721 1139 1115)
4(720 1138 1139 721)
4(698 722 1140 1116)
4(721 1139 1140 722)
4(699 723 1141 1117)
4(722 1140 1141 723)
4(700 724 1142 1118)
4(723 1141 1142 724)
4(701 725 1143 1119)
4(724 1142 1143 725)
4(702 726 1144 1120)
4(725 1143 1144 726)
4(703 727 1145 1121)
4(726 1144 1145 727)
4(704 728 1146 1122)
4(727 1145 1146 728)
4(705 729 1147 1123)
4(728 1146 1147 729)
4(706 730 1148 1124)
4(729 1147 1148 730)
4(707 731 1149 1125)
4(730 1148 1149 731)
4(708 732 1150 1126)
4(731 1149 1150 732)
4(709 733 1151 1127)
4(732 1150 1151 733)
4(710 734 1152 1128)
4(733 1151 1152 734)
4(711 735 1153 1129)
4(734 1152 1153 735)
4(712 736 1154 1130)
4(735 1153 1154 736)
4(713 737 1155 1131)
4(736 1154 1155 737)
4(714 738 1156 1132)
4(737 1155 1156 738)
4(715 739 1157 1133)
4(738 1156 1157 739)
4(716 740 1158 1134)
4(739 1157 1158 740)
4(717 741 1159 1135)
4(740 1158 1159 741)
4(741 1159 1160 742)
4(720 744 1162 1138)
4(743 1161 1162 744)
4(721 745 1163 1139)
4(744 1162 1163 745)
4(722 746 1164 1140)
4(745 1163 1164 746)
4(723 747 1165 1141)
4(746 1164 1165 747)
4(724 748 1166 1142)
4(747 1165 1166 748)
4(725 749 1167 1143)
4(748 1166 1167 749)
4(726 750 1168 1144)
4(749 1167 1168 750)
4(727 751 1169 1145)
4(750 1168 1169 751)
4(728 752 1170 1146)
4(751 1169 1170 752)
4(729 753 1171 1147)
4(752 1170 1171 753)
4(730 754 1172 1148)
4(753 1171 1172 754)
4(731 755 1173 1149)
4(754 1172 1173 755)
4(732 756 1174 1150)
4(755 1173 1174 756)
4(733 757 1175 1151)
4(756 1174 1175 757)
4(734 758 1176 1152)
4(757 1175 1176 758)
4(735 759 1177 1153)
4(758 1176 1177 759)
4(736 760 1178 1154)
4(759 1177 1178 760)
4(737 761 1179 1155)
4(760 1178 1179 761)
4(738 762 1180 1156)
4(761 1179 1180 762)
4(739 763 1181 1157)
4(762 1180 1181 763)
4(740 764 1182 1158)
4(763 1181 1182 764)
4(741 765 1183 1159)
4(764 1182 1183 765)
4(765 1183 1184 766)
4(744 768 1186 1162)
4(767 1185 1186 768)
4(745 769 1187 1163)
4(768 1186 1187 769)
4(746 770 1188 1164)
4(769 1187 1188 770)
4(747 771 1189 1165)
4(770 1188 1189 771)
4(748 772 1190 1166)
4(771 1189 1190 772)
4(749 773 1191 1167)
4(772 1190 1191 773)
4(750 774 1192 1168)
4(773 1191 1192 774)
4(751 775 1193 1169)
4(774 1192 1193 775)
4(752 776 1194 1170)
4(775 1193 1194 776)
4(753 777 1195 1171)
4(776 1194 1195 777)
4(754 778 1196 1172)
4(777 1195 1196 778)
4(755 779 1197 1173)
4(778 1196 1197 779)
4(756 780 1198 1174)
4(779 1197 1198 780)
4(757 781 1199 1175)
4(780 1198 1199 781)
4(758 782 1200 1176)
4(781 1199 1200 782)
4(759 783 1201 1177)
4(782 1200 1201 783)
4(760 784 1202 1178)
4(783 1201 1202 784)
4(761 785 1203 1179)
4(784 1202 1203 785)
4(762 786 1204 1180)
4(785 1203 1204 786)
4(763 787 1205 1181)
4(786 1204 1205 787)
4(764 788 1206 1182)
4(787 1205 1206 788)
4(765 789 1207 1183)
4(788 1206 1207 789)
4(789 1207 1208 790)
4(768 792 1210 1186)
4(791 1209 1210 792)
4(769 793 1211 1187)
4(792 1210 1211 793)
4(770 794 1212 1188)
4(793 1211 1212 794)
4(771 795 1213 1189)
4(794 1212 1213 795)
4(772 796 1214 1190)
4(795 1213 1214 796)
4(773 797 1215 1191)
4(796 1214 1215 797)
4(774 798 1216 1192)
4(797 1215 1216 798)
4(775 799 1217 1193)
4(798 1216 1217 799)
4(776 800 1218 1194)
4(799 1217 1218 800)
4(777 801 1219 1195)
4(800 1218 1219 801)
4(778 802 1220 1196)
4(801 1219 1220 802)
4(779 803 1221 1197)
4(802 1220 1221 803)
4(780 804 1222 1198)
4(803 1221 1222 804)
4(781 805 1223 1199)
4(804 1222 1223 805)
4(782 806 1224 1200)
4(805 1223 1224 806)
4(783 807 1225 1201)
4(806 1224 1225 807)
4(784 808 1226 1202)
4(785 809 1227 1203)
4(786 810 1228 1204)
4(787 811 1229 1205)
4(788 812 1230 1206)
4(789 813 1231 1207)
4(792 816 1234 1210)
4(793 817 1235 1211)
4(794 818 1236 1212)
4(795 819 1237 1213)
4(796 820 1238 1214)
4(797 821 1239 1215)
4(798 822 1240 1216)
4(799 823 1241 1217)
4(800 824 1242 1218)
4(801 825 1243 1219)
4(802 826 1244 1220)
4(803 827 1245 1221)
4(804 828 1246 1222)
4(805 829 1247 1223)
4(806 830 1248 1224)
4(0 207 230 23)
4(23 230 253 46)
4(46 253 276 69)
4(69 276 299 92)
4(92 299 322 115)
4(115 322 345 138)
4(138 345 368 161)
4(161 368 391 184)
4(184 391 832 414)
4(414 832 855 437)
4(437 855 878 460)
4(460 878 901 483)
4(483 901 924 506)
4(506 924 947 529)
4(529 947 970 552)
4(552 970 993 575)
4(575 993 1017 599)
4(599 1017 1041 623)
4(623 1041 1065 647)
4(647 1065 1089 671)
4(671 1089 1113 695)
4(695 1113 1137 719)
4(719 1137 1161 743)
4(743 1161 1185 767)
4(767 1185 1209 791)
4(791 1209 1233 815)
4(0 1 208 207)
4(1 2 209 208)
4(2 3 210 209)
4(3 4 211 210)
4(4 5 212 211)
4(5 6 213 212)
4(6 7 214 213)
4(7 8 215 214)
4(8 9 216 215)
4(9 10 217 216)
4(10 11 218 217)
4(11 12 219 218)
4(12 13 220 219)
4(13 14 221 220)
4(14 15 222 221)
4(15 16 223 222)
4(16 17 224 223)
4(17 18 225 224)
4(18 19 226 225)
4(19 20 227 226)
4(20 21 228 227)
4(21 22 229 228)
4(0 23 24 1)
4(23 46 47 24)
4(46 69 70 47)
4(69 92 93 70)
4(92 115 116 93)
4(115 138 139 116)
4(138 161 162 139)
4(161 184 185 162)
4(1 24 25 2)
4(24 47 48 25)
4(47 70 71 48)
4(70 93 94 71)
4(93 116 117 94)
4(116 139 140 117)
4(139 162 163 140)
4(162 185 186 163)
4(2 25 26 3)
4(25 48 49 26)
4(48 71 72 49)
4(71 94 95 72)
4(94 117 118 95)
4(117 140 141 118)
4(140 163 164 141)
4(163 186 187 164)
4(3 26 27 4)
4(26 49 50 27)
4(49 72 73 50)
4(72 95 96 73)
4(95 118 119 96)
4(118 141 142 119)
4(141 164 165 142)
4(164 187 188 165)
4(4 27 28 5)
4(27 50 51 28)
4(50 73 74 51)
4(73 96 97 74)
4(96 119 120 97)
4(119 142 143 120)
4(142 165 166 143)
4(165 188 189 166)
4(5 28 29 6)
4(28 51 52 29)
4(51 74 75 52)
4(74 97 98 75)
4(97 120 121 98)
4(120 143 144 121)
4(143 166 167 144)
4(166 189 190 167)
4(6 29 30 7)
4(29 52 53 30)
4(52 75 76 53)
4(75 98 99 76)
4(98 121 122 99)
4(121 144 145 122)
4(144 167 168 145)
4(167 190 191 168)
4(7 30 31 8)
4(30 53 54 31)
4(53 76 77 54)
4(76 99 100 77)
4(99 122 123 100)
4(122 145 146 123)
4(145 168 169 146)
4(168 191 192 169)
4(8 31 32 9)
4(31 54 55 32)
4(54 77 78 55)
4(77 100 101 78)
4(100 123 124 101)
4(123 146 147 124)
4(146 169 170 147)
4(169 192 193 170)
4(9 32 33 10)
4(32 55 56 33)
4(55 78 79 56)
4(78 101 102 79)
4(101 124 125 102)
4(124 147 148 125)
4(147 170 171 148)
4(170 193 194 171)
4(10 33 34 11)
4(33 56 57 34)
4(56 79 80 57)
4(79 102 103 80)
4(102 125 126 103)
4(125 148 149 126)
4(148 171 172 149)
4(171 194 195 172)
4(11 34 35 12)
4(34 57 58 35)
4(57 80 81 58)
4(80 103 104 81)
4(103 126 127 104)
4(126 149 150 127)
4(149 172 173 150)
4(172 195 196 173)
4(12 35 36 13)
4(35 58 59 36)
4(58 81 82 59)
4(81 104 105 82)
4(104 127 128 105)
4(127 150 151 128)
4(150 173 174 151)
4(173 196 197 174)
4(13 36 37 14)
4(36 59 60 37)
4(59 82 83 60)
4(82 105 106 83)
4(105 128 129 106)
4(128 151 152 129)
4(151 174 175 152)
4(174 197 198 175)
4(14 37 38 15)
4(37 60 61 38)
4(60 83 84 61)
4(83 106 107 84)
4(106 129 130 107)
4(129 152 153 130)
4(152 175 176 153)
4(175 198 199 176)
4(15 38 39 16)
4(38 61 62 39)
4(61 84 85 62)
4(84 107 108 85)
4(107 130 131 108)
4(130 153 154 131)
4(153 176 177 154)
4(176 199 200 177)
4(16 39 40 17)
4(39 62 63 40)
4(62 85 86 63)
4(85 108 109 86)
4(108 131 132 109)
4(131 154 155 132)
4(154 177 178 155)
4(177 200 201 178)
4(17 40 41 18)
4(40 63 64 41)
4(63 86 87 64)
4(86 109 110 87)
4(109 132 133 110)
4(132 155 156 133)
4(155 178 179 156)
4(178 201 202 179)
4(18 41 42 19)
4(41 64 65 42)
4(64 87 88 65)
4(87 110 111 88)
4(110 133 134 111)
4(133 156 157 134)
4(156 179 180 157)
4(179 202 203 180)
4(19 42 43 20)
4(42 65 66 43)
4(65 88 89 66)
4(88 111 112 89)
4(111 134 135 112)
4(134 157 158 135)
4(157 180 181 158)
4(180 203 204 181)
4(20 43 44 21)
4(43 66 67 44)
4(66 89 90 67)
4(89 112 113 90)
4(112 135 136 113)
4(135 158 159 136)
4(158 181 182 159)
4(181 204 205 182)
4(21 44 45 22)
4(44 67 68 45)
4(67 90 91 68)
4(90 113 114 91)
4(113 136 137 114)
4(136 159 160 137)
4(159 182 183 160)
4(182 205 206 183)
4(207 208 231 230)
4(230 231 254 253)
4(253 254 277 276)
4(276 277 300 299)
4(299 300 323 322)
4(322 323 346 345)
4(345 346 369 368)
4(368 369 392 391)
4(208 209 232 231)
4(231 232 255 254)
4(254 255 278 277)
4(277 278 301 300)
4(300 301 324 323)
4(323 324 347 346)
4(346 347 370 369)
4(369 370 393 392)
4(209 210 233 232)
4(232 233 256 255)
4(255 256 279 278)
4(278 279 302 301)
4(301 302 325 324)
4(324 325 348 347)
4(347 348 371 370)
4(370 371 394 393)
4(210 211 234 233)
4(233 234 257 256)
4(256 257 280 279)
4(279 280 303 302)
4(302 303 326 325)
4(325 326 349 348)
4(348 349 372 371)
4(371 372 395 394)
4(211 212 235 234)
4(234 235 258 257)
4(257 258 281 280)
4(280 281 304 303)
4(303 304 327 326)
4(326 327 350 349)
4(349 350 373 372)
4(372 373 396 395)
4(212 213 236 235)
4(235 236 259 258)
4(258 259 282 281)
4(281 282 305 304)
4(304 305 328 327)
4(327 328 351 350)
4(350 351 374 373)
4(373 374 397 396)
4(213 214 237 236)
4(236 237 260 259)
4(259 260 283 282)
4(282 283 306 305)
4(305 306 329 328)
4(328 329 352 351)
4(351 352 375 374)
4(374 375 398 397)
4(214 215 238 237)
4(237 238 261 260)
4(260 261 284 283)
4(283 284 307 306)
4(306 307 330 329)
4(329 330 353 352)
4(352 353 376 375)
4(375 376 399 398)
4(215 216 239 238)
4(238 239 262 261)
4(261 262 285 284)
4(284 285 308 307)
4(307 308 331 330)
4(330 331 354 353)
4(353 354 377 376)
4(376 377 400 399)
4(216 217 240 239)
4(239 240 263 262)
4(262 263 286 285)
4(285 286 309 308)
4(308 309 332 331)
4(331 332 355 354)
4(354 355 378 377)
4(377 378 401 400)
4(217 218 241 240)
4(240 241 264 263)
4(263 264 287 286)
4(286 287 310 309)
4(309 310 333 332)
4(332 333 356 355)
4(355 356 379 378)
4(378 379 402 401)
4(218 219 242 241)
4(241 242 265 264)
4(264 265 288 287)
4(287 288 311 310)
4(310 311 334 333)
4(333 334 357 356)
4(356 357 380 379)
4(379 380 403 402)
4(219 220 243 242)
4(242 243 266 265)
4(265 266 289 288)
4(288 289 312 311)
4(311 312 335 334)
4(334 335 358 357)
4(357 358 381 380)
4(380 381 404 403)
4(220 221 244 243)
4(243 244 267 266)
4(266 267 290 289)
4(289 290 313 312)
4(312 313 336 335)
4(335 336 359 358)
4(358 359 382 381)
4(381 382 405 404)
4(221 222 245 244)
4(244 245 268 267)
4(267 268 291 290)
4(290 291 314 313)
4(313 314 337 336)
4(336 337 360 359)
4(359 360 383 382)
4(382 383 406 405)
4(222 223 246 245)
4(245 246 269 268)
4(268 269 292 291)
4(291 292 315 314)
4(314 315 338 337)
4(337 338 361 360)
4(360 361 384 383)
4(383 384 407 406)
4(223 224 247 246)
4(246 247 270 269)
4(269 270 293 292)
4(292 293 316 315)
4(315 316 339 338)
4(338 339 362 361)
4(361 362 385 384)
4(384 385 408 407)
4(224 225 248 247)
4(247 248 271 270)
4(270 271 294 293)
4(293 294 317 316)
4(316 317 340 339)
4(339 340 363 362)
4(362 363 386 385)
4(385 386 409 408)
4(225 226 249 248)
4(248 249 272 271)
4(271 272 295 294)
4(294 295 318 317)
4(317 318 341 340)
4(340 341 364 363)
4(363 364 387 386)
4(386 387 410 409)
4(226 227 250 249)
4(249 250 273 272)
4(272 273 296 295)
4(295 296 319 318)
4(318 319 342 341)
4(341 342 365 364)
4(364 365 388 387)
4(387 388 411 410)
4(227 228 251 250)
4(250 251 274 273)
4(273 274 297 296)
4(296 297 320 319)
4(319 320 343 342)
4(342 343 366 365)
4(365 366 389 388)
4(388 389 412 411)
4(228 229 252 251)
4(251 252 275 274)
4(274 275 298 297)
4(297 298 321 320)
4(320 321 344 343)
4(343 344 367 366)
4(366 367 390 389)
4(389 390 413 412)
4(184 414 415 185)
4(414 437 438 415)
4(437 460 461 438)
4(460 483 484 461)
4(483 506 507 484)
4(506 529 530 507)
4(529 552 553 530)
4(552 575 576 553)
4(575 599 600 576)
4(599 623 624 600)
4(623 647 648 624)
4(647 671 672 648)
4(671 695 696 672)
4(695 719 720 696)
4(719 743 744 720)
4(743 767 768 744)
4(767 791 792 768)
4(791 815 816 792)
4(185 415 416 186)
4(415 438 439 416)
4(438 461 462 439)
4(461 484 485 462)
4(484 507 508 485)
4(507 530 531 508)
4(530 553 554 531)
4(553 576 577 554)
4(576 600 601 577)
4(600 624 625 601)
4(624 648 649 625)
4(648 672 673 649)
4(672 696 697 673)
4(696 720 721 697)
4(720 744 745 721)
4(744 768 769 745)
4(768 792 793 769)
4(792 816 817 793)
4(186 416 417 187)
4(416 439 440 417)
4(439 462 463 440)
4(462 485 486 463)
4(485 508 509 486)
4(508 531 532 509)
4(531 554 555 532)
4(554 577 578 555)
4(577 601 602 578)
4(601 625 626 602)
4(625 649 650 626)
4(649 673 674 650)
4(673 697 698 674)
4(697 721 722 698)
4(721 745 746 722)
4(745 769 770 746)
4(769 793 794 770)
4(793 817 818 794)
4(187 417 418 188)
4(417 440 441 418)
4(440 463 464 441)
4(463 486 487 464)
4(486 509 510 487)
4(509 532 533 510)
4(532 555 556 533)
4(555 578 579 556)
4(578 602 603 579)
4(602 626 627 603)
4(626 650 651 627)
4(650 674 675 651)
4(674 698 699 675)
4(698 722 723 699)
4(722 746 747 723)
4(746 770 771 747)
4(770 794 795 771)
4(794 818 819 795)
4(188 418 419 189)
4(418 441 442 419)
4(441 464 465 442)
4(464 487 488 465)
4(487 510 511 488)
4(510 533 534 511)
4(533 556 557 534)
4(556 579 580 557)
4(579 603 604 580)
4(603 627 628 604)
4(627 651 652 628)
4(651 675 676 652)
4(675 699 700 676)
4(699 723 724 700)
4(723 747 748 724)
4(747 771 772 748)
4(771 795 796 772)
4(795 819 820 796)
4(189 419 420 190)
4(419 442 443 420)
4(442 465 466 443)
4(465 488 489 466)
4(488 511 512 489)
4(511 534 535 512)
4(534 557 558 535)
4(557 580 581 558)
4(580 604 605 581)
4(604 628 629 605)
4(628 652 653 629)
4(652 676 677 653)
4(676 700 701 677)
4(700 724 725 701)
4(724 748 749 725)
4(748 772 773 749)
4(772 796 797 773)
4(796 820 821 797)
4(190 420 421 191)
4(420 443 444 421)
4(443 466 467 444)
4(466 489 490 467)
4(489 512 513 490)
4(512 535 536 513)
4(535 558 559 536)
4(558 581 582 559)
4(581 605 606 582)
4(605 629 630 606)
4(629 653 654 630)
4(653 677 678 654)
4(677 701 702 678)
4(701 725 726 702)
4(725 749 750 726)
4(749 773 774 750)
4(773 797 798 774)
4(797 821 822 798)
4(191 421 422 192)
4(421 444 445 422)
4(444 467 468 445)
4(467 490 491 468)
4(490 513 514 491)
4(513 536 537 514)
4(536 559 560 537)
4(559 582 583 560)
4(582 606 607 583)
4(606 630 631 607)
4(630 654 655 631)
4(654 678 679 655)
4(678 702 703 679)
4(702 726 727 703)
4(726 750 751 727)
4(750 774 775 751)
4(774 798 799 775)
4(798 822 823 799)
4(192 422 423 193)
4(422 445 446 423)
4(445 468 469 446)
4(468 491 492 469)
4(491 514 515 492)
4(514 537 538 515)
4(537 560 561 538)
4(560 583 584 561)
4(583 607 608 584)
4(607 631 632 608)
4(631 655 656 632)
4(655 679 680 656)
4(679 703 704 680)
4(703 727 728 704)
4(727 751 752 728)
4(751 775 776 752)
4(775 799 800 776)
4(799 823 824 800)
4(193 423 424 194)
4(423 446 447 424)
4(446 469 470 447)
4(469 492 493 470)
4(492 515 516 493)
4(515 538 539 516)
4(538 561 562 539)
4(561 584 585 562)
4(584 608 609 585)
4(608 632 633 609)
4(632 656 657 633)
4(656 680 681 657)
4(680 704 705 681)
4(704 728 729 705)
4(728 752 753 729)
4(752 776 777 753)
4(776 800 801 777)
4(800 824 825 801)
4(194 424 425 195)
4(424 447 448 425)
4(447 470 471 448)
4(470 493 494 471)
4(493 516 517 494)
4(516 539 540 517)
4(539 562 563 540)
4(562 585 586 563)
4(585 609 610 586)
4(609 633 634 610)
4(633 657 658 634)
4(657 681 682 658)
4(681 705 706 682)
4(705 729 730 706)
4(729 753 754 730)
4(753 777 778 754)
4(777 801 802 778)
4(801 825 826 802)
4(195 425 426 196)
4(425 448 449 426)
4(448 471 472 449)
4(471 494 495 472)
4(494 517 518 495)
4(517 540 541 518)
4(540 563 564 541)
4(563 586 587 564)
4(586 610 611 587)
4(610 634 635 611)
4(634 658 659 635)
4(658 682 683 659)
4(682 706 707 683)
4(706 730 731 707)
4(730 754 755 731)
4(754 778 779 755)
4(778 802 803 779)
4(802 826 827 803)
4(196 426 427 197)
4(426 449 450 427)
4(449 472 473 450)
4(472 495 496 473)
4(495 518 519 496)
4(518 541 542 519)
4(541 564 565 542)
4(564 587 588 565)
4(587 611 612 588)
4(611 635 636 612)
4(635 659 660 636)
4(659 683 684 660)
4(683 707 708 684)
4(707 731 732 708)
4(731 755 756 732)
4(755 779 780 756)
4(779 803 804 780)
4(803 827 828 804)
4(197 427 428 198)
4(427 450 451 428)
4(450 473 474 451)
4(473 496 497 474)
4(496 519 520 497)
4(519 542 543 520)
4(542 565 566 543)
4(565 588 589 566)
4(588 612 613 589)
4(612 636 637 613)
4(636 660 661 637)
4(660 684 685 661)
4(684 708 709 685)
4(708 732 733 709)
4(732 756 757 733)
4(756 780 781 757)
4(780 804 805 781)
4(804 828 829 805)
4(198 428 429 199)
4(428 451 452 429)
4(451 474 475 452)
4(474 497 498 475)
4(497 520 521 498)
4(520 543 544 521)
4(543 566 567 544)
4(566 589 590 567)
4(589 613 614 590)
4(613 637 638 614)
4(637 661 662 638)
4(661 685 686 662)
4(685 709 710 686)
4(709 733 734 710)
4(733 757 758 734)
4(757 781 782 758)
4(781 805 806 782)
4(805 829 830 806)
4(199 429 430 200)
4(429 452 453 430)
4(452 475 476 453)
4(475 498 499 476)
4(498 521 522 499)
4(521 544 545 522)
4(544 567 568 545)
4(567 590 591 568)
4(590 614 615 591)
4(614 638 639 615)
4(638 662 663 639)
4(662 686 687 663)
4(686 710 711 687)
4(710 734 735 711)
4(734 758 759 735)
4(758 782 783 759)
4(782 806 807 783)
4(806 830 831 807)
4(200 430 431 201)
4(430 453 454 431)
4(453 476 477 454)
4(476 499 500 477)
4(499 522 523 500)
4(522 545 546 523)
4(545 568 569 546)
4(568 591 592 569)
4(591 615 616 592)
4(615 639 640 616)
4(639 663 664 640)
4(663 687 688 664)
4(687 711 712 688)
4(711 735 736 712)
4(735 759 760 736)
4(759 783 784 760)
4(783 807 808 784)
4(201 431 432 202)
4(431 454 455 432)
4(454 477 478 455)
4(477 500 501 478)
4(500 523 524 501)
4(523 546 547 524)
4(546 569 570 547)
4(569 592 593 570)
4(592 616 617 593)
4(616 640 641 617)
4(640 664 665 641)
4(664 688 689 665)
4(688 712 713 689)
4(712 736 737 713)
4(736 760 761 737)
4(760 784 785 761)
4(784 808 809 785)
4(202 432 433 203)
4(432 455 456 433)
4(455 478 479 456)
4(478 501 502 479)
4(501 524 525 502)
4(524 547 548 525)
4(547 570 571 548)
4(570 593 594 571)
4(593 617 618 594)
4(617 641 642 618)
4(641 665 666 642)
4(665 689 690 666)
4(689 713 714 690)
4(713 737 738 714)
4(737 761 762 738)
4(761 785 786 762)
4(785 809 810 786)
4(203 433 434 204)
4(433 456 457 434)
4(456 479 480 457)
4(479 502 503 480)
4(502 525 526 503)
4(525 548 549 526)
4(548 571 572 549)
4(571 594 595 572)
4(594 618 619 595)
4(618 642 643 619)
4(642 666 667 643)
4(666 690 691 667)
4(690 714 715 691)
4(714 738 739 715)
4(738 762 763 739)
4(762 786 787 763)
4(786 810 811 787)
4(204 434 435 205)
4(434 457 458 435)
4(457 480 481 458)
4(480 503 504 481)
4(503 526 527 504)
4(526 549 550 527)
4(549 572 573 550)
4(572 595 596 573)
4(595 619 620 596)
4(619 643 644 620)
4(643 667 668 644)
4(667 691 692 668)
4(691 715 716 692)
4(715 739 740 716)
4(739 763 764 740)
4(763 787 788 764)
4(787 811 812 788)
4(205 435 436 206)
4(435 458 459 436)
4(458 481 482 459)
4(481 504 505 482)
4(504 527 528 505)
4(527 550 551 528)
4(550 573 574 551)
4(573 596 597 574)
4(596 620 621 597)
4(620 644 645 621)
4(644 668 669 645)
4(668 692 693 669)
4(692 716 717 693)
4(716 740 741 717)
4(740 764 765 741)
4(764 788 789 765)
4(788 812 813 789)
4(597 621 622 598)
4(621 645 646 622)
4(645 669 670 646)
4(669 693 694 670)
4(693 717 718 694)
4(717 741 742 718)
4(741 765 766 742)
4(765 789 790 766)
4(789 813 814 790)
4(391 392 833 832)
4(832 833 856 855)
4(855 856 879 878)
4(878 879 902 901)
4(901 902 925 924)
4(924 925 948 947)
4(947 948 971 970)
4(970 971 994 993)
4(993 994 1018 1017)
4(1017 1018 1042 1041)
4(1041 1042 1066 1065)
4(1065 1066 1090 1089)
4(1089 1090 1114 1113)
4(1113 1114 1138 1137)
4(1137 1138 1162 1161)
4(1161 1162 1186 1185)
4(1185 1186 1210 1209)
4(1209 1210 1234 1233)
4(392 393 834 833)
4(833 834 857 856)
4(856 857 880 879)
4(879 880 903 902)
4(902 903 926 925)
4(925 926 949 948)
4(948 949 972 971)
4(971 972 995 994)
4(994 995 1019 1018)
4(1018 1019 1043 1042)
4(1042 1043 1067 1066)
4(1066 1067 1091 1090)
4(1090 1091 1115 1114)
4(1114 1115 1139 1138)
4(1138 1139 1163 1162)
4(1162 1163 1187 1186)
4(1186 1187 1211 1210)
4(1210 1211 1235 1234)
4(393 394 835 834)
4(834 835 858 857)
4(857 858 881 880)
4(880 881 904 903)
4(903 904 927 926)
4(926 927 950 949)
4(949 950 973 972)
4(972 973 996 995)
4(995 996 1020 1019)
4(1019 1020 1044 1043)
4(1043 1044 1068 1067)
4(1067 1068 1092 1091)
4(1091 1092 1116 1115)
4(1115 1116 1140 1139)
4(1139 1140 1164 1163)
4(1163 1164 1188 1187)
4(1187 1188 1212 1211)
4(1211 1212 1236 1235)
4(394 395 836 835)
4(835 836 859 858)
4(858 859 882 881)
4(881 882 905 904)
4(904 905 928 927)
4(927 928 951 950)
4(950 951 974 973)
4(973 974 997 996)
4(996 997 1021 1020)
4(1020 1021 1045 1044)
4(1044 1045 1069 1068)
4(1068 1069 1093 1092)
4(1092 1093 1117 1116)
4(1116 1117 1141 1140)
4(1140 1141 1165 1164)
4(1164 1165 1189 1188)
4(1188 1189 1213 1212)
4(1212 1213 1237 1236)
4(395 396 837 836)
4(836 837 860 859)
4(859 860 883 882)
4(882 883 906 905)
4(905 906 929 928)
4(928 929 952 951)
4(951 952 975 974)
4(974 975 998 997)
4(997 998 1022 1021)
4(1021 1022 1046 1045)
4(1045 1046 1070 1069)
4(1069 1070 1094 1093)
4(1093 1094 1118 1117)
4(1117 1118 1142 1141)
4(1141 1142 1166 1165)
4(1165 1166 1190 1189)
4(1189 1190 1214 1213)
4(1213 1214 1238 1237)
4(396 397 838 837)
4(837 838 861 860)
4(860 861 884 883)
4(883 884 907 906)
4(906 907 930 929)
4(929 930 953 952)
4(952 953 976 975)
4(975 976 999 998)
4(998 999 1023 1022)
4(1022 1023 1047 1046)
4(1046 1047 1071 1070)
4(1070 1071 1095 1094)
4(1094 1095 1119 1118)
4(1118 1119 1143 1142)
4(1142 1143 1167 1166)
4(1166 1167 1191 1190)
4(1190 1191 1215 1214)
4(1214 1215 1239 1238)
4(397 398 839 838)
4(838 839 862 861)
4(861 862 885 884)
4(884 885 908 907)
4(907 908 931 930)
4(930 931 954 953)
4(953 954 977 976)
4(976 977 1000 999)
4(999 1000 1024 1023)
4(1023 1024 1048 1047)
4(1047 1048 1072 1071)
4(1071 1072 1096 1095)
4(1095 1096 1120 1119)
4(1119 1120 1144 1143)
4(1143 1144 1168 1167)
4(1167 1168 1192 1191)
4(1191 1192 1216 1215)
4(1215 1216 1240 1239)
4(398 399 840 839)
4(839 840 863 862)
4(862 863 886 885)
4(885 886 909 908)
4(908 909 932 931)
4(931 932 955 954)
4(954 955 978 977)
4(977 978 1001 1000)
4(1000 1001 1025 1024)
4(1024 1025 1049 1048)
4(1048 1049 1073 1072)
4(1072 1073 1097 1096)
4(1096 1097 1121 1120)
4(1120 1121 1145 1144)
4(1144 1145 1169 1168)
4(1168 1169 1193 1192)
4(1192 1193 1217 1216)
4(1216 1217 1241 1240)
4(399 400 841 840)
4(840 841 864 863)
4(863 864 887 886)
4(886 887 910 909)
4(909 910 933 932)
4(932 933 956 955)
4(955 956 979 978)
4(978 979 1002 1001)
4(1001 1002 1026 1025)
4(1025 1026 1050 1049)
4(1049 1050 1074 1073)
4(1073 1074 1098 1097)
4(1097 1098 1122 1121)
4(1121 1122 1146 1145)
4(1145 1146 1170 1169)
4(1169 1170 1194 1193)
4(1193 1194 1218 1217)
4(1217 1218 1242 1241)
4(400 401 842 841)
4(841 842 865 864)
4(864 865 888 887)
4(887 888 911 910)
4(910 911 934 933)
4(933 934 957 956)
4(956 957 980 979)
4(979 980 1003 1002)
4(1002 1003 1027 1026)
4(1026 1027 1051 1050)
4(1050 1051 1075 1074)
4(1074 1075 1099 1098)
4(1098 1099 1123 1122)
4(1122 1123 1147 1146)
4(1146 1147 1171 1170)
4(1170 1171 1195 1194)
4(1194 1195 1219 1218)
4(1218 1219 1243 1242)
4(401 402 843 842)
4(842 843 866 865)
4(865 866 889 888)
4(888 889 912 911)
4(911 912 935 934)
4(934 935 958 957)
4(957 958 981 980)
4(980 981 1004 1003)
4(1003 1004 1028 1027)
4(1027 1028 1052 1051)
4(1051 1052 1076 1075)
4(1075 1076 1100 1099)
4(1099 1100 1124 1123)
4(1123 1124 1148 1147)
4(1147 1148 1172 1171)
4(1171 1172 1196 1195)
4(1195 1196 1220 1219)
4(1219 1220 1244 1243)
4(402 403 844 843)
4(843 844 867 866)
4(866 867 890 889)
4(889 890 913 912)
4(912 913 936 935)
4(935 936 959 958)
4(958 959 982 981)
4(981 982 1005 1004)
4(1004 1005 1029 1028)
4(1028 1029 1053 1052)
4(1052 1053 1077 1076)
4(1076 1077 1101 1100)
4(1100 1101 1125 1124)
4(1124 1125 1149 1148)
4(1148 1149 1173 1172)
4(1172 1173 1197 1196)
4(1196 1197 1221 1220)
4(1220 1221 1245 1244)
4(403 404 845 844)
4(844 845 868 867)
4(867 868 891 890)
4(890 891 914 913)
4(913 914 937 936)
4(936 937 960 959)
4(959 960 983 982)
4(982 983 1006 1005)
4(1005 1006 1030 1029)
4(1029 1030 1054 1053)
4(1053 1054 1078 1077)
4(1077 1078 1102 1101)
4(1101 1102 1126 1125)
4(1125 1126 1150 1149)
4(1149 1150 1174 1173)
4(1173 1174 1198 1197)
4(1197 1198 1222 1221)
4(1221 1222 1246 1245)
4(404 405 846 845)
4(845 846 869 868)
4(868 869 892 891)
4(891 892 915 914)
4(914 915 938 937)
4(937 938 961 960)
4(960 961 984 983)
4(983 984 1007 1006)
4(1006 1007 1031 1030)
4(1030 1031 1055 1054)
4(1054 1055 1079 1078)
4(1078 1079 1103 1102)
4(1102 1103 1127 1126)
4(1126 1127 1151 1150)
4(1150 1151 1175 1174)
4(1174 1175 1199 1198)
4(1198 1199 1223 1222)
4(1222 1223 1247 1246)
4(405 406 847 846)
4(846 847 870 869)
4(869 870 893 892)
4(892 893 916 915)
4(915 916 939 938)
4(938 939 962 961)
4(961 962 985 984)
4(984 985 1008 1007)
4(1007 1008 1032 1031)
4(1031 1032 1056 1055)
4(1055 1056 1080 1079)
4(1079 1080 1104 1103)
4(1103 1104 1128 1127)
4(1127 1128 1152 1151)
4(1151 1152 1176 1175)
4(1175 1176 1200 1199)
4(1199 1200 1224 1223)
4(1223 1224 1248 1247)
4(406 407 848 847)
4(847 848 871 870)
4(870 871 894 893)
4(893 894 917 916)
4(916 917 940 939)
4(939 940 963 962)
4(962 963 986 985)
4(985 986 1009 1008)
4(1008 1009 1033 1032)
4(1032 1033 1057 1056)
4(1056 1057 1081 1080)
4(1080 1081 1105 1104)
4(1104 1105 1129 1128)
4(1128 1129 1153 1152)
4(1152 1153 1177 1176)
4(1176 1177 1201 1200)
4(1200 1201 1225 1224)
4(1224 1225 1249 1248)
4(407 408 849 848)
4(848 849 872 871)
4(871 872 895 894)
4(894 895 918 917)
4(917 918 941 940)
4(940 941 964 963)
4(963 964 987 986)
4(986 987 1010 1009)
4(1009 1010 1034 1033)
4(1033 1034 1058 1057)
4(1057 1058 1082 1081)
4(1081 1082 1106 1105)
4(1105 1106 1130 1129)
4(1129 1130 1154 1153)
4(1153 1154 1178 1177)
4(1177 1178 1202 1201)
4(1201 1202 1226 1225)
4(408 409 850 849)
4(849 850 873 872)
4(872 873 896 895)
4(895 896 919 918)
4(918 919 942 941)
4(941 942 965 964)
4(964 965 988 987)
4(987 988 1011 1010)
4(1010 1011 1035 1034)
4(1034 1035 1059 1058)
4(1058 1059 1083 1082)
4(1082 1083 1107 1106)
4(1106 1107 1131 1130)
4(1130 1131 1155 1154)
4(1154 1155 1179 1178)
4(1178 1179 1203 1202)
4(1202 1203 1227 1226)
4(409 410 851 850)
4(850 851 874 873)
4(873 874 897 896)
4(896 897 920 919)
4(919 920 943 942)
4(942 943 966 965)
4(965 966 989 988)
4(988 989 1012 1011)
4(1011 1012 1036 1035)
4(1035 1036 1060 1059)
4(1059 1060 1084 1083)
4(1083 1084 1108 1107)
4(1107 1108 1132 1131)
4(1131 1132 1156 1155)
4(1155 1156 1180 1179)
4(1179 1180 1204 1203)
4(1203 1204 1228 1227)
4(410 411 852 851)
4(851 852 875 874)
4(874 875 898 897)
4(897 898 921 920)
4(920 921 944 943)
4(943 944 967 966)
4(966 967 990 989)
4(989 990 1013 1012)
4(1012 1013 1037 1036)
4(1036 1037 1061 1060)
4(1060 1061 1085 1084)
4(1084 1085 1109 1108)
4(1108 1109 1133 1132)
4(1132 1133 1157 1156)
4(1156 1157 1181 1180)
4(1180 1181 1205 1204)
4(1204 1205 1229 1228)
4(411 412 853 852)
4(852 853 876 875)
4(875 876 899 898)
4(898 899 922 921)
4(921 922 945 944)
4(944 945 968 967)
4(967 968 991 990)
4(990 991 1014 1013)
4(1013 1014 1038 1037)
4(1037 1038 1062 1061)
4(1061 1062 1086 1085)
4(1085 1086 1110 1109)
4(1109 1110 1134 1133)
4(1133 1134 1158 1157)
4(1157 1158 1182 1181)
4(1181 1182 1206 1205)
4(1205 1206 1230 1229)
4(412 413 854 853)
4(853 854 877 876)
4(876 877 900 899)
4(899 900 923 922)
4(922 923 946 945)
4(945 946 969 968)
4(968 969 992 991)
4(991 992 1015 1014)
4(1014 1015 1039 1038)
4(1038 1039 1063 1062)
4(1062 1063 1087 1086)
4(1086 1087 1111 1110)
4(1110 1111 1135 1134)
4(1134 1135 1159 1158)
4(1158 1159 1183 1182)
4(1182 1183 1207 1206)
4(1206 1207 1231 1230)
4(1015 1016 1040 1039)
4(1039 1040 1064 1063)
4(1063 1064 1088 1087)
4(1087 1088 1112 1111)
4(1111 1112 1136 1135)
4(1135 1136 1160 1159)
4(1159 1160 1184 1183)
4(1183 1184 1208 1207)
4(1207 1208 1232 1231)
4(22 45 252 229)
4(45 68 275 252)
4(68 91 298 275)
4(91 114 321 298)
4(114 137 344 321)
4(137 160 367 344)
4(160 183 390 367)
4(183 206 413 390)
4(206 436 854 413)
4(436 459 877 854)
4(459 482 900 877)
4(482 505 923 900)
4(505 528 946 923)
4(528 551 969 946)
4(551 574 992 969)
4(574 597 1015 992)
4(597 598 1016 1015)
4(598 622 1040 1016)
4(622 646 1064 1040)
4(646 670 1088 1064)
4(670 694 1112 1088)
4(694 718 1136 1112)
4(718 742 1160 1136)
4(742 766 1184 1160)
4(766 790 1208 1184)
4(790 814 1232 1208)
4(807 1225 1226 808)
4(808 1226 1227 809)
4(809 1227 1228 810)
4(810 1228 1229 811)
4(811 1229 1230 812)
4(812 1230 1231 813)
4(813 1231 1232 814)
4(815 1233 1234 816)
4(816 1234 1235 817)
4(817 1235 1236 818)
4(818 1236 1237 819)
4(819 1237 1238 820)
4(820 1238 1239 821)
4(821 1239 1240 822)
4(822 1240 1241 823)
4(823 1241 1242 824)
4(824 1242 1243 825)
4(825 1243 1244 826)
4(826 1244 1245 827)
4(827 1245 1246 828)
4(828 1246 1247 829)
4(829 1247 1248 830)
4(807 831 1249 1225)
4(830 1248 1249 831)
)


// ************************************************************************* //
