/*---------------------------------------------------------------------------*\
| =========                 |                                                 |
| \\      /  F ield         | OpenFOAM: The Open Source CFD Toolbox           |
|  \\    /   O peration     | Version:  1.3                                   |
|   \\  /    A nd           | Web:      http://www.openfoam.org               |
|    \\/     M anipulation  |                                                 |
\*---------------------------------------------------------------------------*/

FoamFile
{
    version 2.0;
    format ascii;

    root "/home/dm2/henry/OpenFOAM/OpenFOAM-1.2/tutorials/interFoam";
    case "damBreak/processor0";
    instance ""constant"";
    local "polyMesh";

    class vectorField;
    object points;
}

// * * * * * * * * * * * * * * * * * * * * * * * * * * * * * * * * * * * * * //


1250
(
(0 0 0)
(0.01269565217 0 0)
(0.02539130435 0 0)
(0.03808695652 0 0)
(0.0507826087 0 0)
(0.06347826087 0 0)
(0.07617391304 0 0)
(0.08886956522 0 0)
(0.1015652174 0 0)
(0.1142608696 0 0)
(0.1269565217 0 0)
(0.1396521739 0 0)
(0.1523478261 0 0)
(0.1650434783 0 0)
(0.1777391304 0 0)
(0.1904347826 0 0)
(0.2031304348 0 0)
(0.215826087 0 0)
(0.2285217391 0 0)
(0.2412173913 0 0)
(0.2539130435 0 0)
(0.2666086957 0 0)
(0.2793043478 0 0)
(0 0.00599987 0)
(0.01269565217 0.00599987 0)
(0.02539130435 0.00599987 0)
(0.03808695652 0.00599987 0)
(0.0507826087 0.00599987 0)
(0.06347826087 0.00599987 0)
(0.07617391304 0.00599987 0)
(0.08886956522 0.00599987 0)
(0.1015652174 0.00599987 0)
(0.1142608696 0.00599987 0)
(0.1269565217 0.00599987 0)
(0.1396521739 0.00599987 0)
(0.1523478261 0.00599987 0)
(0.1650434783 0.00599987 0)
(0.1777391304 0.00599987 0)
(0.1904347826 0.00599987 0)
(0.2031304348 0.00599987 0)
(0.215826087 0.00599987 0)
(0.2285217391 0.00599987 0)
(0.2412173913 0.00599987 0)
(0.2539130435 0.00599987 0)
(0.2666086957 0.00599987 0)
(0.2793043478 0.00599987 0)
(0 0.01199974 0)
(0.01269565217 0.01199974 0)
(0.02539130435 0.01199974 0)
(0.03808695652 0.01199974 0)
(0.0507826087 0.01199974 0)
(0.06347826087 0.01199974 0)
(0.07617391304 0.01199974 0)
(0.08886956522 0.01199974 0)
(0.1015652174 0.01199974 0)
(0.1142608696 0.01199974 0)
(0.1269565217 0.01199974 0)
(0.1396521739 0.01199974 0)
(0.1523478261 0.01199974 0)
(0.1650434783 0.01199974 0)
(0.1777391304 0.01199974 0)
(0.1904347826 0.01199974 0)
(0.2031304348 0.01199974 0)
(0.215826087 0.01199974 0)
(0.2285217391 0.01199974 0)
(0.2412173913 0.01199974 0)
(0.2539130435 0.01199974 0)
(0.2666086957 0.01199974 0)
(0.2793043478 0.01199974 0)
(0 0.01799961 0)
(0.01269565217 0.01799961 0)
(0.02539130435 0.01799961 0)
(0.03808695652 0.01799961 0)
(0.0507826087 0.01799961 0)
(0.06347826087 0.01799961 0)
(0.07617391304 0.01799961 0)
(0.08886956522 0.01799961 0)
(0.1015652174 0.01799961 0)
(0.1142608696 0.01799961 0)
(0.1269565217 0.01799961 0)
(0.1396521739 0.01799961 0)
(0.1523478261 0.01799961 0)
(0.1650434783 0.01799961 0)
(0.1777391304 0.01799961 0)
(0.1904347826 0.01799961 0)
(0.2031304348 0.01799961 0)
(0.215826087 0.01799961 0)
(0.2285217391 0.01799961 0)
(0.2412173913 0.01799961 0)
(0.2539130435 0.01799961 0)
(0.2666086957 0.01799961 0)
(0.2793043478 0.01799961 0)
(0 0.02399948 0)
(0.01269565217 0.02399948 0)
(0.02539130435 0.02399948 0)
(0.03808695652 0.02399948 0)
(0.0507826087 0.02399948 0)
(0.06347826087 0.02399948 0)
(0.07617391304 0.02399948 0)
(0.08886956522 0.02399948 0)
(0.1015652174 0.02399948 0)
(0.1142608696 0.02399948 0)
(0.1269565217 0.02399948 0)
(0.1396521739 0.02399948 0)
(0.1523478261 0.02399948 0)
(0.1650434783 0.02399948 0)
(0.1777391304 0.02399948 0)
(0.1904347826 0.02399948 0)
(0.2031304348 0.02399948 0)
(0.215826087 0.02399948 0)
(0.2285217391 0.02399948 0)
(0.2412173913 0.02399948 0)
(0.2539130435 0.02399948 0)
(0.2666086957 0.02399948 0)
(0.2793043478 0.02399948 0)
(0 0.02999935 0)
(0.01269565217 0.02999935 0)
(0.02539130435 0.02999935 0)
(0.03808695652 0.02999935 0)
(0.0507826087 0.02999935 0)
(0.06347826087 0.02999935 0)
(0.07617391304 0.02999935 0)
(0.08886956522 0.02999935 0)
(0.1015652174 0.02999935 0)
(0.1142608696 0.02999935 0)
(0.1269565217 0.02999935 0)
(0.1396521739 0.02999935 0)
(0.1523478261 0.02999935 0)
(0.1650434783 0.02999935 0)
(0.1777391304 0.02999935 0)
(0.1904347826 0.02999935 0)
(0.2031304348 0.02999935 0)
(0.215826087 0.02999935 0)
(0.2285217391 0.02999935 0)
(0.2412173913 0.02999935 0)
(0.2539130435 0.02999935 0)
(0.2666086957 0.02999935 0)
(0.2793043478 0.02999935 0)
(0 0.03599922 0)
(0.01269565217 0.03599922 0)
(0.02539130435 0.03599922 0)
(0.03808695652 0.03599922 0)
(0.0507826087 0.03599922 0)
(0.06347826087 0.03599922 0)
(0.07617391304 0.03599922 0)
(0.08886956522 0.03599922 0)
(0.1015652174 0.03599922 0)
(0.1142608696 0.03599922 0)
(0.1269565217 0.03599922 0)
(0.1396521739 0.03599922 0)
(0.1523478261 0.03599922 0)
(0.1650434783 0.03599922 0)
(0.1777391304 0.03599922 0)
(0.1904347826 0.03599922 0)
(0.2031304348 0.03599922 0)
(0.215826087 0.03599922 0)
(0.2285217391 0.03599922 0)
(0.2412173913 0.03599922 0)
(0.2539130435 0.03599922 0)
(0.2666086957 0.03599922 0)
(0.2793043478 0.03599922 0)
(0 0.04199909 0)
(0.01269565217 0.04199909 0)
(0.02539130435 0.04199909 0)
(0.03808695652 0.04199909 0)
(0.0507826087 0.04199909 0)
(0.06347826087 0.04199909 0)
(0.07617391304 0.04199909 0)
(0.08886956522 0.04199909 0)
(0.1015652174 0.04199909 0)
(0.1142608696 0.04199909 0)
(0.1269565217 0.04199909 0)
(0.1396521739 0.04199909 0)
(0.1523478261 0.04199909 0)
(0.1650434783 0.04199909 0)
(0.1777391304 0.04199909 0)
(0.1904347826 0.04199909 0)
(0.2031304348 0.04199909 0)
(0.215826087 0.04199909 0)
(0.2285217391 0.04199909 0)
(0.2412173913 0.04199909 0)
(0.2539130435 0.04199909 0)
(0.2666086957 0.04199909 0)
(0.2793043478 0.04199909 0)
(0 0.04799896 0)
(0.01269565217 0.04799896 0)
(0.02539130435 0.04799896 0)
(0.03808695652 0.04799896 0)
(0.0507826087 0.04799896 0)
(0.06347826087 0.04799896 0)
(0.07617391304 0.04799896 0)
(0.08886956522 0.04799896 0)
(0.1015652174 0.04799896 0)
(0.1142608696 0.04799896 0)
(0.1269565217 0.04799896 0)
(0.1396521739 0.04799896 0)
(0.1523478261 0.04799896 0)
(0.1650434783 0.04799896 0)
(0.1777391304 0.04799896 0)
(0.1904347826 0.04799896 0)
(0.2031304348 0.04799896 0)
(0.215826087 0.04799896 0)
(0.2285217391 0.04799896 0)
(0.2412173913 0.04799896 0)
(0.2539130435 0.04799896 0)
(0.2666086957 0.04799896 0)
(0.2793043478 0.04799896 0)
(0 0 0.0146)
(0.01269565217 0 0.0146)
(0.02539130435 0 0.0146)
(0.03808695652 0 0.0146)
(0.0507826087 0 0.0146)
(0.06347826087 0 0.0146)
(0.07617391304 0 0.0146)
(0.08886956522 0 0.0146)
(0.1015652174 0 0.0146)
(0.1142608696 0 0.0146)
(0.1269565217 0 0.0146)
(0.1396521739 0 0.0146)
(0.1523478261 0 0.0146)
(0.1650434783 0 0.0146)
(0.1777391304 0 0.0146)
(0.1904347826 0 0.0146)
(0.2031304348 0 0.0146)
(0.215826087 0 0.0146)
(0.2285217391 0 0.0146)
(0.2412173913 0 0.0146)
(0.2539130435 0 0.0146)
(0.2666086957 0 0.0146)
(0.2793043478 0 0.0146)
(0 0.00599987 0.0146)
(0.01269565217 0.00599987 0.0146)
(0.02539130435 0.00599987 0.0146)
(0.03808695652 0.00599987 0.0146)
(0.0507826087 0.00599987 0.0146)
(0.06347826087 0.00599987 0.0146)
(0.07617391304 0.00599987 0.0146)
(0.08886956522 0.00599987 0.0146)
(0.1015652174 0.00599987 0.0146)
(0.1142608696 0.00599987 0.0146)
(0.1269565217 0.00599987 0.0146)
(0.1396521739 0.00599987 0.0146)
(0.1523478261 0.00599987 0.0146)
(0.1650434783 0.00599987 0.0146)
(0.1777391304 0.00599987 0.0146)
(0.1904347826 0.00599987 0.0146)
(0.2031304348 0.00599987 0.0146)
(0.215826087 0.00599987 0.0146)
(0.2285217391 0.00599987 0.0146)
(0.2412173913 0.00599987 0.0146)
(0.2539130435 0.00599987 0.0146)
(0.2666086957 0.00599987 0.0146)
(0.2793043478 0.00599987 0.0146)
(0 0.01199974 0.0146)
(0.01269565217 0.01199974 0.0146)
(0.02539130435 0.01199974 0.0146)
(0.03808695652 0.01199974 0.0146)
(0.0507826087 0.01199974 0.0146)
(0.06347826087 0.01199974 0.0146)
(0.07617391304 0.01199974 0.0146)
(0.08886956522 0.01199974 0.0146)
(0.1015652174 0.01199974 0.0146)
(0.1142608696 0.01199974 0.0146)
(0.1269565217 0.01199974 0.0146)
(0.1396521739 0.01199974 0.0146)
(0.1523478261 0.01199974 0.0146)
(0.1650434783 0.01199974 0.0146)
(0.1777391304 0.01199974 0.0146)
(0.1904347826 0.01199974 0.0146)
(0.2031304348 0.01199974 0.0146)
(0.215826087 0.01199974 0.0146)
(0.2285217391 0.01199974 0.0146)
(0.2412173913 0.01199974 0.0146)
(0.2539130435 0.01199974 0.0146)
(0.2666086957 0.01199974 0.0146)
(0.2793043478 0.01199974 0.0146)
(0 0.01799961 0.0146)
(0.01269565217 0.01799961 0.0146)
(0.02539130435 0.01799961 0.0146)
(0.03808695652 0.01799961 0.0146)
(0.0507826087 0.01799961 0.0146)
(0.06347826087 0.01799961 0.0146)
(0.07617391304 0.01799961 0.0146)
(0.08886956522 0.01799961 0.0146)
(0.1015652174 0.01799961 0.0146)
(0.1142608696 0.01799961 0.0146)
(0.1269565217 0.01799961 0.0146)
(0.1396521739 0.01799961 0.0146)
(0.1523478261 0.01799961 0.0146)
(0.1650434783 0.01799961 0.0146)
(0.1777391304 0.01799961 0.0146)
(0.1904347826 0.01799961 0.0146)
(0.2031304348 0.01799961 0.0146)
(0.215826087 0.01799961 0.0146)
(0.2285217391 0.01799961 0.0146)
(0.2412173913 0.01799961 0.0146)
(0.2539130435 0.01799961 0.0146)
(0.2666086957 0.01799961 0.0146)
(0.2793043478 0.01799961 0.0146)
(0 0.02399948 0.0146)
(0.01269565217 0.02399948 0.0146)
(0.02539130435 0.02399948 0.0146)
(0.03808695652 0.02399948 0.0146)
(0.0507826087 0.02399948 0.0146)
(0.06347826087 0.02399948 0.0146)
(0.07617391304 0.02399948 0.0146)
(0.08886956522 0.02399948 0.0146)
(0.1015652174 0.02399948 0.0146)
(0.1142608696 0.02399948 0.0146)
(0.1269565217 0.02399948 0.0146)
(0.1396521739 0.02399948 0.0146)
(0.1523478261 0.02399948 0.0146)
(0.1650434783 0.02399948 0.0146)
(0.1777391304 0.02399948 0.0146)
(0.1904347826 0.02399948 0.0146)
(0.2031304348 0.02399948 0.0146)
(0.215826087 0.02399948 0.0146)
(0.2285217391 0.02399948 0.0146)
(0.2412173913 0.02399948 0.0146)
(0.2539130435 0.02399948 0.0146)
(0.2666086957 0.02399948 0.0146)
(0.2793043478 0.02399948 0.0146)
(0 0.02999935 0.0146)
(0.01269565217 0.02999935 0.0146)
(0.02539130435 0.02999935 0.0146)
(0.03808695652 0.02999935 0.0146)
(0.0507826087 0.02999935 0.0146)
(0.06347826087 0.02999935 0.0146)
(0.07617391304 0.02999935 0.0146)
(0.08886956522 0.02999935 0.0146)
(0.1015652174 0.02999935 0.0146)
(0.1142608696 0.02999935 0.0146)
(0.1269565217 0.02999935 0.0146)
(0.1396521739 0.02999935 0.0146)
(0.1523478261 0.02999935 0.0146)
(0.1650434783 0.02999935 0.0146)
(0.1777391304 0.02999935 0.0146)
(0.1904347826 0.02999935 0.0146)
(0.2031304348 0.02999935 0.0146)
(0.215826087 0.02999935 0.0146)
(0.2285217391 0.02999935 0.0146)
(0.2412173913 0.02999935 0.0146)
(0.2539130435 0.02999935 0.0146)
(0.2666086957 0.02999935 0.0146)
(0.2793043478 0.02999935 0.0146)
(0 0.03599922 0.0146)
(0.01269565217 0.03599922 0.0146)
(0.02539130435 0.03599922 0.0146)
(0.03808695652 0.03599922 0.0146)
(0.0507826087 0.03599922 0.0146)
(0.06347826087 0.03599922 0.0146)
(0.07617391304 0.03599922 0.0146)
(0.08886956522 0.03599922 0.0146)
(0.1015652174 0.03599922 0.0146)
(0.1142608696 0.03599922 0.0146)
(0.1269565217 0.03599922 0.0146)
(0.1396521739 0.03599922 0.0146)
(0.1523478261 0.03599922 0.0146)
(0.1650434783 0.03599922 0.0146)
(0.1777391304 0.03599922 0.0146)
(0.1904347826 0.03599922 0.0146)
(0.2031304348 0.03599922 0.0146)
(0.215826087 0.03599922 0.0146)
(0.2285217391 0.03599922 0.0146)
(0.2412173913 0.03599922 0.0146)
(0.2539130435 0.03599922 0.0146)
(0.2666086957 0.03599922 0.0146)
(0.2793043478 0.03599922 0.0146)
(0 0.04199909 0.0146)
(0.01269565217 0.04199909 0.0146)
(0.02539130435 0.04199909 0.0146)
(0.03808695652 0.04199909 0.0146)
(0.0507826087 0.04199909 0.0146)
(0.06347826087 0.04199909 0.0146)
(0.07617391304 0.04199909 0.0146)
(0.08886956522 0.04199909 0.0146)
(0.1015652174 0.04199909 0.0146)
(0.1142608696 0.04199909 0.0146)
(0.1269565217 0.04199909 0.0146)
(0.1396521739 0.04199909 0.0146)
(0.1523478261 0.04199909 0.0146)
(0.1650434783 0.04199909 0.0146)
(0.1777391304 0.04199909 0.0146)
(0.1904347826 0.04199909 0.0146)
(0.2031304348 0.04199909 0.0146)
(0.215826087 0.04199909 0.0146)
(0.2285217391 0.04199909 0.0146)
(0.2412173913 0.04199909 0.0146)
(0.2539130435 0.04199909 0.0146)
(0.2666086957 0.04199909 0.0146)
(0.2793043478 0.04199909 0.0146)
(0 0.04799896 0.0146)
(0.01269565217 0.04799896 0.0146)
(0.02539130435 0.04799896 0.0146)
(0.03808695652 0.04799896 0.0146)
(0.0507826087 0.04799896 0.0146)
(0.06347826087 0.04799896 0.0146)
(0.07617391304 0.04799896 0.0146)
(0.08886956522 0.04799896 0.0146)
(0.1015652174 0.04799896 0.0146)
(0.1142608696 0.04799896 0.0146)
(0.1269565217 0.04799896 0.0146)
(0.1396521739 0.04799896 0.0146)
(0.1523478261 0.04799896 0.0146)
(0.1650434783 0.04799896 0.0146)
(0.1777391304 0.04799896 0.0146)
(0.1904347826 0.04799896 0.0146)
(0.2031304348 0.04799896 0.0146)
(0.215826087 0.04799896 0.0146)
(0.2285217391 0.04799896 0.0146)
(0.2412173913 0.04799896 0.0146)
(0.2539130435 0.04799896 0.0146)
(0.2666086957 0.04799896 0.0146)
(0.2793043478 0.04799896 0.0146)
(0 0.06076088952 0)
(0.01269565217 0.06076088952 0)
(0.02539130435 0.06076088952 0)
(0.03808695652 0.06076088952 0)
(0.0507826087 0.06076088952 0)
(0.06347826087 0.06076088952 0)
(0.07617391304 0.06076088952 0)
(0.08886956522 0.06076088952 0)
(0.1015652174 0.06076088952 0)
(0.1142608696 0.06076088952 0)
(0.1269565217 0.06076088952 0)
(0.1396521739 0.06076088952 0)
(0.1523478261 0.06076088952 0)
(0.1650434783 0.06076088952 0)
(0.1777391304 0.06076088952 0)
(0.1904347826 0.06076088952 0)
(0.2031304348 0.06076088952 0)
(0.215826087 0.06076088952 0)
(0.2285217391 0.06076088952 0)
(0.2412173913 0.06076088952 0)
(0.2539130435 0.06076088952 0)
(0.2666086957 0.06076088952 0)
(0.2793043478 0.06076088952 0)
(0 0.07352281905 0)
(0.01269565217 0.07352281905 0)
(0.02539130435 0.07352281905 0)
(0.03808695652 0.07352281905 0)
(0.0507826087 0.07352281905 0)
(0.06347826087 0.07352281905 0)
(0.07617391304 0.07352281905 0)
(0.08886956522 0.07352281905 0)
(0.1015652174 0.07352281905 0)
(0.1142608696 0.07352281905 0)
(0.1269565217 0.07352281905 0)
(0.1396521739 0.07352281905 0)
(0.1523478261 0.07352281905 0)
(0.1650434783 0.07352281905 0)
(0.1777391304 0.07352281905 0)
(0.1904347826 0.07352281905 0)
(0.2031304348 0.07352281905 0)
(0.215826087 0.07352281905 0)
(0.2285217391 0.07352281905 0)
(0.2412173913 0.07352281905 0)
(0.2539130435 0.07352281905 0)
(0.2666086957 0.07352281905 0)
(0.2793043478 0.07352281905 0)
(0 0.08628474857 0)
(0.01269565217 0.08628474857 0)
(0.02539130435 0.08628474857 0)
(0.03808695652 0.08628474857 0)
(0.0507826087 0.08628474857 0)
(0.06347826087 0.08628474857 0)
(0.07617391304 0.08628474857 0)
(0.08886956522 0.08628474857 0)
(0.1015652174 0.08628474857 0)
(0.1142608696 0.08628474857 0)
(0.1269565217 0.08628474857 0)
(0.1396521739 0.08628474857 0)
(0.1523478261 0.08628474857 0)
(0.1650434783 0.08628474857 0)
(0.1777391304 0.08628474857 0)
(0.1904347826 0.08628474857 0)
(0.2031304348 0.08628474857 0)
(0.215826087 0.08628474857 0)
(0.2285217391 0.08628474857 0)
(0.2412173913 0.08628474857 0)
(0.2539130435 0.08628474857 0)
(0.2666086957 0.08628474857 0)
(0.2793043478 0.08628474857 0)
(0 0.0990466781 0)
(0.01269565217 0.0990466781 0)
(0.02539130435 0.0990466781 0)
(0.03808695652 0.0990466781 0)
(0.0507826087 0.0990466781 0)
(0.06347826087 0.0990466781 0)
(0.07617391304 0.0990466781 0)
(0.08886956522 0.0990466781 0)
(0.1015652174 0.0990466781 0)
(0.1142608696 0.0990466781 0)
(0.1269565217 0.0990466781 0)
(0.1396521739 0.0990466781 0)
(0.1523478261 0.0990466781 0)
(0.1650434783 0.0990466781 0)
(0.1777391304 0.0990466781 0)
(0.1904347826 0.0990466781 0)
(0.2031304348 0.0990466781 0)
(0.215826087 0.0990466781 0)
(0.2285217391 0.0990466781 0)
(0.2412173913 0.0990466781 0)
(0.2539130435 0.0990466781 0)
(0.2666086957 0.0990466781 0)
(0.2793043478 0.0990466781 0)
(0 0.1118086076 0)
(0.01269565217 0.1118086076 0)
(0.02539130435 0.1118086076 0)
(0.03808695652 0.1118086076 0)
(0.0507826087 0.1118086076 0)
(0.06347826087 0.1118086076 0)
(0.07617391304 0.1118086076 0)
(0.08886956522 0.1118086076 0)
(0.1015652174 0.1118086076 0)
(0.1142608696 0.1118086076 0)
(0.1269565217 0.1118086076 0)
(0.1396521739 0.1118086076 0)
(0.1523478261 0.1118086076 0)
(0.1650434783 0.1118086076 0)
(0.1777391304 0.1118086076 0)
(0.1904347826 0.1118086076 0)
(0.2031304348 0.1118086076 0)
(0.215826087 0.1118086076 0)
(0.2285217391 0.1118086076 0)
(0.2412173913 0.1118086076 0)
(0.2539130435 0.1118086076 0)
(0.2666086957 0.1118086076 0)
(0.2793043478 0.1118086076 0)
(0 0.1245705371 0)
(0.01269565217 0.1245705371 0)
(0.02539130435 0.1245705371 0)
(0.03808695652 0.1245705371 0)
(0.0507826087 0.1245705371 0)
(0.06347826087 0.1245705371 0)
(0.07617391304 0.1245705371 0)
(0.08886956522 0.1245705371 0)
(0.1015652174 0.1245705371 0)
(0.1142608696 0.1245705371 0)
(0.1269565217 0.1245705371 0)
(0.1396521739 0.1245705371 0)
(0.1523478261 0.1245705371 0)
(0.1650434783 0.1245705371 0)
(0.1777391304 0.1245705371 0)
(0.1904347826 0.1245705371 0)
(0.2031304348 0.1245705371 0)
(0.215826087 0.1245705371 0)
(0.2285217391 0.1245705371 0)
(0.2412173913 0.1245705371 0)
(0.2539130435 0.1245705371 0)
(0.2666086957 0.1245705371 0)
(0.2793043478 0.1245705371 0)
(0 0.1373324667 0)
(0.01269565217 0.1373324667 0)
(0.02539130435 0.1373324667 0)
(0.03808695652 0.1373324667 0)
(0.0507826087 0.1373324667 0)
(0.06347826087 0.1373324667 0)
(0.07617391304 0.1373324667 0)
(0.08886956522 0.1373324667 0)
(0.1015652174 0.1373324667 0)
(0.1142608696 0.1373324667 0)
(0.1269565217 0.1373324667 0)
(0.1396521739 0.1373324667 0)
(0.1523478261 0.1373324667 0)
(0.1650434783 0.1373324667 0)
(0.1777391304 0.1373324667 0)
(0.1904347826 0.1373324667 0)
(0.2031304348 0.1373324667 0)
(0.215826087 0.1373324667 0)
(0.2285217391 0.1373324667 0)
(0.2412173913 0.1373324667 0)
(0.2539130435 0.1373324667 0)
(0.2666086957 0.1373324667 0)
(0.2793043478 0.1373324667 0)
(0 0.1500943962 0)
(0.01269565217 0.1500943962 0)
(0.02539130435 0.1500943962 0)
(0.03808695652 0.1500943962 0)
(0.0507826087 0.1500943962 0)
(0.06347826087 0.1500943962 0)
(0.07617391304 0.1500943962 0)
(0.08886956522 0.1500943962 0)
(0.1015652174 0.1500943962 0)
(0.1142608696 0.1500943962 0)
(0.1269565217 0.1500943962 0)
(0.1396521739 0.1500943962 0)
(0.1523478261 0.1500943962 0)
(0.1650434783 0.1500943962 0)
(0.1777391304 0.1500943962 0)
(0.1904347826 0.1500943962 0)
(0.2031304348 0.1500943962 0)
(0.215826087 0.1500943962 0)
(0.2285217391 0.1500943962 0)
(0.2412173913 0.1500943962 0)
(0.2539130435 0.1500943962 0)
(0.2666086957 0.1500943962 0)
(0.2793043478 0.1500943962 0)
(0.292 0.1500943962 0)
(0 0.1628563257 0)
(0.01269565217 0.1628563257 0)
(0.02539130435 0.1628563257 0)
(0.03808695652 0.1628563257 0)
(0.0507826087 0.1628563257 0)
(0.06347826087 0.1628563257 0)
(0.07617391304 0.1628563257 0)
(0.08886956522 0.1628563257 0)
(0.1015652174 0.1628563257 0)
(0.1142608696 0.1628563257 0)
(0.1269565217 0.1628563257 0)
(0.1396521739 0.1628563257 0)
(0.1523478261 0.1628563257 0)
(0.1650434783 0.1628563257 0)
(0.1777391304 0.1628563257 0)
(0.1904347826 0.1628563257 0)
(0.2031304348 0.1628563257 0)
(0.215826087 0.1628563257 0)
(0.2285217391 0.1628563257 0)
(0.2412173913 0.1628563257 0)
(0.2539130435 0.1628563257 0)
(0.2666086957 0.1628563257 0)
(0.2793043478 0.1628563257 0)
(0.292 0.1628563257 0)
(0 0.1756182552 0)
(0.01269565217 0.1756182552 0)
(0.02539130435 0.1756182552 0)
(0.03808695652 0.1756182552 0)
(0.0507826087 0.1756182552 0)
(0.06347826087 0.1756182552 0)
(0.07617391304 0.1756182552 0)
(0.08886956522 0.1756182552 0)
(0.1015652174 0.1756182552 0)
(0.1142608696 0.1756182552 0)
(0.1269565217 0.1756182552 0)
(0.1396521739 0.1756182552 0)
(0.1523478261 0.1756182552 0)
(0.1650434783 0.1756182552 0)
(0.1777391304 0.1756182552 0)
(0.1904347826 0.1756182552 0)
(0.2031304348 0.1756182552 0)
(0.215826087 0.1756182552 0)
(0.2285217391 0.1756182552 0)
(0.2412173913 0.1756182552 0)
(0.2539130435 0.1756182552 0)
(0.2666086957 0.1756182552 0)
(0.2793043478 0.1756182552 0)
(0.292 0.1756182552 0)
(0 0.1883801848 0)
(0.01269565217 0.1883801848 0)
(0.02539130435 0.1883801848 0)
(0.03808695652 0.1883801848 0)
(0.0507826087 0.1883801848 0)
(0.06347826087 0.1883801848 0)
(0.07617391304 0.1883801848 0)
(0.08886956522 0.1883801848 0)
(0.1015652174 0.1883801848 0)
(0.1142608696 0.1883801848 0)
(0.1269565217 0.1883801848 0)
(0.1396521739 0.1883801848 0)
(0.1523478261 0.1883801848 0)
(0.1650434783 0.1883801848 0)
(0.1777391304 0.1883801848 0)
(0.1904347826 0.1883801848 0)
(0.2031304348 0.1883801848 0)
(0.215826087 0.1883801848 0)
(0.2285217391 0.1883801848 0)
(0.2412173913 0.1883801848 0)
(0.2539130435 0.1883801848 0)
(0.2666086957 0.1883801848 0)
(0.2793043478 0.1883801848 0)
(0.292 0.1883801848 0)
(0 0.2011421143 0)
(0.01269565217 0.2011421143 0)
(0.02539130435 0.2011421143 0)
(0.03808695652 0.2011421143 0)
(0.0507826087 0.2011421143 0)
(0.06347826087 0.2011421143 0)
(0.07617391304 0.2011421143 0)
(0.08886956522 0.2011421143 0)
(0.1015652174 0.2011421143 0)
(0.1142608696 0.2011421143 0)
(0.1269565217 0.2011421143 0)
(0.1396521739 0.2011421143 0)
(0.1523478261 0.2011421143 0)
(0.1650434783 0.2011421143 0)
(0.1777391304 0.2011421143 0)
(0.1904347826 0.2011421143 0)
(0.2031304348 0.2011421143 0)
(0.215826087 0.2011421143 0)
(0.2285217391 0.2011421143 0)
(0.2412173913 0.2011421143 0)
(0.2539130435 0.2011421143 0)
(0.2666086957 0.2011421143 0)
(0.2793043478 0.2011421143 0)
(0.292 0.2011421143 0)
(0 0.2139040438 0)
(0.01269565217 0.2139040438 0)
(0.02539130435 0.2139040438 0)
(0.03808695652 0.2139040438 0)
(0.0507826087 0.2139040438 0)
(0.06347826087 0.2139040438 0)
(0.07617391304 0.2139040438 0)
(0.08886956522 0.2139040438 0)
(0.1015652174 0.2139040438 0)
(0.1142608696 0.2139040438 0)
(0.1269565217 0.2139040438 0)
(0.1396521739 0.2139040438 0)
(0.1523478261 0.2139040438 0)
(0.1650434783 0.2139040438 0)
(0.1777391304 0.2139040438 0)
(0.1904347826 0.2139040438 0)
(0.2031304348 0.2139040438 0)
(0.215826087 0.2139040438 0)
(0.2285217391 0.2139040438 0)
(0.2412173913 0.2139040438 0)
(0.2539130435 0.2139040438 0)
(0.2666086957 0.2139040438 0)
(0.2793043478 0.2139040438 0)
(0.292 0.2139040438 0)
(0 0.2266659733 0)
(0.01269565217 0.2266659733 0)
(0.02539130435 0.2266659733 0)
(0.03808695652 0.2266659733 0)
(0.0507826087 0.2266659733 0)
(0.06347826087 0.2266659733 0)
(0.07617391304 0.2266659733 0)
(0.08886956522 0.2266659733 0)
(0.1015652174 0.2266659733 0)
(0.1142608696 0.2266659733 0)
(0.1269565217 0.2266659733 0)
(0.1396521739 0.2266659733 0)
(0.1523478261 0.2266659733 0)
(0.1650434783 0.2266659733 0)
(0.1777391304 0.2266659733 0)
(0.1904347826 0.2266659733 0)
(0.2031304348 0.2266659733 0)
(0.215826087 0.2266659733 0)
(0.2285217391 0.2266659733 0)
(0.2412173913 0.2266659733 0)
(0.2539130435 0.2266659733 0)
(0.2666086957 0.2266659733 0)
(0.2793043478 0.2266659733 0)
(0.292 0.2266659733 0)
(0 0.2394279029 0)
(0.01269565217 0.2394279029 0)
(0.02539130435 0.2394279029 0)
(0.03808695652 0.2394279029 0)
(0.0507826087 0.2394279029 0)
(0.06347826087 0.2394279029 0)
(0.07617391304 0.2394279029 0)
(0.08886956522 0.2394279029 0)
(0.1015652174 0.2394279029 0)
(0.1142608696 0.2394279029 0)
(0.1269565217 0.2394279029 0)
(0.1396521739 0.2394279029 0)
(0.1523478261 0.2394279029 0)
(0.1650434783 0.2394279029 0)
(0.1777391304 0.2394279029 0)
(0.1904347826 0.2394279029 0)
(0.2031304348 0.2394279029 0)
(0.215826087 0.2394279029 0)
(0.2285217391 0.2394279029 0)
(0.2412173913 0.2394279029 0)
(0.2539130435 0.2394279029 0)
(0.2666086957 0.2394279029 0)
(0.2793043478 0.2394279029 0)
(0.292 0.2394279029 0)
(0 0.2521898324 0)
(0.01269565217 0.2521898324 0)
(0.02539130435 0.2521898324 0)
(0.03808695652 0.2521898324 0)
(0.0507826087 0.2521898324 0)
(0.06347826087 0.2521898324 0)
(0.07617391304 0.2521898324 0)
(0.08886956522 0.2521898324 0)
(0.1015652174 0.2521898324 0)
(0.1142608696 0.2521898324 0)
(0.1269565217 0.2521898324 0)
(0.1396521739 0.2521898324 0)
(0.1523478261 0.2521898324 0)
(0.1650434783 0.2521898324 0)
(0.1777391304 0.2521898324 0)
(0.1904347826 0.2521898324 0)
(0.2031304348 0.2521898324 0)
(0.215826087 0.2521898324 0)
(0.2285217391 0.2521898324 0)
(0.2412173913 0.2521898324 0)
(0.2539130435 0.2521898324 0)
(0.2666086957 0.2521898324 0)
(0.2793043478 0.2521898324 0)
(0.292 0.2521898324 0)
(0 0.2649517619 0)
(0.01269565217 0.2649517619 0)
(0.02539130435 0.2649517619 0)
(0.03808695652 0.2649517619 0)
(0.0507826087 0.2649517619 0)
(0.06347826087 0.2649517619 0)
(0.07617391304 0.2649517619 0)
(0.08886956522 0.2649517619 0)
(0.1015652174 0.2649517619 0)
(0.1142608696 0.2649517619 0)
(0.1269565217 0.2649517619 0)
(0.1396521739 0.2649517619 0)
(0.1523478261 0.2649517619 0)
(0.1650434783 0.2649517619 0)
(0.1777391304 0.2649517619 0)
(0.1904347826 0.2649517619 0)
(0.2031304348 0.2649517619 0)
(0.215826087 0.2649517619 0)
(0.2285217391 0.2649517619 0)
(0.2412173913 0.2649517619 0)
(0.2539130435 0.2649517619 0)
(0.2666086957 0.2649517619 0)
(0.2793043478 0.2649517619 0)
(0.292 0.2649517619 0)
(0 0.2777136914 0)
(0.01269565217 0.2777136914 0)
(0.02539130435 0.2777136914 0)
(0.03808695652 0.2777136914 0)
(0.0507826087 0.2777136914 0)
(0.06347826087 0.2777136914 0)
(0.07617391304 0.2777136914 0)
(0.08886956522 0.2777136914 0)
(0.1015652174 0.2777136914 0)
(0.1142608696 0.2777136914 0)
(0.1269565217 0.2777136914 0)
(0.1396521739 0.2777136914 0)
(0.1523478261 0.2777136914 0)
(0.1650434783 0.2777136914 0)
(0.1777391304 0.2777136914 0)
(0.1904347826 0.2777136914 0)
(0.2031304348 0.2777136914 0)
(0 0.06076088952 0.0146)
(0.01269565217 0.06076088952 0.0146)
(0.02539130435 0.06076088952 0.0146)
(0.03808695652 0.06076088952 0.0146)
(0.0507826087 0.06076088952 0.0146)
(0.06347826087 0.06076088952 0.0146)
(0.07617391304 0.06076088952 0.0146)
(0.08886956522 0.06076088952 0.0146)
(0.1015652174 0.06076088952 0.0146)
(0.1142608696 0.06076088952 0.0146)
(0.1269565217 0.06076088952 0.0146)
(0.1396521739 0.06076088952 0.0146)
(0.1523478261 0.06076088952 0.0146)
(0.1650434783 0.06076088952 0.0146)
(0.1777391304 0.06076088952 0.0146)
(0.1904347826 0.06076088952 0.0146)
(0.2031304348 0.06076088952 0.0146)
(0.215826087 0.06076088952 0.0146)
(0.2285217391 0.06076088952 0.0146)
(0.2412173913 0.06076088952 0.0146)
(0.2539130435 0.06076088952 0.0146)
(0.2666086957 0.06076088952 0.0146)
(0.2793043478 0.06076088952 0.0146)
(0 0.07352281905 0.0146)
(0.01269565217 0.07352281905 0.0146)
(0.02539130435 0.07352281905 0.0146)
(0.03808695652 0.07352281905 0.0146)
(0.0507826087 0.07352281905 0.0146)
(0.06347826087 0.07352281905 0.0146)
(0.07617391304 0.07352281905 0.0146)
(0.08886956522 0.07352281905 0.0146)
(0.1015652174 0.07352281905 0.0146)
(0.1142608696 0.07352281905 0.0146)
(0.1269565217 0.07352281905 0.0146)
(0.1396521739 0.07352281905 0.0146)
(0.1523478261 0.07352281905 0.0146)
(0.1650434783 0.07352281905 0.0146)
(0.1777391304 0.07352281905 0.0146)
(0.1904347826 0.07352281905 0.0146)
(0.2031304348 0.07352281905 0.0146)
(0.215826087 0.07352281905 0.0146)
(0.2285217391 0.07352281905 0.0146)
(0.2412173913 0.07352281905 0.0146)
(0.2539130435 0.07352281905 0.0146)
(0.2666086957 0.07352281905 0.0146)
(0.2793043478 0.07352281905 0.0146)
(0 0.08628474857 0.0146)
(0.01269565217 0.08628474857 0.0146)
(0.02539130435 0.08628474857 0.0146)
(0.03808695652 0.08628474857 0.0146)
(0.0507826087 0.08628474857 0.0146)
(0.06347826087 0.08628474857 0.0146)
(0.07617391304 0.08628474857 0.0146)
(0.08886956522 0.08628474857 0.0146)
(0.1015652174 0.08628474857 0.0146)
(0.1142608696 0.08628474857 0.0146)
(0.1269565217 0.08628474857 0.0146)
(0.1396521739 0.08628474857 0.0146)
(0.1523478261 0.08628474857 0.0146)
(0.1650434783 0.08628474857 0.0146)
(0.1777391304 0.08628474857 0.0146)
(0.1904347826 0.08628474857 0.0146)
(0.2031304348 0.08628474857 0.0146)
(0.215826087 0.08628474857 0.0146)
(0.2285217391 0.08628474857 0.0146)
(0.2412173913 0.08628474857 0.0146)
(0.2539130435 0.08628474857 0.0146)
(0.2666086957 0.08628474857 0.0146)
(0.2793043478 0.08628474857 0.0146)
(0 0.0990466781 0.0146)
(0.01269565217 0.0990466781 0.0146)
(0.02539130435 0.0990466781 0.0146)
(0.03808695652 0.0990466781 0.0146)
(0.0507826087 0.0990466781 0.0146)
(0.06347826087 0.0990466781 0.0146)
(0.07617391304 0.0990466781 0.0146)
(0.08886956522 0.0990466781 0.0146)
(0.1015652174 0.0990466781 0.0146)
(0.1142608696 0.0990466781 0.0146)
(0.1269565217 0.0990466781 0.0146)
(0.1396521739 0.0990466781 0.0146)
(0.1523478261 0.0990466781 0.0146)
(0.1650434783 0.0990466781 0.0146)
(0.1777391304 0.0990466781 0.0146)
(0.1904347826 0.0990466781 0.0146)
(0.2031304348 0.0990466781 0.0146)
(0.215826087 0.0990466781 0.0146)
(0.2285217391 0.0990466781 0.0146)
(0.2412173913 0.0990466781 0.0146)
(0.2539130435 0.0990466781 0.0146)
(0.2666086957 0.0990466781 0.0146)
(0.2793043478 0.0990466781 0.0146)
(0 0.1118086076 0.0146)
(0.01269565217 0.1118086076 0.0146)
(0.02539130435 0.1118086076 0.0146)
(0.03808695652 0.1118086076 0.0146)
(0.0507826087 0.1118086076 0.0146)
(0.06347826087 0.1118086076 0.0146)
(0.07617391304 0.1118086076 0.0146)
(0.08886956522 0.1118086076 0.0146)
(0.1015652174 0.1118086076 0.0146)
(0.1142608696 0.1118086076 0.0146)
(0.1269565217 0.1118086076 0.0146)
(0.1396521739 0.1118086076 0.0146)
(0.1523478261 0.1118086076 0.0146)
(0.1650434783 0.1118086076 0.0146)
(0.1777391304 0.1118086076 0.0146)
(0.1904347826 0.1118086076 0.0146)
(0.2031304348 0.1118086076 0.0146)
(0.215826087 0.1118086076 0.0146)
(0.2285217391 0.1118086076 0.0146)
(0.2412173913 0.1118086076 0.0146)
(0.2539130435 0.1118086076 0.0146)
(0.2666086957 0.1118086076 0.0146)
(0.2793043478 0.1118086076 0.0146)
(0 0.1245705371 0.0146)
(0.01269565217 0.1245705371 0.0146)
(0.02539130435 0.1245705371 0.0146)
(0.03808695652 0.1245705371 0.0146)
(0.0507826087 0.1245705371 0.0146)
(0.06347826087 0.1245705371 0.0146)
(0.07617391304 0.1245705371 0.0146)
(0.08886956522 0.1245705371 0.0146)
(0.1015652174 0.1245705371 0.0146)
(0.1142608696 0.1245705371 0.0146)
(0.1269565217 0.1245705371 0.0146)
(0.1396521739 0.1245705371 0.0146)
(0.1523478261 0.1245705371 0.0146)
(0.1650434783 0.1245705371 0.0146)
(0.1777391304 0.1245705371 0.0146)
(0.1904347826 0.1245705371 0.0146)
(0.2031304348 0.1245705371 0.0146)
(0.215826087 0.1245705371 0.0146)
(0.2285217391 0.1245705371 0.0146)
(0.2412173913 0.1245705371 0.0146)
(0.2539130435 0.1245705371 0.0146)
(0.2666086957 0.1245705371 0.0146)
(0.2793043478 0.1245705371 0.0146)
(0 0.1373324667 0.0146)
(0.01269565217 0.1373324667 0.0146)
(0.02539130435 0.1373324667 0.0146)
(0.03808695652 0.1373324667 0.0146)
(0.0507826087 0.1373324667 0.0146)
(0.06347826087 0.1373324667 0.0146)
(0.07617391304 0.1373324667 0.0146)
(0.08886956522 0.1373324667 0.0146)
(0.1015652174 0.1373324667 0.0146)
(0.1142608696 0.1373324667 0.0146)
(0.1269565217 0.1373324667 0.0146)
(0.1396521739 0.1373324667 0.0146)
(0.1523478261 0.1373324667 0.0146)
(0.1650434783 0.1373324667 0.0146)
(0.1777391304 0.1373324667 0.0146)
(0.1904347826 0.1373324667 0.0146)
(0.2031304348 0.1373324667 0.0146)
(0.215826087 0.1373324667 0.0146)
(0.2285217391 0.1373324667 0.0146)
(0.2412173913 0.1373324667 0.0146)
(0.2539130435 0.1373324667 0.0146)
(0.2666086957 0.1373324667 0.0146)
(0.2793043478 0.1373324667 0.0146)
(0 0.1500943962 0.0146)
(0.01269565217 0.1500943962 0.0146)
(0.02539130435 0.1500943962 0.0146)
(0.03808695652 0.1500943962 0.0146)
(0.0507826087 0.1500943962 0.0146)
(0.06347826087 0.1500943962 0.0146)
(0.07617391304 0.1500943962 0.0146)
(0.08886956522 0.1500943962 0.0146)
(0.1015652174 0.1500943962 0.0146)
(0.1142608696 0.1500943962 0.0146)
(0.1269565217 0.1500943962 0.0146)
(0.1396521739 0.1500943962 0.0146)
(0.1523478261 0.1500943962 0.0146)
(0.1650434783 0.1500943962 0.0146)
(0.1777391304 0.1500943962 0.0146)
(0.1904347826 0.1500943962 0.0146)
(0.2031304348 0.1500943962 0.0146)
(0.215826087 0.1500943962 0.0146)
(0.2285217391 0.1500943962 0.0146)
(0.2412173913 0.1500943962 0.0146)
(0.2539130435 0.1500943962 0.0146)
(0.2666086957 0.1500943962 0.0146)
(0.2793043478 0.1500943962 0.0146)
(0.292 0.1500943962 0.0146)
(0 0.1628563257 0.0146)
(0.01269565217 0.1628563257 0.0146)
(0.02539130435 0.1628563257 0.0146)
(0.03808695652 0.1628563257 0.0146)
(0.0507826087 0.1628563257 0.0146)
(0.06347826087 0.1628563257 0.0146)
(0.07617391304 0.1628563257 0.0146)
(0.08886956522 0.1628563257 0.0146)
(0.1015652174 0.1628563257 0.0146)
(0.1142608696 0.1628563257 0.0146)
(0.1269565217 0.1628563257 0.0146)
(0.1396521739 0.1628563257 0.0146)
(0.1523478261 0.1628563257 0.0146)
(0.1650434783 0.1628563257 0.0146)
(0.1777391304 0.1628563257 0.0146)
(0.1904347826 0.1628563257 0.0146)
(0.2031304348 0.1628563257 0.0146)
(0.215826087 0.1628563257 0.0146)
(0.2285217391 0.1628563257 0.0146)
(0.2412173913 0.1628563257 0.0146)
(0.2539130435 0.1628563257 0.0146)
(0.2666086957 0.1628563257 0.0146)
(0.2793043478 0.1628563257 0.0146)
(0.292 0.1628563257 0.0146)
(0 0.1756182552 0.0146)
(0.01269565217 0.1756182552 0.0146)
(0.02539130435 0.1756182552 0.0146)
(0.03808695652 0.1756182552 0.0146)
(0.0507826087 0.1756182552 0.0146)
(0.06347826087 0.1756182552 0.0146)
(0.07617391304 0.1756182552 0.0146)
(0.08886956522 0.1756182552 0.0146)
(0.1015652174 0.1756182552 0.0146)
(0.1142608696 0.1756182552 0.0146)
(0.1269565217 0.1756182552 0.0146)
(0.1396521739 0.1756182552 0.0146)
(0.1523478261 0.1756182552 0.0146)
(0.1650434783 0.1756182552 0.0146)
(0.1777391304 0.1756182552 0.0146)
(0.1904347826 0.1756182552 0.0146)
(0.2031304348 0.1756182552 0.0146)
(0.215826087 0.1756182552 0.0146)
(0.2285217391 0.1756182552 0.0146)
(0.2412173913 0.1756182552 0.0146)
(0.2539130435 0.1756182552 0.0146)
(0.2666086957 0.1756182552 0.0146)
(0.2793043478 0.1756182552 0.0146)
(0.292 0.1756182552 0.0146)
(0 0.1883801848 0.0146)
(0.01269565217 0.1883801848 0.0146)
(0.02539130435 0.1883801848 0.0146)
(0.03808695652 0.1883801848 0.0146)
(0.0507826087 0.1883801848 0.0146)
(0.06347826087 0.1883801848 0.0146)
(0.07617391304 0.1883801848 0.0146)
(0.08886956522 0.1883801848 0.0146)
(0.1015652174 0.1883801848 0.0146)
(0.1142608696 0.1883801848 0.0146)
(0.1269565217 0.1883801848 0.0146)
(0.1396521739 0.1883801848 0.0146)
(0.1523478261 0.1883801848 0.0146)
(0.1650434783 0.1883801848 0.0146)
(0.1777391304 0.1883801848 0.0146)
(0.1904347826 0.1883801848 0.0146)
(0.2031304348 0.1883801848 0.0146)
(0.215826087 0.1883801848 0.0146)
(0.2285217391 0.1883801848 0.0146)
(0.2412173913 0.1883801848 0.0146)
(0.2539130435 0.1883801848 0.0146)
(0.2666086957 0.1883801848 0.0146)
(0.2793043478 0.1883801848 0.0146)
(0.292 0.1883801848 0.0146)
(0 0.2011421143 0.0146)
(0.01269565217 0.2011421143 0.0146)
(0.02539130435 0.2011421143 0.0146)
(0.03808695652 0.2011421143 0.0146)
(0.0507826087 0.2011421143 0.0146)
(0.06347826087 0.2011421143 0.0146)
(0.07617391304 0.2011421143 0.0146)
(0.08886956522 0.2011421143 0.0146)
(0.1015652174 0.2011421143 0.0146)
(0.1142608696 0.2011421143 0.0146)
(0.1269565217 0.2011421143 0.0146)
(0.1396521739 0.2011421143 0.0146)
(0.1523478261 0.2011421143 0.0146)
(0.1650434783 0.2011421143 0.0146)
(0.1777391304 0.2011421143 0.0146)
(0.1904347826 0.2011421143 0.0146)
(0.2031304348 0.2011421143 0.0146)
(0.215826087 0.2011421143 0.0146)
(0.2285217391 0.2011421143 0.0146)
(0.2412173913 0.2011421143 0.0146)
(0.2539130435 0.2011421143 0.0146)
(0.2666086957 0.2011421143 0.0146)
(0.2793043478 0.2011421143 0.0146)
(0.292 0.2011421143 0.0146)
(0 0.2139040438 0.0146)
(0.01269565217 0.2139040438 0.0146)
(0.02539130435 0.2139040438 0.0146)
(0.03808695652 0.2139040438 0.0146)
(0.0507826087 0.2139040438 0.0146)
(0.06347826087 0.2139040438 0.0146)
(0.07617391304 0.2139040438 0.0146)
(0.08886956522 0.2139040438 0.0146)
(0.1015652174 0.2139040438 0.0146)
(0.1142608696 0.2139040438 0.0146)
(0.1269565217 0.2139040438 0.0146)
(0.1396521739 0.2139040438 0.0146)
(0.1523478261 0.2139040438 0.0146)
(0.1650434783 0.2139040438 0.0146)
(0.1777391304 0.2139040438 0.0146)
(0.1904347826 0.2139040438 0.0146)
(0.2031304348 0.2139040438 0.0146)
(0.215826087 0.2139040438 0.0146)
(0.2285217391 0.2139040438 0.0146)
(0.2412173913 0.2139040438 0.0146)
(0.2539130435 0.2139040438 0.0146)
(0.2666086957 0.2139040438 0.0146)
(0.2793043478 0.2139040438 0.0146)
(0.292 0.2139040438 0.0146)
(0 0.2266659733 0.0146)
(0.01269565217 0.2266659733 0.0146)
(0.02539130435 0.2266659733 0.0146)
(0.03808695652 0.2266659733 0.0146)
(0.0507826087 0.2266659733 0.0146)
(0.06347826087 0.2266659733 0.0146)
(0.07617391304 0.2266659733 0.0146)
(0.08886956522 0.2266659733 0.0146)
(0.1015652174 0.2266659733 0.0146)
(0.1142608696 0.2266659733 0.0146)
(0.1269565217 0.2266659733 0.0146)
(0.1396521739 0.2266659733 0.0146)
(0.1523478261 0.2266659733 0.0146)
(0.1650434783 0.2266659733 0.0146)
(0.1777391304 0.2266659733 0.0146)
(0.1904347826 0.2266659733 0.0146)
(0.2031304348 0.2266659733 0.0146)
(0.215826087 0.2266659733 0.0146)
(0.2285217391 0.2266659733 0.0146)
(0.2412173913 0.2266659733 0.0146)
(0.2539130435 0.2266659733 0.0146)
(0.2666086957 0.2266659733 0.0146)
(0.2793043478 0.2266659733 0.0146)
(0.292 0.2266659733 0.0146)
(0 0.2394279029 0.0146)
(0.01269565217 0.2394279029 0.0146)
(0.02539130435 0.2394279029 0.0146)
(0.03808695652 0.2394279029 0.0146)
(0.0507826087 0.2394279029 0.0146)
(0.06347826087 0.2394279029 0.0146)
(0.07617391304 0.2394279029 0.0146)
(0.08886956522 0.2394279029 0.0146)
(0.1015652174 0.2394279029 0.0146)
(0.1142608696 0.2394279029 0.0146)
(0.1269565217 0.2394279029 0.0146)
(0.1396521739 0.2394279029 0.0146)
(0.1523478261 0.2394279029 0.0146)
(0.1650434783 0.2394279029 0.0146)
(0.1777391304 0.2394279029 0.0146)
(0.1904347826 0.2394279029 0.0146)
(0.2031304348 0.2394279029 0.0146)
(0.215826087 0.2394279029 0.0146)
(0.2285217391 0.2394279029 0.0146)
(0.2412173913 0.2394279029 0.0146)
(0.2539130435 0.2394279029 0.0146)
(0.2666086957 0.2394279029 0.0146)
(0.2793043478 0.2394279029 0.0146)
(0.292 0.2394279029 0.0146)
(0 0.2521898324 0.0146)
(0.01269565217 0.2521898324 0.0146)
(0.02539130435 0.2521898324 0.0146)
(0.03808695652 0.2521898324 0.0146)
(0.0507826087 0.2521898324 0.0146)
(0.06347826087 0.2521898324 0.0146)
(0.07617391304 0.2521898324 0.0146)
(0.08886956522 0.2521898324 0.0146)
(0.1015652174 0.2521898324 0.0146)
(0.1142608696 0.2521898324 0.0146)
(0.1269565217 0.2521898324 0.0146)
(0.1396521739 0.2521898324 0.0146)
(0.1523478261 0.2521898324 0.0146)
(0.1650434783 0.2521898324 0.0146)
(0.1777391304 0.2521898324 0.0146)
(0.1904347826 0.2521898324 0.0146)
(0.2031304348 0.2521898324 0.0146)
(0.215826087 0.2521898324 0.0146)
(0.2285217391 0.2521898324 0.0146)
(0.2412173913 0.2521898324 0.0146)
(0.2539130435 0.2521898324 0.0146)
(0.2666086957 0.2521898324 0.0146)
(0.2793043478 0.2521898324 0.0146)
(0.292 0.2521898324 0.0146)
(0 0.2649517619 0.0146)
(0.01269565217 0.2649517619 0.0146)
(0.02539130435 0.2649517619 0.0146)
(0.03808695652 0.2649517619 0.0146)
(0.0507826087 0.2649517619 0.0146)
(0.06347826087 0.2649517619 0.0146)
(0.07617391304 0.2649517619 0.0146)
(0.08886956522 0.2649517619 0.0146)
(0.1015652174 0.2649517619 0.0146)
(0.1142608696 0.2649517619 0.0146)
(0.1269565217 0.2649517619 0.0146)
(0.1396521739 0.2649517619 0.0146)
(0.1523478261 0.2649517619 0.0146)
(0.1650434783 0.2649517619 0.0146)
(0.1777391304 0.2649517619 0.0146)
(0.1904347826 0.2649517619 0.0146)
(0.2031304348 0.2649517619 0.0146)
(0.215826087 0.2649517619 0.0146)
(0.2285217391 0.2649517619 0.0146)
(0.2412173913 0.2649517619 0.0146)
(0.2539130435 0.2649517619 0.0146)
(0.2666086957 0.2649517619 0.0146)
(0.2793043478 0.2649517619 0.0146)
(0.292 0.2649517619 0.0146)
(0 0.2777136914 0.0146)
(0.01269565217 0.2777136914 0.0146)
(0.02539130435 0.2777136914 0.0146)
(0.03808695652 0.2777136914 0.0146)
(0.0507826087 0.2777136914 0.0146)
(0.06347826087 0.2777136914 0.0146)
(0.07617391304 0.2777136914 0.0146)
(0.08886956522 0.2777136914 0.0146)
(0.1015652174 0.2777136914 0.0146)
(0.1142608696 0.2777136914 0.0146)
(0.1269565217 0.2777136914 0.0146)
(0.1396521739 0.2777136914 0.0146)
(0.1523478261 0.2777136914 0.0146)
(0.1650434783 0.2777136914 0.0146)
(0.1777391304 0.2777136914 0.0146)
(0.1904347826 0.2777136914 0.0146)
(0.2031304348 0.2777136914 0.0146)
)


// ************************************************************************* //
