Time	(2 1 1)	
0.2	5.06243e-05	
0.4	4.26934e-05	
0.6	6.92026e-05	
0.8	8.83137e-05	
1	0.00010539	
1.2	0.000121739	
1.4	0.00013711	
1.6	0.000154537	
1.8	0.00017133	
2	0.000180175	
2.2	0.000182825	
2.4	0.000186186	
2.6	0.00017905	
2.8	0.000178675	
3	0.000165454	
3.2	0.00014851	
3.4	0.000124692	
3.6	0.000101175	
3.8	7.63732e-05	
4	5.52624e-05	
4.2	1.53194e-05	
4.4	-1.90776e-05	
4.6	-3.70337e-05	
4.8	-6.45637e-05	
5	-9.21178e-05	
5.2	-0.000107784	
5.4	-0.000120349	
5.6	-0.000127434	
5.8	-0.00013512	
6	-0.000135399	
6.2	-0.000128811	
6.4	-0.000122018	
6.6	-0.000112165	
6.8	-9.67807e-05	
7	-8.20582e-05	
7.2	-6.63541e-05	
7.4	-5.45403e-05	
7.6	-4.35601e-05	
7.8	-2.43124e-05	
8	-1.2751e-05	
8.2	-6.72664e-06	
8.4	-1.30934e-07	
8.6	1.24926e-05	
8.8	1.14589e-05	
9	1.06818e-05	
9.2	5.28733e-06	
9.4	2.05214e-06	
9.6	-6.84885e-06	
9.8	-1.5221e-05	
10	-3.31261e-05	
10.2	-4.37215e-05	
10.4	-5.88242e-05	
10.6	-6.9438e-05	
10.8	-8.87777e-05	
11	-9.86775e-05	
11.2	-0.000112486	
11.4	-0.000122853	
11.6	-0.000134494	
11.8	-0.000130909	
12	-0.000151802	
12.2	-0.000156199	
12.4	-0.000161168	
12.6	-0.000165325	
12.8	-0.00016646	
13	-0.000166773	
13.2	-0.000163814	
13.4	-0.000164546	
13.6	-0.000159038	
13.8	-0.000154747	
14	-0.000151331	
14.2	-0.000144448	
14.4	-0.00013521	
14.6	-0.000122425	
14.8	-0.000114585	
15	-0.000103275	
15.2	-9.48664e-05	
15.4	-9.02044e-05	
15.6	-8.14714e-05	
15.8	-7.11021e-05	
16	-6.73884e-05	
16.2	-6.80246e-05	
16.4	-6.91513e-05	
16.6	-6.82818e-05	
16.8	-7.2724e-05	
17	-8.01195e-05	
17.2	-8.92307e-05	
17.4	-9.00586e-05	
17.6	-0.000103019	
17.8	-0.000109093	
18	-0.000116004	
18.2	-0.00012029	
18.4	-0.000127071	
18.6	-0.000123205	
18.8	-0.00012595	
19	-0.000120952	
19.2	-0.000122117	
19.4	-0.000104908	
19.6	-9.58345e-05	
19.8	-7.9084e-05	
20	-6.68245e-05	
20.2	-5.09613e-05	
20.4	-4.15704e-05	
20.6	-2.2891e-05	
20.8	-7.92924e-06	
21	-8.21641e-06	
21.2	5.57858e-06	
21.4	5.22216e-06	
21.6	6.90389e-06	
21.8	6.98081e-06	
22	6.6145e-07	
22.2	-8.68055e-06	
22.4	-2.09073e-05	
22.6	-1.26359e-05	
22.8	-1.3837e-05	
23	-1.02617e-05	
23.2	-1.88458e-05	
23.4	-1.41275e-05	
23.6	-1.14023e-05	
23.8	-2.97976e-06	
24	5.87431e-06	
24.2	1.19679e-05	
24.4	1.31489e-05	
24.6	2.27432e-05	
24.8	2.84755e-05	
25	3.59992e-05	
25.2	3.66364e-05	
25.4	3.67051e-05	
25.6	3.78255e-05	
25.8	3.54334e-05	
26	3.67027e-05	
26.2	3.38257e-05	
26.4	3.26723e-05	
26.6	3.14355e-05	
26.8	2.363e-05	
27	1.68481e-05	
27.2	2.33684e-05	
27.4	2.71023e-05	
27.6	3.05597e-05	
27.8	3.66893e-05	
28	4.08633e-05	
28.2	5.05331e-05	
28.4	5.51104e-05	
28.6	7.27904e-05	
28.8	7.21467e-05	
29	8.61437e-05	
29.2	8.76641e-05	
29.4	9.90175e-05	
29.6	0.000104146	
29.8	0.000104989	
30	9.95805e-05	
30.2	0.000100599	
30.4	0.000106722	
30.6	9.21403e-05	
30.8	7.55687e-05	
31	7.07466e-05	
31.2	6.54071e-05	
31.4	5.07731e-05	
31.6	3.49101e-05	
31.8	2.60458e-05	
32	1.56975e-05	
32.2	-7.03893e-06	
32.4	8.43213e-07	
32.6	3.44393e-07	
32.8	1.48915e-07	
33	-4.88315e-07	
33.2	5.3658e-06	
33.4	-1.76539e-06	
33.6	-9.07256e-06	
33.8	-1.45196e-06	
34	7.96636e-06	
34.2	6.63971e-06	
34.4	6.48211e-06	
34.6	1.45177e-05	
34.8	3.76551e-05	
35	3.86146e-05	
35.2	5.79563e-05	
35.4	7.53523e-05	
35.6	0.000100138	
35.8	0.000125783	
36	0.000141784	
36.2	0.000165663	
36.4	0.00019132	
36.6	0.000211776	
36.8	0.000224291	
37	0.000244662	
37.2	0.000247494	
37.4	0.00024945	
37.6	0.000246302	
37.8	0.000244218	
38	0.000231374	
38.2	0.00021341	
38.4	0.000202163	
38.6	0.000181706	
38.8	0.000163142	
39	0.00015537	
39.2	0.000135206	
39.4	0.000120848	
39.6	0.000105835	
39.8	9.36845e-05	
40	9.56268e-05	
40.2	8.90023e-05	
40.4	8.46153e-05	
40.6	8.43002e-05	
40.8	8.8068e-05	
41	9.32211e-05	
41.2	9.39708e-05	
41.4	0.000102354	
41.6	0.000103734	
41.8	0.00010802	
42	0.00011478	
42.2	0.000118219	
42.4	0.000114603	
42.6	0.000114792	
42.8	0.000110648	
43	0.000107943	
43.2	9.74013e-05	
43.4	8.87512e-05	
43.6	7.80223e-05	
43.8	6.89869e-05	
44	5.69505e-05	
44.2	4.95238e-05	
44.4	4.57396e-05	
44.6	4.20508e-05	
44.8	4.32403e-05	
45	4.32957e-05	
45.2	4.45418e-05	
45.4	5.14287e-05	
45.6	5.36645e-05	
45.8	5.76825e-05	
46	6.07759e-05	
46.2	6.12046e-05	
46.4	5.75974e-05	
46.6	5.13901e-05	
46.8	4.43112e-05	
47	4.12227e-05	
47.2	3.39066e-05	
47.4	2.51744e-05	
47.6	1.31811e-05	
47.8	5.67989e-06	
48	-4.9249e-06	
48.2	-9.19096e-06	
48.4	-2.443e-05	
48.6	-3.23055e-05	
48.8	-4.72808e-05	
49	-5.89155e-05	
49.2	-7.09107e-05	
49.4	-7.70505e-05	
49.6	-8.41523e-05	
49.8	-0.000100311	
50	-0.000104	
50.2	-0.00011906	
50.4	-0.000121758	
50.6	-0.000141079	
50.8	-0.000146657	
51	-0.000164193	
51.2	-0.00017096	
51.4	-0.000181182	
51.6	-0.000190099	
51.8	-0.000198871	
52	-0.000211792	
52.2	-0.000217083	
52.4	-0.000223778	
52.6	-0.000216694	
52.8	-0.000241757	
53	-0.00024266	
53.2	-0.000249402	
53.4	-0.000254573	
53.6	-0.000262382	
53.8	-0.000258133	
54	-0.000255271	
54.2	-0.000254812	
54.4	-0.0002583	
54.6	-0.000250679	
54.8	-0.000247836	
55	-0.000247421	
55.2	-0.000247716	
55.4	-0.000238706	
55.6	-0.000236794	
55.8	-0.000224849	
56	-0.000230095	
56.2	-0.000233136	
56.4	-0.000232956	
56.6	-0.00023131	
56.8	-0.000236396	
57	-0.000236675	
57.2	-0.000237904	
57.4	-0.000243143	
57.6	-0.000241214	
57.8	-0.000242053	
58	-0.000242401	
58.2	-0.000242861	
58.4	-0.000227429	
58.6	-0.000218101	
58.8	-0.000214337	
59	-0.00020028	
59.2	-0.000182045	
59.4	-0.000172198	
59.6	-0.000158353	
59.8	-0.000147139	
60	-0.000136206	
60.2	-0.000142366	
60.4	-0.000119326	
60.6	-0.000118326	
60.8	-0.000113704	
61	-0.000110908	
61.2	-0.000110155	
61.4	-0.000111538	
61.6	-0.000107401	
61.8	-0.000107572	
62	-0.00010596	
62.2	-9.84998e-05	
62.4	-9.22363e-05	
62.6	-8.55944e-05	
62.8	-8.04336e-05	
63	-6.99933e-05	
63.2	-6.93392e-05	
63.4	-5.48288e-05	
63.6	-5.15582e-05	
63.8	-6.10982e-05	
64	-4.56067e-05	
64.2	-1.94038e-05	
64.4	-1.57202e-05	
64.6	-1.57e-05	
64.8	-9.32113e-06	
65	-2.63007e-06	
65.2	-1.99337e-06	
65.4	-3.19323e-07	
65.6	5.48278e-06	
65.8	7.74685e-06	
66	1.07713e-05	
66.2	1.64391e-05	
66.4	2.45938e-05	
66.6	2.44976e-05	
66.8	1.21116e-05	
67	3.27772e-05	
67.2	1.41729e-05	
67.4	8.74963e-06	
67.6	2.25466e-06	
67.8	2.87763e-05	
68	3.30422e-05	
68.2	3.06107e-05	
68.4	4.08036e-05	
68.6	4.55662e-05	
68.8	4.03389e-05	
69	4.83983e-05	
69.2	5.01012e-05	
69.4	5.44639e-05	
69.6	4.49047e-05	
69.8	5.00228e-05	
70	6.0006e-05	
70.2	6.13756e-05	
70.4	6.21492e-05	
70.6	4.7118e-05	
70.8	8.68311e-05	
71	9.28528e-05	
71.2	9.59731e-05	
71.4	0.000100867	
71.6	0.000111242	
71.8	0.000122004	
72	0.00012028	
72.2	0.000121651	
72.4	0.00011773	
72.6	0.000122318	
72.8	0.000126253	
73	0.000100304	
73.2	8.44114e-05	
73.4	7.59806e-05	
73.6	6.55144e-05	
73.8	4.01727e-05	
74	2.61466e-05	
74.2	1.54347e-05	
74.4	1.83907e-06	
74.6	-1.37475e-05	
74.8	-2.7574e-05	
75	-4.02831e-05	
75.2	-5.16445e-05	
75.4	-6.46344e-05	
75.6	-7.59362e-05	
75.8	-9.69095e-05	
76	-0.000108638	
76.2	-0.000121899	
76.4	-0.000129674	
76.6	-0.000146684	
76.8	-0.000161651	
77	-0.000189132	
77.2	-0.000201152	
77.4	-0.000182098	
77.6	-0.000180435	
77.8	-0.00018039	
78	-0.000181893	
78.2	-0.000175789	
78.4	-0.000171636	
78.6	-0.000164965	
78.8	-0.00015948	
79	-0.00015298	
79.2	-0.000147908	
79.4	-0.000138485	
79.6	-0.000131395	
79.8	-0.000127289	
80	-0.000126815	
80.2	-0.000124573	
80.4	-0.000119314	
80.6	-0.000112311	
80.8	-0.000114896	
81	-0.000127172	
81.2	-0.000122684	
81.4	-0.000116842	
81.6	-0.000125516	
81.8	-0.000135816	
82	-0.00013272	
82.2	-0.000139037	
82.4	-0.000152644	
82.6	-0.000160404	
82.8	-0.000166352	
83	-0.000176222	
83.2	-0.000175963	
83.4	-0.000186198	
83.6	-0.000189859	
83.8	-0.000189298	
84	-0.000196788	
84.2	-0.000200693	
84.4	-0.000184284	
84.6	-0.00018374	
84.8	-0.000179417	
85	-0.000172985	
85.2	-0.000156909	
85.4	-0.000149488	
85.6	-0.000139424	
85.8	-0.000127134	
86	-0.000112394	
86.2	-9.35617e-05	
86.4	-7.54479e-05	
86.6	-6.27183e-05	
86.8	-5.06278e-05	
87	-3.38884e-05	
87.2	-2.17268e-05	
87.4	-1.42156e-05	
87.6	-1.44501e-05	
87.8	-2.32693e-05	
88	-2.94504e-05	
88.2	-3.2177e-05	
88.4	-4.56103e-05	
88.6	-8.24066e-05	
88.8	-7.46496e-05	
89	-6.95182e-05	
89.2	-9.24045e-05	
89.4	-8.92725e-05	
89.6	-7.54865e-05	
89.8	-4.03535e-05	
90	-2.87688e-05	
90.2	-9.95274e-06	
90.4	1.14118e-05	
90.6	2.89864e-05	
90.8	4.19675e-05	
91	5.62925e-05	
91.2	6.07049e-05	
91.4	5.64157e-05	
91.6	5.04289e-05	
91.8	3.93922e-05	
92	1.89941e-05	
92.2	-2.39045e-06	
92.4	-1.99543e-05	
92.6	-3.04909e-05	
92.8	-3.80331e-05	
93	-4.74059e-05	
93.2	-5.89808e-05	
93.4	-5.80621e-05	
93.6	-5.18217e-05	
93.8	-4.96897e-05	
94	-4.8451e-05	
94.2	-3.64907e-05	
94.4	-2.8013e-05	
94.6	-2.2757e-05	
94.8	-2.80478e-05	
95	-6.04927e-06	
95.2	-8.74166e-06	
95.4	-8.49505e-07	
95.6	1.33315e-05	
95.8	2.87166e-06	
96	9.60215e-06	
96.2	1.39549e-05	
96.4	1.36522e-05	
96.6	4.59112e-06	
96.8	4.1044e-06	
97	2.31119e-06	
97.2	1.11383e-06	
97.4	-1.00815e-05	
97.6	-1.15964e-05	
97.8	-1.8077e-05	
98	-1.64063e-05	
98.2	-3.33098e-05	
98.4	-3.54128e-05	
98.6	-4.3938e-05	
98.8	-4.78207e-05	
99	-5.34204e-05	
99.2	-5.64639e-05	
99.4	-5.64669e-05	
99.6	-6.04959e-05	
99.8	-6.05906e-05	
100	-5.19587e-05	
100.2	-4.8034e-05	
100.4	-4.80805e-05	
100.6	-3.27521e-05	
100.8	-2.99952e-05	
101	-1.78433e-05	
101.2	-1.31609e-05	
101.4	2.53843e-06	
101.6	1.32733e-05	
101.8	2.10266e-05	
102	2.74099e-05	
102.2	4.08523e-05	
102.4	5.53307e-05	
102.6	6.45381e-05	
102.8	7.33681e-05	
103	9.04421e-05	
103.2	0.000102796	
103.4	0.000117223	
103.6	0.000123991	
103.8	0.000134891	
104	0.000142182	
104.2	0.000143295	
104.4	0.000148093	
104.6	0.00014075	
104.8	0.000140667	
105	0.000135393	
105.2	0.000129812	
105.4	0.000117372	
105.6	0.000120504	
105.8	0.000129566	
106	9.33637e-05	
106.2	9.04747e-05	
106.4	8.63837e-05	
106.6	6.51837e-05	
106.8	5.5266e-05	
107	5.25017e-05	
107.2	4.05197e-05	
107.4	2.6573e-05	
107.6	1.89664e-05	
107.8	7.98129e-06	
108	-4.57001e-06	
108.2	-1.753e-05	
108.4	-2.1267e-05	
108.6	-3.13466e-05	
108.8	-4.01e-05	
109	-4.50924e-05	
109.2	-4.87437e-05	
109.4	-5.35787e-05	
109.6	-7.06832e-05	
109.8	-7.34367e-05	
110	-8.03937e-05	
110.2	-9.19096e-05	
110.4	-0.000102129	
110.6	-0.000109026	
110.8	-0.000123163	
111	-0.000143063	
111.2	-0.000133764	
111.4	-0.000140142	
111.6	-0.00014772	
111.8	-0.000148795	
112	-0.000149392	
112.2	-0.00014666	
112.4	-0.000153975	
112.6	-0.000150209	
112.8	-0.000148078	
113	-0.000153692	
113.2	-0.000158353	
113.4	-0.000155807	
113.6	-0.000151711	
113.8	-0.000157328	
114	-0.000162885	
114.2	-0.000170602	
114.4	-0.000177459	
114.6	-0.000174124	
114.8	-0.000181966	
115	-0.000182328	
115.2	-0.000183649	
115.4	-0.000179765	
115.6	-0.000182963	
115.8	-0.000183438	
116	-0.000184747	
116.2	-0.000183667	
116.4	-0.000185351	
116.6	-0.00017618	
116.8	-0.000175094	
117	-0.000178716	
117.2	-0.000173499	
117.4	-0.000153113	
117.6	-0.000139649	
117.8	-0.000125121	
118	-0.000116676	
118.2	-0.000105189	
118.4	-9.78599e-05	
118.6	-9.65922e-05	
118.8	-9.74771e-05	
119	-0.000107162	
119.2	-0.000112201	
119.4	-0.000122274	
119.6	-0.000135053	
119.8	-0.000151155	
120	-0.000155132	
120.2	-0.000153977	
120.4	-0.000148084	
120.6	-0.00013691	
120.8	-0.000124166	
121	-0.000118502	
121.2	-0.000104892	
121.4	-8.49825e-05	
121.6	-7.53519e-05	
121.8	-8.13462e-05	
122	-8.00035e-05	
122.2	-8.35147e-05	
122.4	-8.14863e-05	
122.6	-8.76647e-05	
122.8	-9.88663e-05	
123	-0.000100711	
123.2	-0.000100797	
123.4	-0.000106271	
123.6	-0.000102875	
123.8	-9.93882e-05	
124	-9.28975e-05	
124.2	-8.71571e-05	
124.4	-8.37617e-05	
124.6	-7.21556e-05	
124.8	-6.94667e-05	
125	-6.17098e-05	
125.2	-6.19303e-05	
125.4	-5.56361e-05	
125.6	-5.64451e-05	
125.8	-5.49597e-05	
126	-5.96267e-05	
126.2	-6.23603e-05	
126.4	-5.44464e-05	
126.6	-6.15445e-05	
126.8	-6.72749e-05	
127	-6.40669e-05	
127.2	-6.85383e-05	
127.4	-7.15704e-05	
127.6	-7.86664e-05	
127.8	-7.81314e-05	
128	-8.0469e-05	
128.2	-8.49769e-05	
128.4	-9.06799e-05	
128.6	-8.76276e-05	
128.8	-8.45003e-05	
129	-9.37762e-05	
129.2	-8.98955e-05	
129.4	-9.45482e-05	
129.6	-9.48004e-05	
129.8	-9.67557e-05	
130	-8.51301e-05	
130.2	-8.48253e-05	
130.4	-8.45689e-05	
130.6	-8.51949e-05	
130.8	-7.97638e-05	
131	-7.77475e-05	
131.2	-7.29059e-05	
131.4	-6.56303e-05	
131.6	-6.12797e-05	
131.8	-5.93385e-05	
132	-3.2447e-05	
132.2	-2.19636e-05	
132.4	-1.12698e-05	
132.6	6.38392e-06	
132.8	1.9955e-05	
133	3.37064e-05	
133.2	5.13741e-05	
133.4	6.59858e-05	
133.6	8.01449e-05	
133.8	8.5838e-05	
134	0.000108182	
134.2	0.000114216	
134.4	0.000127227	
134.6	0.000129541	
134.8	0.000136457	
135	0.000138147	
135.2	0.00014542	
135.4	0.000147682	
135.6	0.000144925	
135.8	0.000141465	
136	0.000152892	
136.2	0.00014471	
136.4	0.000162128	
136.6	0.000162333	
136.8	0.000166405	
137	0.000165615	
137.2	0.000178152	
137.4	0.000179162	
137.6	0.000183041	
137.8	0.000179999	
138	0.000185426	
138.2	0.000187732	
138.4	0.000183296	
138.6	0.000179114	
138.8	0.000176064	
139	0.000174451	
139.2	0.00016823	
139.4	0.000155955	
139.6	0.000150772	
139.8	0.000143883	
140	0.000137225	
140.2	0.000126973	
140.4	0.000117632	
140.6	0.000112783	
140.8	0.00010109	
141	0.000100542	
141.2	8.5239e-05	
141.4	8.58984e-05	
141.6	6.78347e-05	
141.8	6.26705e-05	
142	5.40456e-05	
142.2	4.18545e-05	
142.4	2.84088e-05	
142.6	2.2296e-05	
142.8	1.05213e-05	
143	4.40676e-06	
143.2	-1.2765e-05	
143.4	-2.33626e-05	
143.6	-2.77642e-05	
143.8	-3.70628e-05	
144	-4.47733e-05	
144.2	-5.5227e-05	
144.4	-5.91002e-05	
144.6	-6.51889e-05	
144.8	-7.49663e-05	
145	-8.27849e-05	
145.2	-7.8404e-05	
145.4	-8.20787e-05	
145.6	-9.26794e-05	
145.8	-9.31197e-05	
146	-9.74979e-05	
146.2	-9.95503e-05	
146.4	-0.000107956	
146.6	-0.000113586	
146.8	-0.000118467	
147	-0.000121643	
147.2	-0.000128969	
147.4	-0.00013397	
147.6	-0.000142761	
147.8	-0.000140873	
148	-0.000156638	
148.2	-0.000165366	
148.4	-0.000173446	
148.6	-0.000168929	
148.8	-0.000181013	
149	-0.000187302	
149.2	-0.000188759	
149.4	-0.000195777	
149.6	-0.000188999	
149.8	-0.000183699	
150	-0.000169024	
150.2	-0.000164358	
150.4	-0.000148985	
150.6	-0.000135882	
150.8	-0.00011641	
151	-0.000103398	
151.2	-9.35807e-05	
151.4	-7.38131e-05	
151.6	-7.03138e-05	
151.8	-5.14327e-05	
152	-4.70847e-05	
152.2	-3.83034e-05	
152.4	-3.52207e-05	
152.6	-3.40747e-05	
152.8	-3.59864e-05	
153	-4.00019e-05	
153.2	-5.07797e-05	
153.4	-5.80928e-05	
153.6	-6.28414e-05	
153.8	-8.2167e-05	
154	-9.37875e-05	
154.2	-9.61455e-05	
154.4	-0.000106866	
154.6	-0.000113353	
154.8	-0.000115788	
155	-0.000115066	
155.2	-0.000111267	
155.4	-0.000109263	
155.6	-0.000108112	
155.8	-0.000103839	
156	-9.51757e-05	
156.2	-8.86078e-05	
156.4	-9.95851e-05	
156.6	-9.79944e-05	
156.8	-8.73086e-05	
157	-7.6206e-05	
157.2	-6.88185e-05	
157.4	-5.75798e-05	
157.6	-3.70779e-05	
157.8	-2.12094e-05	
158	-5.75242e-06	
158.2	2.98074e-06	
158.4	1.20536e-05	
158.6	1.25464e-05	
158.8	8.06922e-06	
159	-1.43588e-06	
159.2	-1.02274e-05	
159.4	-2.10505e-05	
159.6	-4.05175e-05	
159.8	-6.64599e-05	
160	-8.98681e-05	
160.2	-0.000120395	
160.4	-0.000101428	
160.6	-7.06808e-05	
160.8	-6.30447e-05	
161	-8.14216e-05	
161.2	-7.39537e-05	
161.4	-8.22754e-05	
161.6	-8.79044e-05	
161.8	-0.000116076	
162	-0.000114609	
162.2	-0.000130946	
162.4	-0.000147749	
162.6	-0.000169492	
162.8	-0.000177321	
163	-0.000185709	
163.2	-0.000196093	
163.4	-0.000202262	
163.6	-0.00019689	
163.8	-0.000189501	
164	-0.000206972	
164.2	-0.000202842	
164.4	-0.000194406	
164.6	-0.000184977	
164.8	-0.000168563	
165	-0.000159767	
165.2	-0.0001451	
165.4	-0.000127584	
165.6	-0.000104327	
165.8	-9.24367e-05	
166	-6.90202e-05	
166.2	-5.34223e-05	
166.4	-3.23336e-05	
166.6	-1.80683e-05	
166.8	-8.45671e-07	
167	5.86772e-06	
167.2	2.25364e-05	
167.4	2.64547e-05	
167.6	4.24877e-05	
167.8	4.88091e-05	
168	5.82682e-05	
168.2	6.35442e-05	
168.4	7.18655e-05	
168.6	7.19784e-05	
168.8	8.13286e-05	
169	8.41625e-05	
169.2	8.6713e-05	
169.4	8.62575e-05	
169.6	8.30155e-05	
169.8	8.10027e-05	
170	7.95204e-05	
170.2	7.07493e-05	
170.4	6.4964e-05	
170.6	7.02766e-05	
170.8	7.71464e-05	
171	7.0696e-05	
171.2	7.26227e-05	
171.4	8.16609e-05	
171.6	9.57577e-05	
171.8	0.000108149	
172	0.00011888	
172.2	0.000135802	
172.4	0.000149771	
172.6	0.000161336	
172.8	0.000169816	
173	0.000173733	
173.2	0.000176949	
173.4	0.000178781	
173.6	0.000178763	
173.8	0.000173661	
174	0.000162553	
174.2	0.000150861	
174.4	0.000142673	
174.6	0.000127294	
174.8	0.000105643	
175	8.67106e-05	
175.2	6.38978e-05	
175.4	4.25238e-05	
175.6	1.39948e-05	
175.8	-1.36236e-05	
176	-3.24209e-05	
176.2	-5.17185e-05	
176.4	-7.08099e-05	
176.6	-0.000103723	
176.8	-0.000108719	
177	-0.000118962	
177.2	-0.000136466	
177.4	-0.000156456	
177.6	-0.000167446	
177.8	-0.000170778	
178	-0.000179314	
178.2	-0.000189327	
178.4	-0.000198937	
178.6	-0.000195216	
178.8	-0.000191549	
179	-0.000182031	
179.2	-0.000184193	
179.4	-0.000182567	
179.6	-0.000175043	
179.8	-0.000177691	
180	-0.000182244	
180.2	-0.000179816	
180.4	-0.000182757	
180.6	-0.000187246	
180.8	-0.000195398	
181	-0.000195335	
181.2	-0.000196323	
181.4	-0.00019613	
181.6	-0.000200105	
181.8	-0.000190186	
182	-0.00018489	
182.2	-0.000176751	
182.4	-0.000171311	
182.6	-0.000158095	
182.8	-0.000142455	
183	-0.00014245	
183.2	-0.000133482	
183.4	-0.000123857	
183.6	-0.000119192	
183.8	-0.00011564	
184	-0.000109757	
184.2	-0.000111395	
184.4	-0.000108665	
184.6	-0.000107665	
184.8	-0.000112338	
185	-0.000115439	
185.2	-0.000110985	
185.4	-0.000115514	
185.6	-0.000117973	
185.8	-0.000112244	
186	-0.000105989	
186.2	-0.000101621	
186.4	-8.88373e-05	
186.6	-7.40934e-05	
186.8	-6.13263e-05	
187	-3.76978e-05	
187.2	-1.5089e-05	
187.4	-4.96439e-06	
187.6	1.71415e-05	
187.8	7.55201e-05	
188	8.86942e-05	
188.2	0.000111691	
188.4	0.000128851	
188.6	0.000154124	
188.8	0.000164542	
189	0.00017398	
189.2	0.000178376	
189.4	0.00018523	
189.6	0.000171606	
189.8	0.000167492	
190	0.000161305	
190.2	0.000145555	
190.4	0.000124956	
190.6	0.000111129	
190.8	9.63111e-05	
191	8.27292e-05	
191.2	6.77175e-05	
191.4	5.84203e-05	
191.6	5.19669e-05	
191.8	3.90222e-05	
192	3.48466e-05	
192.2	2.68702e-05	
192.4	1.79006e-05	
192.6	7.79276e-06	
192.8	6.03613e-07	
193	-1.39721e-05	
193.2	-2.9454e-05	
193.4	-4.53943e-05	
193.6	-6.08448e-05	
193.8	-7.90662e-05	
194	-9.47744e-05	
194.2	-0.000115514	
194.4	-0.000127191	
194.6	-0.000137414	
194.8	-0.000154374	
195	-0.000165979	
195.2	-0.000136404	
195.4	-0.000162812	
195.6	-0.000148547	
195.8	-0.000159902	
196	-0.000137151	
196.2	-0.000129287	
196.4	-0.000106166	
196.6	-9.12905e-05	
196.8	-6.70176e-05	
197	-4.57537e-05	
197.2	-3.15674e-05	
197.4	-1.41229e-05	
197.6	-2.8072e-06	
197.8	5.60378e-06	
198	1.43034e-05	
198.2	1.92854e-05	
198.4	1.32232e-05	
198.6	-4.5128e-06	
198.8	2.14816e-05	
199	1.38777e-05	
199.2	-6.74988e-06	
199.4	1.43185e-06	
199.6	1.86743e-05	
199.8	3.88724e-06	
200	2.68677e-06	
200.2	9.48614e-06	
200.4	1.59517e-05	
200.6	-1.97593e-06	
200.8	3.22991e-07	
201	4.38805e-06	
201.2	7.60106e-06	
201.4	-8.20038e-06	
201.6	-9.10401e-06	
201.8	-1.16889e-05	
202	-7.09147e-06	
202.2	-1.16731e-05	
202.4	-1.62933e-05	
202.6	-1.5732e-05	
202.8	-2.64385e-05	
203	-7.98712e-06	
203.2	-3.04734e-05	
203.4	4.20568e-07	
203.6	3.37713e-06	
203.8	6.0132e-06	
204	1.05428e-05	
204.2	1.29186e-05	
204.4	1.38229e-05	
204.6	1.161e-05	
204.8	1.70053e-05	
205	1.28288e-05	
205.2	2.72616e-05	
205.4	2.50946e-05	
205.6	6.37979e-05	
205.8	2.58171e-05	
206	3.28546e-05	
206.2	3.14715e-05	
206.4	3.42171e-05	
206.6	3.17803e-05	
206.8	3.27559e-05	
207	3.20216e-05	
207.2	2.56718e-05	
207.4	2.19654e-05	
207.6	1.98697e-05	
207.8	1.23639e-05	
208	1.17126e-05	
208.2	7.38785e-06	
208.4	2.81797e-06	
208.6	1.1454e-05	
208.8	7.40523e-06	
209	1.13282e-05	
209.2	1.36805e-05	
209.4	9.9034e-06	
209.6	1.76561e-05	
209.8	1.88894e-05	
210	1.52997e-05	
210.2	1.54299e-05	
210.4	1.11885e-05	
210.6	4.99631e-06	
210.8	-5.63993e-06	
211	-1.35999e-05	
211.2	-2.1207e-05	
211.4	-3.89222e-05	
211.6	-5.32307e-05	
211.8	-6.28412e-05	
212	-7.73925e-05	
212.2	-8.43748e-05	
212.4	-0.000100381	
212.6	-0.000117015	
212.8	-0.00012545	
213	-0.000135641	
213.2	-0.000150333	
213.4	-0.00016654	
213.6	-0.000165793	
213.8	-0.000181653	
214	-0.000195203	
214.2	-0.000193751	
214.4	-0.00019321	
214.6	-0.000224024	
214.8	-0.000234815	
215	-0.000241208	
215.2	-0.000240206	
215.4	-0.000257466	
215.6	-0.000262656	
215.8	-0.00027064	
216	-0.000276974	
216.2	-0.000279708	
216.4	-0.000279677	
216.6	-0.000280281	
216.8	-0.000278515	
217	-0.000268902	
217.2	-0.000265196	
217.4	-0.000254182	
217.6	-0.000240047	
217.8	-0.000223081	
218	-0.000199605	
218.2	-0.000175284	
218.4	-0.000141454	
218.6	-0.000114871	
218.8	-8.98585e-05	
219	-6.30681e-05	
219.2	-3.55725e-05	
219.4	-1.27041e-05	
219.6	7.57988e-06	
219.8	2.08412e-05	
220	3.33272e-05	
220.2	4.37639e-05	
220.4	4.5115e-05	
220.6	4.50925e-05	
220.8	3.99789e-05	
221	4.37463e-05	
221.2	3.70636e-05	
221.4	2.45329e-05	
221.6	1.96039e-05	
221.8	1.09985e-05	
222	1.72622e-06	
222.2	-7.83518e-06	
222.4	-2.37572e-05	
222.6	-2.84125e-05	
222.8	-3.50323e-05	
223	-3.6781e-05	
223.2	-3.72932e-05	
223.4	-3.09074e-05	
223.6	-3.07299e-05	
223.8	-2.46837e-05	
224	-2.14482e-05	
224.2	-1.20591e-05	
224.4	-7.30509e-06	
224.6	-6.05438e-06	
224.8	-5.6745e-06	
225	1.03291e-06	
225.2	-4.63799e-06	
225.4	-1.0295e-05	
225.6	-1.41011e-05	
225.8	-1.32329e-05	
226	-9.7538e-06	
226.2	-2.4023e-05	
226.4	-2.80309e-05	
226.6	-3.20302e-05	
226.8	-2.10524e-05	
227	-2.74804e-05	
227.2	-2.4213e-05	
227.4	-2.68258e-05	
227.6	-6.98362e-06	
227.8	-4.51158e-06	
228	-4.53101e-06	
228.2	5.04179e-06	
228.4	1.47758e-05	
228.6	1.74074e-05	
228.8	1.99436e-05	
229	3.2821e-05	
229.2	3.80976e-05	
229.4	2.9874e-05	
229.6	6.81548e-06	
229.8	4.31469e-05	
230	5.9406e-05	
230.2	5.37836e-05	
230.4	5.05496e-05	
230.6	5.62136e-05	
230.8	6.44434e-05	
231	5.88781e-05	
231.2	5.96794e-05	
231.4	6.51622e-05	
231.6	6.83933e-05	
231.8	6.75681e-05	
232	6.52882e-05	
232.2	6.75582e-05	
232.4	6.44158e-05	
232.6	6.7177e-05	
232.8	5.79858e-05	
233	7.42688e-05	
233.2	3.90415e-05	
233.4	1.51566e-05	
233.6	2.92059e-06	
233.8	-8.4517e-06	
234	-2.77278e-05	
234.2	-5.06461e-05	
234.4	-6.47176e-05	
234.6	-8.60472e-05	
234.8	-9.00968e-05	
235	-9.59017e-05	
235.2	-0.00010563	
235.4	-0.000112363	
235.6	-0.000111203	
235.8	-0.000114208	
236	-0.000108109	
236.2	-0.000108821	
236.4	-0.000101362	
236.6	-9.0884e-05	
236.8	-8.54378e-05	
237	-8.31375e-05	
237.2	-7.24787e-05	
237.4	-6.64326e-05	
237.6	-6.41674e-05	
237.8	-5.88088e-05	
238	-4.41387e-05	
238.2	-4.46269e-05	
238.4	-4.5864e-05	
238.6	-3.38445e-05	
238.8	-3.4181e-05	
239	-3.6765e-05	
239.2	-4.01358e-05	
239.4	-3.91779e-05	
239.6	-4.25657e-05	
239.8	-4.77536e-05	
240	-6.30744e-05	
240.2	-6.24476e-05	
240.4	-6.91444e-05	
240.6	-7.76877e-05	
240.8	-8.631e-05	
241	-0.000106697	
241.2	-0.000106684	
241.4	-0.000118071	
241.6	-0.000134448	
241.8	-0.000143276	
242	-0.000161155	
242.2	-0.000175954	
242.4	-0.000191165	
242.6	-0.000203792	
242.8	-0.000212177	
243	-0.000222638	
243.2	-0.000233839	
243.4	-0.000244538	
243.6	-0.000254334	
243.8	-0.000251609	
244	-0.000251575	
244.2	-0.000251547	
244.4	-0.000249355	
244.6	-0.000239969	
244.8	-0.000226211	
245	-0.00021527	
245.2	-0.000198921	
245.4	-0.000179014	
245.6	-0.000155987	
245.8	-0.000128328	
246	-0.000106487	
246.2	-7.93073e-05	
246.4	-5.27727e-05	
246.6	-2.87266e-05	
246.8	-7.54418e-06	
247	1.27446e-05	
247.2	2.9738e-05	
247.4	4.24785e-05	
247.6	5.0202e-05	
247.8	5.96203e-05	
248	6.1562e-05	
248.2	5.56093e-05	
248.4	5.38098e-05	
248.6	4.38073e-05	
248.8	3.69334e-05	
249	1.9773e-05	
249.2	8.15215e-06	
249.4	-3.38353e-06	
249.6	-1.86685e-05	
249.8	-3.2339e-05	
250	-3.85984e-05	
250.2	-3.99482e-05	
250.4	-5.01181e-05	
250.6	-5.5579e-05	
250.8	-5.46026e-05	
251	-5.84772e-05	
251.2	-6.15312e-05	
251.4	-6.42523e-05	
251.6	-6.16718e-05	
251.8	-6.31138e-05	
252	-6.41109e-05	
252.2	-6.69437e-05	
252.4	-6.34511e-05	
252.6	-6.39877e-05	
252.8	-6.40807e-05	
253	-5.88089e-05	
253.2	-5.69938e-05	
253.4	-5.25564e-05	
253.6	-4.84453e-05	
253.8	-3.8716e-05	
254	-3.67691e-05	
254.2	-2.24488e-05	
254.4	-1.38318e-05	
254.6	9.76829e-06	
254.8	7.13786e-06	
255	1.931e-05	
255.2	2.61806e-05	
255.4	3.99114e-05	
255.6	4.84525e-05	
255.8	6.26515e-05	
256	6.78477e-05	
256.2	7.81988e-05	
256.4	8.35126e-05	
256.6	8.57393e-05	
256.8	8.56658e-05	
257	8.68462e-05	
257.2	8.24732e-05	
257.4	7.98534e-05	
257.6	7.6859e-05	
257.8	7.28087e-05	
258	6.11725e-05	
258.2	6.47951e-05	
258.4	6.2308e-05	
258.6	6.19551e-05	
258.8	5.38256e-05	
259	5.73391e-05	
259.2	5.16418e-05	
259.4	5.0409e-05	
259.6	4.63252e-05	
259.8	4.82449e-05	
260	4.06213e-05	
260.2	3.91249e-05	
260.4	3.49632e-05	
260.6	3.13212e-05	
260.8	2.54503e-05	
261	2.36452e-05	
261.2	1.27302e-05	
261.4	8.75083e-06	
261.6	-1.03259e-07	
261.8	-8.31404e-06	
262	-2.78847e-05	
262.2	-3.2896e-05	
262.4	-3.16039e-05	
262.6	-3.42986e-05	
262.8	-6.50165e-05	
263	-6.46158e-05	
263.2	-6.66155e-05	
263.4	-6.92034e-05	
263.6	-8.24349e-05	
263.8	-8.42662e-05	
264	-7.84762e-05	
264.2	-9.25951e-05	
264.4	-0.000120171	
264.6	-9.29906e-05	
264.8	-9.56192e-05	
265	-9.07097e-05	
265.2	-8.46104e-05	
265.4	-7.6546e-05	
265.6	-6.56967e-05	
265.8	-4.81154e-05	
266	-3.11969e-05	
266.2	-1.83863e-05	
266.4	-2.0251e-06	
266.6	1.59272e-05	
266.8	2.54991e-05	
267	2.73518e-05	
267.2	2.82927e-05	
267.4	3.04814e-05	
267.6	2.66589e-05	
267.8	1.17531e-05	
268	-5.92138e-07	
268.2	-1.31478e-05	
268.4	-2.93777e-05	
268.6	-4.18767e-05	
268.8	-5.48966e-05	
269	-6.6664e-05	
269.2	-7.94298e-05	
269.4	-8.90882e-05	
269.6	-0.00010045	
269.8	-0.000109039	
270	-0.000113066	
270.2	-0.00012201	
270.4	-0.000113941	
270.6	-0.000131366	
270.8	-0.000129553	
271	-0.000130401	
271.2	-0.000121318	
271.4	-0.000117371	
271.6	-0.000111126	
271.8	-0.000100506	
272	-8.72258e-05	
272.2	-7.91598e-05	
272.4	-6.84179e-05	
272.6	-5.93153e-05	
272.8	-4.7023e-05	
273	-4.03696e-05	
273.2	-3.12035e-05	
273.4	-2.41014e-05	
273.6	-1.08063e-05	
273.8	-4.2505e-06	
274	7.74727e-06	
274.2	1.68243e-05	
274.4	2.99576e-05	
274.6	4.11753e-05	
274.8	5.38715e-05	
275	6.7141e-05	
275.2	7.93674e-05	
275.4	9.03519e-05	
275.6	9.64491e-05	
275.8	0.000103739	
276	0.000112067	
276.2	0.000109917	
276.4	0.000108644	
276.6	0.000110422	
276.8	0.00010285	
277	9.6152e-05	
277.2	9.48478e-05	
277.4	8.60136e-05	
277.6	7.3132e-05	
277.8	5.94091e-05	
278	5.29575e-05	
278.2	4.50247e-05	
278.4	3.09228e-05	
278.6	1.9423e-05	
278.8	3.17504e-06	
279	-5.57699e-06	
279.2	-1.98718e-05	
279.4	-2.76527e-05	
279.6	-3.96699e-05	
279.8	-4.7926e-05	
280	-5.8352e-05	
280.2	-6.15449e-05	
280.4	-6.12496e-05	
280.6	-6.41314e-05	
280.8	-6.26633e-05	
281	-6.04458e-05	
281.2	-5.58263e-05	
281.4	-5.13927e-05	
281.6	-4.34057e-05	
281.8	-3.6208e-05	
282	-3.20487e-05	
282.2	-2.48114e-05	
282.4	-1.65361e-05	
282.6	-1.2226e-05	
282.8	-8.45802e-06	
283	-7.94268e-06	
283.2	-5.8917e-06	
283.4	-8.8749e-06	
283.6	-1.30551e-05	
283.8	-1.72332e-05	
284	-3.07665e-05	
284.2	-2.80704e-05	
284.4	-3.75828e-05	
284.6	-3.78277e-05	
284.8	-4.9423e-05	
285	-5.04311e-05	
285.2	-5.67727e-05	
285.4	-5.96221e-05	
285.6	-6.32467e-05	
285.8	-6.61916e-05	
286	-6.62261e-05	
286.2	-6.59948e-05	
286.4	-6.68606e-05	
286.6	-6.35506e-05	
286.8	-6.2259e-05	
287	-5.8011e-05	
287.2	-5.69973e-05	
287.4	-4.96698e-05	
287.6	-4.68545e-05	
287.8	-4.79628e-05	
288	-3.68932e-05	
288.2	-2.72506e-05	
288.4	-2.36587e-05	
288.6	-1.84706e-05	
288.8	-1.02582e-05	
289	-2.66672e-06	
289.2	5.85586e-06	
289.4	1.1739e-05	
289.6	2.58958e-05	
289.8	3.3418e-05	
290	4.36626e-05	
290.2	5.25102e-05	
290.4	6.2731e-05	
290.6	7.18583e-05	
290.8	7.62209e-05	
291	9.30205e-05	
291.2	0.00010269	
291.4	0.000110693	
291.6	0.000120752	
291.8	0.000123905	
292	0.000133246	
292.2	0.000139866	
292.4	0.00014923	
292.6	0.000151364	
292.8	0.00015403	
293	0.000153994	
293.2	0.000158815	
293.4	0.000159002	
293.6	0.000147281	
293.8	0.000140517	
294	0.000126455	
294.2	0.000112511	
294.4	8.72628e-05	
294.6	6.57333e-05	
294.8	4.07846e-05	
295	1.3422e-05	
295.2	-1.06917e-05	
295.4	-3.525e-05	
295.6	-5.54051e-05	
295.8	-7.44431e-05	
296	-9.53985e-05	
296.2	-0.000107629	
296.4	-0.000119396	
296.6	-0.000127743	
296.8	-0.000137118	
297	-0.000144459	
297.2	-0.000143498	
297.4	-0.00014589	
297.6	-0.000145074	
297.8	-0.000140893	
298	-0.000125777	
298.2	-0.000118482	
298.4	-9.3241e-05	
298.6	-7.41913e-05	
298.8	-5.60134e-05	
299	-2.83018e-05	
299.2	-1.27485e-06	
299.4	2.88272e-05	
299.6	4.93685e-05	
299.8	6.42121e-05	
300	8.01112e-05	
300.2	8.20714e-05	
300.4	9.32553e-05	
300.6	9.3322e-05	
300.8	9.55738e-05	
301	8.88117e-05	
301.2	0.000100003	
301.4	9.71319e-05	
301.6	9.58136e-05	
301.8	8.78603e-05	
302	8.01638e-05	
302.2	7.03799e-05	
302.4	5.91933e-05	
302.6	4.30123e-05	
302.8	2.52259e-05	
303	1.03268e-05	
303.2	-9.17198e-06	
303.4	-2.66951e-05	
303.6	-3.7209e-05	
303.8	-5.42947e-05	
304	-6.33058e-05	
304.2	-6.09907e-05	
304.4	-6.43507e-05	
304.6	-6.07168e-05	
304.8	-5.8151e-05	
305	-5.26805e-05	
305.2	-4.95795e-05	
305.4	-4.70485e-05	
305.6	-4.65333e-05	
305.8	-4.75799e-05	
306	-5.64053e-05	
306.2	-6.31949e-05	
306.4	-7.99603e-05	
306.6	-9.56126e-05	
306.8	-0.000120783	
307	-0.000142865	
307.2	-0.000165433	
307.4	-0.000200664	
307.6	-0.000225059	
307.8	-0.000247467	
308	-0.000270945	
308.2	-0.00028684	
308.4	-0.000300909	
308.6	-0.000303748	
308.8	-0.000308568	
309	-0.000295568	
309.2	-0.000289894	
309.4	-0.000267903	
309.6	-0.000246756	
309.8	-0.000227582	
310	-0.000204558	
310.2	-0.000183376	
310.4	-0.00016026	
310.6	-0.000138328	
310.8	-0.000115698	
311	-9.84649e-05	
311.2	-8.48055e-05	
311.4	-6.69655e-05	
311.6	-5.23214e-05	
311.8	-4.60267e-05	
312	-3.74794e-05	
312.2	-2.55213e-05	
312.4	-1.5707e-05	
312.6	-1.05092e-05	
312.8	-1.2772e-06	
313	7.32467e-07	
313.2	1.01244e-05	
313.4	7.55308e-06	
313.6	7.46719e-06	
313.8	7.41963e-06	
314	3.00547e-06	
314.2	-8.38385e-07	
314.4	-6.22138e-06	
314.6	-7.61567e-06	
314.8	-1.3474e-05	
315	-1.71872e-05	
315.2	-1.64128e-05	
315.4	-1.18725e-05	
315.6	-8.88594e-06	
315.8	-1.53577e-05	
316	-2.11838e-06	
316.2	1.03011e-05	
316.4	1.99165e-05	
316.6	3.65661e-05	
316.8	4.07789e-05	
317	5.72723e-05	
317.2	7.03514e-05	
317.4	7.56372e-05	
317.6	9.24614e-05	
317.8	0.000102791	
318	0.000114763	
318.2	0.000120074	
318.4	0.000132359	
318.6	0.000139349	
318.8	0.00014955	
319	0.000156168	
319.2	0.000161821	
319.4	0.000165733	
319.6	0.000175045	
319.8	0.000176635	
320	0.000178294	
320.2	0.000174136	
320.4	0.000171479	
320.6	0.000171669	
320.8	0.000156617	
321	0.000143974	
321.2	0.000124389	
321.4	0.000108206	
321.6	8.54853e-05	
321.8	6.18849e-05	
322	4.33156e-05	
322.2	2.4322e-05	
322.4	5.93397e-06	
322.6	-1.0836e-05	
322.8	-2.36856e-05	
323	-3.0497e-05	
323.2	-3.9501e-05	
323.4	-4.38607e-05	
323.6	-5.13371e-05	
323.8	-5.7327e-05	
324	-5.83758e-05	
324.2	-5.68256e-05	
324.4	-6.10553e-05	
324.6	-6.19878e-05	
324.8	-5.7736e-05	
325	-4.95765e-05	
325.2	-4.4634e-05	
325.4	-3.70671e-05	
325.6	-2.32347e-05	
325.8	-9.21711e-06	
326	2.04269e-06	
326.2	1.37608e-05	
326.4	3.54238e-05	
326.6	5.01061e-05	
326.8	5.68005e-05	
327	7.506e-05	
327.2	9.54134e-05	
327.4	9.82714e-05	
327.6	0.000107537	
327.8	0.000117642	
328	0.000130088	
328.2	0.000136496	
328.4	0.000141037	
328.6	0.000143997	
328.8	0.000155987	
329	0.000161905	
329.2	0.000163917	
329.4	0.000166021	
329.6	0.00017381	
329.8	0.000179539	
330	0.000178822	
330.2	0.000179861	
330.4	0.000179128	
330.6	0.000178794	
330.8	0.000173065	
331	0.000170288	
331.2	0.000165169	
331.4	0.000155509	
331.6	0.000151346	
331.8	0.000145385	
332	0.000136189	
332.2	0.000128413	
332.4	0.000127591	
332.6	0.000125486	
332.8	0.000117802	
333	0.000119207	
333.2	0.000119613	
333.4	0.000121066	
333.6	0.000117792	
333.8	0.000119343	
334	0.000116452	
334.2	0.000114931	
334.4	0.000112727	
334.6	0.000111425	
334.8	0.000105605	
335	0.000100442	
335.2	9.20564e-05	
335.4	7.57805e-05	
335.6	7.34414e-05	
335.8	6.20928e-05	
336	4.82756e-05	
336.2	3.63162e-05	
336.4	2.20917e-05	
336.6	4.2371e-06	
336.8	-9.29692e-06	
337	-2.06521e-05	
337.2	-3.61139e-05	
337.4	-5.05298e-05	
337.6	-6.31811e-05	
337.8	-7.18545e-05	
338	-8.27977e-05	
338.2	-9.23351e-05	
338.4	-0.000100544	
338.6	-0.000105177	
338.8	-0.000108397	
339	-0.000107583	
339.2	-0.000105229	
339.4	-0.000106742	
339.6	-0.0001018	
339.8	-9.27808e-05	
340	-8.13987e-05	
340.2	-7.30639e-05	
340.4	-5.9888e-05	
340.6	-4.31013e-05	
340.8	-2.43346e-05	
341	-8.54825e-06	
341.2	7.55399e-06	
341.4	2.6648e-05	
341.6	4.29249e-05	
341.8	5.84039e-05	
342	7.41499e-05	
342.2	7.30438e-05	
342.4	7.66382e-05	
342.6	7.96595e-05	
342.8	8.4099e-05	
343	7.37073e-05	
343.2	6.46133e-05	
343.4	5.53944e-05	
343.6	4.2344e-05	
343.8	3.10161e-05	
344	1.93018e-05	
344.2	5.34974e-06	
344.4	-4.62726e-06	
344.6	-1.42976e-05	
344.8	-2.74415e-05	
345	-3.37127e-05	
345.2	-3.15365e-05	
345.4	-3.26661e-05	
345.6	-3.2822e-05	
345.8	-3.0098e-05	
346	-1.78181e-05	
346.2	-1.17227e-05	
346.4	-1.40762e-06	
346.6	6.76973e-06	
346.8	1.79588e-05	
347	3.19363e-05	
347.2	4.09839e-05	
347.4	4.54646e-05	
347.6	5.33265e-05	
347.8	5.78991e-05	
348	5.80498e-05	
348.2	5.09653e-05	
348.4	5.54947e-05	
348.6	6.02498e-05	
348.8	5.02977e-05	
349	4.25769e-05	
349.2	3.16736e-05	
349.4	3.29329e-05	
349.6	2.26005e-05	
349.8	1.62357e-05	
350	1.1381e-05	
350.2	7.19498e-06	
350.4	-2.00661e-07	
350.6	-8.37946e-06	
350.8	-1.44895e-05	
351	-1.96874e-05	
351.2	-2.36547e-05	
351.4	-3.21065e-05	
351.6	-4.08134e-05	
351.8	-4.47995e-05	
352	-5.11501e-05	
352.2	-5.43334e-05	
352.4	-5.31444e-05	
352.6	-5.42049e-05	
352.8	-5.43636e-05	
353	-4.82353e-05	
353.2	-4.04687e-05	
353.4	-3.47071e-05	
353.6	-2.81308e-05	
353.8	-1.88705e-05	
354	-8.47132e-06	
354.2	-3.36108e-07	
354.4	7.48836e-06	
354.6	2.06297e-05	
354.8	2.50674e-05	
355	3.27846e-05	
355.2	3.73162e-05	
355.4	4.66516e-05	
355.6	4.16019e-05	
355.8	4.41076e-05	
356	4.17264e-05	
356.2	4.40121e-05	
356.4	4.16656e-05	
356.6	3.61856e-05	
356.8	3.22512e-05	
357	2.88253e-05	
357.2	2.36304e-05	
357.4	1.85462e-05	
357.6	1.74975e-05	
357.8	1.18531e-05	
358	9.53401e-06	
358.2	8.20333e-06	
358.4	1.25504e-05	
358.6	6.38624e-06	
358.8	5.15831e-06	
359	9.22188e-06	
359.2	9.96035e-06	
359.4	8.43694e-06	
359.6	1.11347e-05	
359.8	9.06776e-06	
360	9.5033e-06	
360.2	1.33416e-05	
360.4	1.47708e-05	
360.6	1.75146e-05	
360.8	1.52765e-05	
361	2.01352e-05	
361.2	2.29573e-05	
361.4	2.60062e-05	
361.6	2.95084e-05	
361.8	3.69941e-05	
362	4.03154e-05	
362.2	4.13022e-05	
362.4	4.24514e-05	
362.6	4.70307e-05	
362.8	4.45827e-05	
363	4.43982e-05	
363.2	3.82351e-05	
363.4	3.34065e-05	
363.6	3.38475e-05	
363.8	2.93398e-05	
364	2.10967e-05	
364.2	1.33864e-05	
364.4	3.20996e-06	
364.6	-2.93445e-06	
364.8	-1.63993e-05	
365	-2.70357e-05	
365.2	-4.10284e-05	
365.4	-4.97443e-05	
365.6	-6.04023e-05	
365.8	-7.07762e-05	
366	-7.92821e-05	
366.2	-8.35125e-05	
366.4	-8.6322e-05	
366.6	-8.8723e-05	
366.8	-8.84984e-05	
367	-8.38341e-05	
367.2	-7.7444e-05	
367.4	-7.11505e-05	
367.6	-6.28569e-05	
367.8	-5.09061e-05	
368	-3.69955e-05	
368.2	-2.7555e-05	
368.4	-1.43053e-05	
368.6	-2.22213e-07	
368.8	1.32104e-05	
369	2.66738e-05	
369.2	3.82036e-05	
369.4	5.12893e-05	
369.6	5.73202e-05	
369.8	6.58478e-05	
370	7.21357e-05	
370.2	7.70856e-05	
370.4	6.84943e-05	
370.6	6.60111e-05	
370.8	6.33102e-05	
371	5.53623e-05	
371.2	4.71565e-05	
371.4	3.95038e-05	
371.6	2.37066e-05	
371.8	1.78221e-05	
372	1.51212e-05	
372.2	3.53627e-06	
372.4	-9.12621e-06	
372.6	-1.36632e-05	
372.8	-1.37533e-05	
373	-1.51385e-05	
373.2	-2.44697e-05	
373.4	-2.44175e-05	
373.6	-2.39816e-05	
373.8	-2.67649e-05	
374	-2.9095e-05	
374.2	-3.23402e-05	
374.4	-3.34504e-05	
374.6	-3.55058e-05	
374.8	-3.82831e-05	
375	-4.13441e-05	
375.2	-4.194e-05	
375.4	-4.32618e-05	
375.6	-4.51361e-05	
375.8	-4.70419e-05	
376	-4.86002e-05	
376.2	-4.9237e-05	
376.4	-4.7871e-05	
376.6	-4.72416e-05	
376.8	-4.76596e-05	
377	-4.84466e-05	
377.2	-4.9671e-05	
377.4	-4.7327e-05	
377.6	-5.69655e-05	
377.8	-6.08027e-05	
378	-4.96185e-05	
378.2	-4.54778e-05	
378.4	-5.76745e-05	
378.6	-4.963e-05	
378.8	-5.09682e-05	
379	-5.18914e-05	
379.2	-5.6081e-05	
379.4	-5.46506e-05	
379.6	-5.57128e-05	
379.8	-5.7207e-05	
380	-5.53198e-05	
380.2	-5.68121e-05	
380.4	-5.89958e-05	
380.6	-5.91189e-05	
380.8	-5.95141e-05	
381	-6.12737e-05	
381.2	-6.45641e-05	
381.4	-6.59603e-05	
381.6	-6.4844e-05	
381.8	-9.39497e-05	
382	-6.54911e-05	
382.2	-7.05501e-05	
382.4	-6.96931e-05	
382.6	-7.68437e-05	
382.8	-6.99187e-05	
383	-6.86935e-05	
383.2	-6.97516e-05	
383.4	-6.80789e-05	
383.6	-6.65376e-05	
383.8	-6.40942e-05	
384	-6.22102e-05	
384.2	-5.75891e-05	
384.4	-6.36594e-05	
384.6	-6.50083e-05	
384.8	-6.20088e-05	
385	-6.4757e-05	
385.2	-6.81343e-05	
385.4	-7.30903e-05	
385.6	-7.89187e-05	
385.8	-8.73847e-05	
386	-9.53529e-05	
386.2	-0.000105944	
386.4	-0.000114893	
386.6	-0.000127329	
386.8	-0.000137266	
387	-0.000145765	
387.2	-0.000152676	
387.4	-0.000160098	
387.6	-0.000167285	
387.8	-0.000167429	
388	-0.000166191	
388.2	-0.000166592	
388.4	-0.000162055	
388.6	-0.000155721	
388.8	-0.000141537	
389	-0.000130928	
389.2	-0.000118106	
389.4	-0.000102646	
389.6	-8.59455e-05	
389.8	-7.02289e-05	
390	-5.67641e-05	
390.2	-4.49866e-05	
390.4	-3.51611e-05	
390.6	-2.24749e-05	
390.8	-1.50073e-05	
391	-3.60477e-06	
391.2	-9.83834e-06	
391.4	3.48216e-06	
391.6	3.35816e-06	
391.8	4.87974e-06	
392	1.0106e-06	
392.2	4.01697e-06	
392.4	4.19259e-06	
392.6	1.49744e-06	
392.8	5.01971e-07	
393	6.11283e-07	
393.2	2.54051e-06	
393.4	-1.0332e-06	
393.6	-1.77277e-06	
393.8	-5.03163e-07	
394	1.05155e-06	
394.2	-2.33822e-06	
394.4	-2.64606e-06	
394.6	-4.88486e-06	
394.8	-8.14777e-06	
395	-1.18636e-05	
395.2	-1.58734e-05	
395.4	-1.8344e-05	
395.6	-2.73824e-05	
395.8	-3.36966e-05	
396	-3.98743e-05	
396.2	-4.31313e-05	
396.4	-5.78759e-05	
396.6	-6.24255e-05	
396.8	-6.49665e-05	
397	-7.09996e-05	
397.2	-7.83105e-05	
397.4	-8.19881e-05	
397.6	-8.05223e-05	
397.8	-8.24711e-05	
398	-8.30079e-05	
398.2	-7.96316e-05	
398.4	-7.50411e-05	
398.6	-6.86235e-05	
398.8	-6.15023e-05	
399	-4.89906e-05	
399.2	-3.82933e-05	
399.4	-2.77083e-05	
399.6	-1.36208e-05	
399.8	3.42999e-06	
400	1.7539e-05	
400.2	3.21365e-05	
400.4	4.64664e-05	
400.6	6.5168e-05	
400.8	7.7053e-05	
401	9.32221e-05	
401.2	0.000102402	
401.4	0.000111978	
401.6	0.000118811	
401.8	0.000121865	
402	0.00013028	
402.2	0.000130478	
402.4	0.000124495	
402.6	0.000118731	
402.8	0.000112227	
403	0.000110132	
403.2	9.54592e-05	
403.4	8.13752e-05	
403.6	6.89711e-05	
403.8	6.52168e-05	
404	4.93026e-05	
404.2	3.95479e-05	
404.4	3.35541e-05	
404.6	2.8464e-05	
404.8	2.56547e-05	
405	2.0283e-05	
405.2	1.92954e-05	
405.4	1.40642e-05	
405.6	1.17888e-05	
405.8	1.78054e-05	
406	1.00109e-05	
406.2	1.39403e-05	
406.4	1.11184e-05	
406.6	1.3797e-05	
406.8	8.49216e-06	
407	7.44647e-06	
407.2	1.11641e-05	
407.4	1.66599e-05	
407.6	2.07431e-05	
407.8	2.07276e-05	
408	2.48336e-05	
408.2	2.75481e-05	
408.4	2.73943e-05	
408.6	2.65201e-05	
408.8	2.7848e-05	
409	2.7904e-05	
409.2	2.87155e-05	
409.4	2.97421e-05	
409.6	2.51178e-05	
409.8	2.31636e-05	
410	2.29871e-05	
410.2	1.82124e-05	
410.4	1.10896e-05	
410.6	1.08281e-05	
410.8	5.58587e-06	
411	1.88836e-06	
411.2	-2.73899e-06	
411.4	-3.40994e-06	
411.6	-6.17613e-06	
411.8	-2.55554e-06	
412	-3.48144e-06	
412.2	1.6791e-06	
412.4	5.77353e-06	
412.6	1.08144e-05	
412.8	1.22211e-05	
413	1.75787e-05	
413.2	1.71998e-05	
413.4	2.13908e-05	
413.6	2.07758e-05	
413.8	1.99963e-05	
414	1.90606e-05	
414.2	1.51922e-05	
414.4	1.22742e-05	
414.6	1.06089e-05	
414.8	1.18477e-06	
415	-3.7665e-06	
415.2	-9.00119e-06	
415.4	-1.09374e-05	
415.6	-1.75211e-05	
415.8	-2.45751e-05	
416	-3.14186e-05	
416.2	-3.37199e-05	
416.4	-4.00644e-05	
416.6	-4.8675e-05	
416.8	-5.35095e-05	
417	-5.53191e-05	
417.2	-6.06987e-05	
417.4	-6.48704e-05	
417.6	-6.7172e-05	
417.8	-6.82613e-05	
418	-7.18455e-05	
418.2	-7.17923e-05	
418.4	-7.40701e-05	
418.6	-7.43304e-05	
418.8	-7.48035e-05	
419	-6.91197e-05	
419.2	-7.25854e-05	
419.4	-7.05276e-05	
419.6	-6.93382e-05	
419.8	-6.5386e-05	
420	-6.47991e-05	
420.2	-6.32689e-05	
420.4	-6.12859e-05	
420.6	-5.98384e-05	
420.8	-5.82856e-05	
421	-5.73088e-05	
421.2	-5.73864e-05	
421.4	-5.67764e-05	
421.6	-5.76502e-05	
421.8	-5.33306e-05	
422	-5.77987e-05	
422.2	-5.63459e-05	
422.4	-5.7904e-05	
422.6	-5.43468e-05	
422.8	-5.57997e-05	
423	-5.55349e-05	
423.2	-5.41622e-05	
423.4	-5.09309e-05	
423.6	-4.77628e-05	
423.8	-4.51411e-05	
424	-4.14004e-05	
424.2	-3.45097e-05	
424.4	-2.5349e-05	
424.6	-1.99505e-05	
424.8	-1.45122e-05	
425	-5.79166e-06	
425.2	3.60428e-06	
425.4	1.19711e-05	
425.6	1.30751e-05	
425.8	2.08112e-05	
426	2.69606e-05	
426.2	2.35774e-05	
426.4	2.96073e-05	
426.6	3.38327e-05	
426.8	3.48433e-05	
427	3.20509e-05	
427.2	2.97336e-05	
427.4	2.76317e-05	
427.6	2.49552e-05	
427.8	1.82492e-05	
428	1.41366e-05	
428.2	8.76183e-06	
428.4	4.54455e-06	
428.6	-8.20057e-07	
428.8	-4.63052e-06	
429	-5.08136e-06	
429.2	-1.06319e-05	
429.4	-1.06574e-05	
429.6	-1.26621e-05	
429.8	-1.07219e-05	
430	-1.07987e-05	
430.2	-6.4625e-06	
430.4	-4.94822e-06	
430.6	-1.74638e-06	
430.8	3.03191e-06	
431	6.67334e-06	
431.2	1.06543e-05	
431.4	1.67493e-05	
431.6	2.21932e-05	
431.8	2.54778e-05	
432	2.9342e-05	
432.2	3.91771e-05	
432.4	5.07008e-05	
432.6	4.88098e-05	
432.8	5.25515e-05	
433	6.16231e-05	
433.2	6.62797e-05	
433.4	6.86979e-05	
433.6	6.55667e-05	
433.8	7.59769e-05	
434	7.95778e-05	
434.2	7.87851e-05	
434.4	7.90966e-05	
434.6	8.2131e-05	
434.8	8.5234e-05	
435	8.32378e-05	
435.2	8.41368e-05	
435.4	9.10836e-05	
435.6	8.44225e-05	
435.8	8.78753e-05	
436	8.84136e-05	
436.2	8.59483e-05	
436.4	8.23732e-05	
436.6	7.32697e-05	
436.8	6.43723e-05	
437	5.254e-05	
437.2	3.26662e-05	
437.4	1.05187e-05	
437.6	-9.10868e-06	
437.8	-3.49969e-05	
438	-6.13695e-05	
438.2	-8.67789e-05	
438.4	-0.000109426	
438.6	-0.000130562	
438.8	-0.000154903	
439	-0.000174779	
439.2	-0.000189123	
439.4	-0.000199526	
439.6	-0.000210638	
439.8	-0.000217774	
440	-0.000227573	
440.2	-0.000227232	
440.4	-0.000226782	
440.6	-0.000218847	
440.8	-0.000207375	
441	-0.000198694	
441.2	-0.000183814	
441.4	-0.000172199	
441.6	-0.000148857	
441.8	-0.000126503	
442	-0.00011013	
442.2	-8.8633e-05	
442.4	-6.46016e-05	
442.6	-3.93979e-05	
442.8	-2.13094e-05	
443	-5.60011e-06	
443.2	9.89049e-06	
443.4	2.56323e-05	
443.6	3.28423e-05	
443.8	2.91212e-05	
444	3.15815e-05	
444.2	2.60402e-05	
444.4	1.97183e-05	
444.6	6.90939e-06	
444.8	-3.07937e-06	
445	-1.36011e-05	
445.2	-2.22816e-05	
445.4	-3.84621e-05	
445.6	-4.9909e-05	
445.8	-5.34305e-05	
446	-6.16034e-05	
446.2	-7.09635e-05	
446.4	-8.38948e-05	
446.6	-8.01644e-05	
446.8	-7.78359e-05	
447	-7.8057e-05	
447.2	-8.40156e-05	
447.4	-8.02671e-05	
447.6	-7.97014e-05	
447.8	-7.87492e-05	
448	-7.9778e-05	
448.2	-7.68806e-05	
448.4	-7.83479e-05	
448.6	-8.19869e-05	
448.8	-8.35613e-05	
449	-8.33429e-05	
449.2	-8.36352e-05	
449.4	-9.12283e-05	
449.6	-9.409e-05	
449.8	-9.28672e-05	
450	-9.38331e-05	
450.2	-9.62115e-05	
450.4	-9.31233e-05	
450.6	-8.8888e-05	
450.8	-8.54157e-05	
451	-8.22365e-05	
451.2	-7.40177e-05	
451.4	-6.66063e-05	
451.6	-6.00078e-05	
451.8	-5.19856e-05	
452	-4.39415e-05	
452.2	-3.22089e-05	
452.4	-2.59768e-05	
452.6	-1.53114e-05	
452.8	-8.14727e-06	
453	3.20466e-06	
453.2	1.02944e-05	
453.4	2.02462e-05	
453.6	2.84775e-05	
453.8	3.5589e-05	
454	3.85619e-05	
454.2	4.51164e-05	
454.4	4.71078e-05	
454.6	4.78967e-05	
454.8	4.39491e-05	
455	4.31958e-05	
455.2	3.98531e-05	
455.4	4.04556e-05	
455.6	3.9326e-05	
455.8	3.41313e-05	
456	2.83828e-05	
456.2	2.46682e-05	
456.4	2.65853e-05	
456.6	2.18699e-05	
456.8	1.70143e-05	
457	1.69581e-05	
457.2	2.52195e-05	
457.4	2.09509e-05	
457.6	2.51033e-05	
457.8	3.78304e-05	
458	4.54639e-05	
458.2	5.02902e-05	
458.4	6.14211e-05	
458.6	7.10913e-05	
458.8	8.01216e-05	
459	8.74512e-05	
459.2	9.6295e-05	
459.4	0.000104351	
459.6	0.000105516	
459.8	0.000105746	
460	0.00010655	
460.2	0.000103188	
460.4	9.27175e-05	
460.6	8.17658e-05	
460.8	7.66296e-05	
461	6.02771e-05	
461.2	3.18476e-05	
461.4	3.59805e-05	
461.6	2.34307e-05	
461.8	1.55028e-05	
462	3.36998e-06	
462.2	-4.92388e-07	
462.4	-2.0616e-06	
462.6	-9.38607e-06	
462.8	-1.13053e-05	
463	-1.4731e-05	
463.2	-1.12145e-05	
463.4	-1.43296e-05	
463.6	-1.55338e-05	
463.8	-1.86708e-05	
464	-1.41387e-05	
464.2	-1.65789e-05	
464.4	-1.48696e-05	
464.6	-8.24439e-06	
464.8	1.71861e-07	
465	7.26916e-06	
465.2	1.53544e-05	
465.4	3.03349e-05	
465.6	3.69115e-05	
465.8	5.10903e-05	
466	6.18948e-05	
466.2	7.09431e-05	
466.4	7.39015e-05	
466.6	8.28372e-05	
466.8	8.49838e-05	
467	8.7203e-05	
467.2	8.49969e-05	
467.4	8.0844e-05	
467.6	7.89232e-05	
467.8	7.23044e-05	
468	7.10206e-05	
468.2	7.07122e-05	
468.4	7.04529e-05	
468.6	6.816e-05	
468.8	6.98421e-05	
469	6.97291e-05	
469.2	7.32534e-05	
469.4	7.24753e-05	
469.6	7.14071e-05	
469.8	6.97821e-05	
470	6.71367e-05	
470.2	6.06864e-05	
470.4	5.45741e-05	
470.6	4.85258e-05	
470.8	3.68847e-05	
471	2.73963e-05	
471.2	1.71861e-05	
471.4	5.39119e-06	
471.6	-4.14095e-06	
471.8	-1.47787e-05	
472	-2.26384e-05	
472.2	-2.97957e-05	
472.4	-3.97938e-05	
472.6	-4.56377e-05	
472.8	-5.41996e-05	
473	-5.31997e-05	
473.2	-6.27285e-05	
473.4	-7.09125e-05	
473.6	-7.67645e-05	
473.8	-7.78441e-05	
474	-8.94077e-05	
474.2	-0.000105186	
474.4	-0.000114324	
474.6	-0.000121011	
474.8	-0.000135213	
475	-0.000150788	
475.2	-0.000155872	
475.4	-0.000153729	
475.6	-0.000160514	
475.8	-0.00016369	
476	-0.000159032	
476.2	-0.000149192	
476.4	-0.000146505	
476.6	-0.000139172	
476.8	-0.000129081	
477	-0.000117325	
477.2	-0.000109622	
477.4	-0.000106233	
477.6	-9.52263e-05	
477.8	-9.01274e-05	
478	-8.5634e-05	
478.2	-8.60016e-05	
478.4	-8.23303e-05	
478.6	-7.7991e-05	
478.8	-7.05869e-05	
479	-7.09558e-05	
479.2	-6.62781e-05	
479.4	-5.82349e-05	
479.6	-5.192e-05	
479.8	-4.69515e-05	
480	-4.04763e-05	
480.2	-3.83612e-05	
480.4	-3.23218e-05	
480.6	-2.66533e-05	
480.8	-2.93067e-05	
481	-3.07688e-05	
481.2	-2.70958e-05	
481.4	-2.50405e-05	
481.6	-2.45353e-05	
481.8	-2.15385e-05	
482	-1.73521e-05	
482.2	-1.51253e-05	
482.4	-8.05029e-06	
482.6	-4.06792e-06	
482.8	4.68824e-07	
483	5.18613e-06	
483.2	1.0836e-05	
483.4	1.88188e-05	
483.6	2.3716e-05	
483.8	2.98337e-05	
484	3.0042e-05	
484.2	3.29605e-05	
484.4	3.55612e-05	
484.6	3.63162e-05	
484.8	3.1991e-05	
485	2.81789e-05	
485.2	2.66919e-05	
485.4	2.28546e-05	
485.6	2.07154e-05	
485.8	1.7646e-05	
486	1.67803e-05	
486.2	1.64443e-05	
486.4	1.94608e-05	
486.6	1.91163e-05	
486.8	2.06649e-05	
487	2.17981e-05	
487.2	2.75274e-05	
487.4	2.90317e-05	
487.6	3.17748e-05	
487.8	3.54235e-05	
488	3.11353e-05	
488.2	3.13087e-05	
488.4	2.6033e-05	
488.6	3.49142e-05	
488.8	1.86874e-05	
489	1.38017e-05	
489.2	1.02498e-05	
489.4	9.38374e-06	
489.6	1.80277e-05	
489.8	1.54459e-05	
490	2.73354e-05	
490.2	3.71496e-05	
490.4	4.75789e-05	
490.6	5.49194e-05	
490.8	6.19687e-05	
491	6.64304e-05	
491.2	6.83212e-05	
491.4	7.04287e-05	
491.6	6.4392e-05	
491.8	5.67486e-05	
492	4.99828e-05	
492.2	4.23269e-05	
492.4	2.94872e-05	
492.6	1.72607e-05	
492.8	7.84116e-06	
493	-2.67361e-06	
493.2	-1.38996e-05	
493.4	-2.16495e-05	
493.6	-2.89447e-05	
493.8	-3.2583e-05	
494	-4.06566e-05	
494.2	-4.42325e-05	
494.4	-4.61072e-05	
494.6	-5.24021e-05	
494.8	-5.94834e-05	
495	-6.19436e-05	
495.2	-6.38244e-05	
495.4	-6.70709e-05	
495.6	-6.72005e-05	
495.8	-6.87214e-05	
496	-6.69002e-05	
496.2	-6.24935e-05	
496.4	-6.09394e-05	
496.6	-5.31651e-05	
496.8	-5.00276e-05	
497	-4.09115e-05	
497.2	-3.21142e-05	
497.4	-2.39597e-05	
497.6	-1.54698e-05	
497.8	-8.13035e-06	
498	4.85372e-06	
498.2	1.28225e-05	
498.4	2.42509e-05	
498.6	3.20696e-05	
498.8	4.14803e-05	
499	4.88841e-05	
499.2	5.83576e-05	
499.4	6.47988e-05	
499.6	7.14409e-05	
499.8	7.645e-05	
500	8.23729e-05	
500.2	8.4715e-05	
500.4	8.83533e-05	
500.6	8.93484e-05	
500.8	8.98089e-05	
501	8.6623e-05	
501.2	8.39682e-05	
501.4	8.63334e-05	
501.6	7.8336e-05	
501.8	7.25637e-05	
502	6.8311e-05	
502.2	6.4366e-05	
502.4	6.06551e-05	
502.6	5.4111e-05	
502.8	5.07637e-05	
503	4.49882e-05	
503.2	4.04476e-05	
503.4	3.33334e-05	
503.6	2.69476e-05	
503.8	1.88817e-05	
504	1.38332e-05	
504.2	5.70361e-07	
504.4	-6.09727e-06	
504.6	-1.98672e-05	
504.8	-3.45625e-05	
505	-4.87988e-05	
505.2	-6.26043e-05	
505.4	-7.79912e-05	
505.6	-9.43878e-05	
505.8	-0.000110006	
506	-0.000126269	
506.2	-0.000144974	
506.4	-0.000162369	
506.6	-0.000174986	
506.8	-0.000181064	
507	-0.000197836	
507.2	-0.000211876	
507.4	-0.000211428	
507.6	-0.000209694	
507.8	-0.000210114	
508	-0.000194388	
508.2	-0.000178373	
508.4	-0.000156287	
508.6	-0.00013416	
508.8	-0.000106119	
509	-7.05306e-05	
509.2	-3.26105e-05	
509.4	8.19645e-07	
509.6	3.5922e-05	
509.8	6.17154e-05	
510	0.000107527	
510.2	0.000131513	
510.4	0.00015834	
510.6	0.00017729	
510.8	0.000191651	
511	0.000196328	
511.2	0.00019574	
511.4	0.000195872	
511.6	0.000183001	
511.8	0.000172314	
512	0.000155646	
512.2	0.000136347	
512.4	0.00011432	
512.6	9.77783e-05	
512.8	7.78705e-05	
513	5.86292e-05	
513.2	4.05297e-05	
513.4	2.76843e-05	
513.6	1.77868e-05	
513.8	4.97178e-06	
514	-3.18113e-06	
514.2	-5.15345e-06	
514.4	-1.1763e-05	
514.6	-1.54548e-05	
514.8	-1.62632e-05	
515	-9.28278e-06	
515.2	-9.71024e-06	
515.4	-8.00629e-06	
515.6	-1.32594e-06	
515.8	-4.23785e-08	
516	3.40496e-06	
516.2	5.48128e-06	
516.4	7.46862e-06	
516.6	5.83428e-07	
516.8	5.69975e-06	
517	1.40391e-05	
517.2	-8.05154e-06	
517.4	-1.33865e-05	
517.6	-1.25248e-05	
517.8	-1.85129e-05	
518	-2.00447e-05	
518.2	-2.40503e-05	
518.4	-2.40501e-05	
518.6	-2.12277e-05	
518.8	-2.30236e-05	
519	-2.39029e-05	
519.2	-2.19606e-05	
519.4	-1.17625e-05	
519.6	-1.87675e-05	
519.8	-2.1687e-05	
520	-2.09054e-05	
520.2	-2.02597e-05	
520.4	-2.04495e-05	
520.6	-2.70905e-05	
520.8	-2.53148e-05	
521	-2.92155e-05	
521.2	-2.84653e-05	
521.4	-3.75182e-05	
521.6	-4.28677e-05	
521.8	-4.60791e-05	
522	-4.75607e-05	
522.2	-5.00616e-05	
522.4	-5.23314e-05	
522.6	-5.05867e-05	
522.8	-5.33497e-05	
523	-4.87173e-05	
523.2	-4.29688e-05	
523.4	-3.86054e-05	
523.6	-3.61075e-05	
523.8	-2.62202e-05	
524	-2.40269e-05	
524.2	-1.3789e-05	
524.4	-1.14618e-05	
524.6	-3.48988e-06	
524.8	7.01355e-07	
525	7.05467e-06	
525.2	7.46796e-06	
525.4	9.98892e-06	
525.6	1.34836e-05	
525.8	1.25488e-05	
526	1.14858e-05	
526.2	1.37459e-05	
526.4	1.41939e-05	
526.6	1.55807e-05	
526.8	1.33547e-05	
527	1.30626e-05	
527.2	1.84319e-05	
527.4	1.80248e-05	
527.6	1.48381e-05	
527.8	1.43775e-05	
528	1.04755e-05	
528.2	4.92786e-06	
528.4	-9.48885e-07	
528.6	-7.45731e-06	
528.8	-1.20487e-05	
529	-1.96778e-05	
529.2	-3.084e-05	
529.4	-3.16861e-05	
529.6	-3.69616e-05	
529.8	-3.95653e-05	
530	-4.44279e-05	
530.2	-4.68616e-05	
530.4	-4.12244e-05	
530.6	-4.44714e-05	
530.8	-4.07734e-05	
531	-3.72375e-05	
531.2	-2.36186e-05	
531.4	-2.27103e-05	
531.6	-1.21806e-05	
531.8	-2.09077e-06	
532	9.7365e-06	
532.2	1.77898e-05	
532.4	2.37078e-05	
532.6	3.00556e-05	
532.8	3.70769e-05	
533	3.70231e-05	
533.2	3.79887e-05	
533.4	3.53856e-05	
533.6	3.17745e-05	
533.8	2.8288e-05	
534	1.68694e-05	
534.2	8.63715e-06	
534.4	-6.05887e-07	
534.6	-1.14187e-05	
534.8	-1.9725e-05	
535	-2.75977e-05	
535.2	-3.63235e-05	
535.4	-4.07605e-05	
535.6	-4.85956e-05	
535.8	-5.32831e-05	
536	-5.9469e-05	
536.2	-5.77537e-05	
536.4	-6.06421e-05	
536.6	-6.45427e-05	
536.8	-6.63067e-05	
537	-6.35466e-05	
537.2	-5.85674e-05	
537.4	-6.00562e-05	
537.6	-5.29286e-05	
537.8	-5.6754e-05	
538	-6.02714e-05	
538.2	-6.13817e-05	
538.4	-5.30898e-05	
538.6	-4.68628e-05	
538.8	-4.06319e-05	
539	-3.56417e-05	
539.2	-2.62227e-05	
539.4	-1.51388e-05	
539.6	-8.18369e-06	
539.8	-9.44798e-08	
540	7.9603e-06	
540.2	1.59751e-05	
540.4	2.21181e-05	
540.6	3.10058e-05	
540.8	3.08828e-05	
541	3.54793e-05	
541.2	3.68054e-05	
541.4	3.21027e-05	
541.6	2.65121e-05	
541.8	2.21542e-05	
542	1.11391e-05	
542.2	-3.30126e-06	
542.4	-2.01352e-05	
542.6	-3.65087e-05	
542.8	-5.1539e-05	
543	-6.75536e-05	
543.2	-7.83077e-05	
543.4	-9.56895e-05	
543.6	-0.000109133	
543.8	-0.000110628	
544	-0.00011024	
544.2	-0.000108023	
544.4	-0.000102366	
544.6	-9.57072e-05	
544.8	-8.52705e-05	
545	-6.8249e-05	
545.2	-5.49892e-05	
545.4	-4.35706e-05	
545.6	-3.3922e-05	
545.8	-2.89132e-05	
546	-2.12957e-05	
546.2	-1.87855e-05	
546.4	-1.56847e-05	
546.6	-1.77835e-05	
546.8	-1.60605e-05	
547	-1.75654e-05	
547.2	-1.7023e-05	
547.4	-1.72173e-05	
547.6	-1.4845e-05	
547.8	-1.01564e-05	
548	-7.25023e-06	
548.2	2.28837e-07	
548.4	1.16912e-05	
548.6	2.04164e-05	
548.8	3.03273e-05	
549	3.78581e-05	
549.2	5.3027e-05	
549.4	6.11961e-05	
549.6	6.91294e-05	
549.8	7.75607e-05	
550	8.29014e-05	
550.2	8.67324e-05	
550.4	8.87824e-05	
550.6	8.86967e-05	
550.8	8.61396e-05	
551	7.9873e-05	
551.2	7.17536e-05	
551.4	6.53923e-05	
551.6	5.79543e-05	
551.8	4.63052e-05	
552	3.53107e-05	
552.2	2.8332e-05	
552.4	2.0454e-05	
552.6	8.58019e-06	
552.8	1.76258e-06	
553	-6.00708e-06	
553.2	-1.05868e-05	
553.4	-1.86663e-05	
553.6	-2.15398e-05	
553.8	-2.10931e-05	
554	-2.92853e-05	
554.2	-2.83448e-05	
554.4	-3.02633e-05	
554.6	-2.76584e-05	
554.8	-2.58876e-05	
555	-2.16572e-05	
555.2	-1.96956e-05	
555.4	-1.36922e-05	
555.6	-9.85386e-06	
555.8	-5.4054e-06	
556	5.12169e-06	
556.2	1.45387e-05	
556.4	1.82158e-05	
556.6	2.70078e-05	
556.8	3.83219e-05	
557	4.82517e-05	
557.2	5.41262e-05	
557.4	6.35139e-05	
557.6	7.26686e-05	
557.8	8.24504e-05	
558	8.72144e-05	
558.2	9.65572e-05	
558.4	0.00010298	
558.6	0.000109533	
558.8	0.000113522	
559	0.00012218	
559.2	0.000123517	
559.4	0.000125837	
559.6	0.000129176	
559.8	0.0001341	
560	0.000135926	
560.2	0.000130278	
560.4	0.000134376	
560.6	0.00013408	
560.8	0.000128841	
561	0.000129436	
561.2	0.000123744	
561.4	0.000121616	
561.6	0.000114425	
561.8	0.000112202	
562	0.000108205	
562.2	0.000102282	
562.4	0.000101585	
562.6	9.9431e-05	
562.8	9.61708e-05	
563	9.50149e-05	
563.2	9.70318e-05	
563.4	9.96646e-05	
563.6	9.91231e-05	
563.8	9.77426e-05	
564	0.000102468	
564.2	0.000105478	
564.4	0.000105654	
564.6	0.000103846	
564.8	0.00010383	
565	0.000106701	
565.2	0.000105426	
565.4	0.000102661	
565.6	0.000101567	
565.8	0.00010175	
566	9.43481e-05	
566.2	9.51058e-05	
566.4	9.83921e-05	
566.6	9.60073e-05	
566.8	9.17558e-05	
567	9.01606e-05	
567.2	8.85276e-05	
567.4	8.08437e-05	
567.6	7.35884e-05	
567.8	6.25454e-05	
568	5.77659e-05	
568.2	4.70026e-05	
568.4	3.46989e-05	
568.6	2.44537e-05	
568.8	1.2285e-05	
569	3.42802e-06	
569.2	-7.76091e-06	
569.4	-1.56439e-05	
569.6	-2.4286e-05	
569.8	-3.27417e-05	
570	-3.52694e-05	
570.2	-4.0347e-05	
570.4	-4.28929e-05	
570.6	-4.33377e-05	
570.8	-4.3428e-05	
571	-4.01371e-05	
571.2	-3.95606e-05	
571.4	-3.51962e-05	
571.6	-3.19035e-05	
571.8	-2.90523e-05	
572	-2.22716e-05	
572.2	-1.20241e-05	
572.4	-1.2474e-05	
572.6	-5.4553e-06	
572.8	-6.98638e-06	
573	2.64479e-06	
573.2	2.33259e-06	
573.4	6.49149e-06	
573.6	7.08494e-06	
573.8	1.32452e-05	
574	1.82003e-05	
574.2	1.93663e-05	
574.4	2.00856e-05	
574.6	2.59133e-05	
574.8	2.96053e-05	
575	3.3019e-05	
575.2	3.35081e-05	
575.4	3.94739e-05	
575.6	4.18625e-05	
575.8	4.41072e-05	
576	4.4451e-05	
576.2	4.59076e-05	
576.4	4.75119e-05	
576.6	4.73947e-05	
576.8	4.5975e-05	
577	4.46406e-05	
577.2	4.31832e-05	
577.4	3.80873e-05	
577.6	3.45165e-05	
577.8	2.98583e-05	
578	2.47723e-05	
578.2	1.83079e-05	
578.4	1.306e-05	
578.6	7.10026e-06	
578.8	4.70874e-07	
579	-2.81256e-06	
579.2	-8.63487e-06	
579.4	-1.35325e-05	
579.6	-1.86503e-05	
579.8	-1.94497e-05	
580	-2.53558e-05	
580.2	-2.6823e-05	
580.4	-3.00202e-05	
580.6	-3.04192e-05	
580.8	-3.36056e-05	
581	-3.07687e-05	
581.2	-3.42597e-05	
581.4	-2.95264e-05	
581.6	-3.21753e-05	
581.8	-2.78641e-05	
582	-2.85082e-05	
582.2	-2.38555e-05	
582.4	-2.27669e-05	
582.6	-2.59374e-05	
582.8	-2.49454e-05	
583	-2.09944e-05	
583.2	-2.42792e-05	
583.4	-2.0933e-05	
583.6	-2.03662e-05	
583.8	-1.82766e-05	
584	-1.73256e-05	
584.2	-1.04664e-05	
584.4	-1.15855e-05	
584.6	-5.33253e-06	
584.8	-2.089e-06	
585	3.01787e-06	
585.2	5.74846e-06	
585.4	1.34468e-05	
585.6	1.76535e-05	
585.8	2.04966e-05	
586	2.65014e-05	
586.2	3.19575e-05	
586.4	3.52584e-05	
586.6	3.51456e-05	
586.8	3.61503e-05	
587	3.85373e-05	
587.2	3.92021e-05	
587.4	3.42616e-05	
587.6	2.98945e-05	
587.8	2.9992e-05	
588	2.61802e-05	
588.2	2.01151e-05	
588.4	1.57307e-05	
588.6	1.39276e-05	
588.8	1.05534e-05	
589	7.21783e-06	
589.2	5.44291e-06	
589.4	6.31683e-06	
589.6	8.13996e-06	
589.8	1.10348e-05	
590	1.51978e-05	
590.2	2.3198e-05	
590.4	3.30444e-05	
590.6	4.50758e-05	
590.8	5.43834e-05	
591	6.70486e-05	
591.2	8.25123e-05	
591.4	9.32438e-05	
591.6	0.00010663	
591.8	0.000114568	
592	0.000130214	
592.2	0.00013542	
592.4	0.000142169	
592.6	0.000139358	
592.8	0.000142438	
593	0.000141193	
593.2	0.000132229	
593.4	0.000125802	
593.6	0.000119143	
593.8	0.000110804	
594	8.90035e-05	
594.2	7.5912e-05	
594.4	6.30102e-05	
594.6	4.30398e-05	
594.8	2.20995e-05	
595	5.59756e-06	
595.2	-5.14991e-06	
595.4	-2.07483e-05	
595.6	-3.5788e-05	
595.8	-5.12969e-05	
596	-5.642e-05	
596.2	-6.80292e-05	
596.4	-7.76842e-05	
596.6	-8.76551e-05	
596.8	-9.20746e-05	
597	-9.81173e-05	
597.2	-0.000105632	
597.4	-0.000115897	
597.6	-0.000120709	
597.8	-0.000128718	
598	-0.000133093	
598.2	-0.000142303	
598.4	-0.000148732	
598.6	-0.000153573	
598.8	-0.000156256	
599	-0.000161334	
599.2	-0.000162372	
599.4	-0.000160548	
599.6	-0.000158389	
599.8	-0.000151577	
600	-0.000146666	
600.2	-0.000135778	
600.4	-0.000119029	
600.6	-0.000103733	
600.8	-8.5994e-05	
601	-7.5374e-05	
601.2	-5.28009e-05	
601.4	-3.60248e-05	
601.6	-1.55892e-05	
601.8	1.58086e-06	
602	2.31265e-05	
602.2	3.81638e-05	
602.4	5.86809e-05	
602.6	7.52393e-05	
602.8	9.06017e-05	
603	0.000108496	
603.2	0.000126021	
603.4	0.000138777	
603.6	0.000149984	
603.8	0.000166578	
604	0.000180822	
604.2	0.000180277	
604.4	0.000186032	
604.6	0.000196195	
604.8	0.00019688	
605	0.000198478	
605.2	0.000194016	
605.4	0.000200448	
605.6	0.000200543	
605.8	0.000195829	
606	0.000189871	
606.2	0.00018427	
606.4	0.000179965	
606.6	0.000175758	
606.8	0.00016813	
607	0.000154296	
607.2	0.000145013	
607.4	0.000131142	
607.6	0.000126073	
607.8	0.000112454	
608	9.65281e-05	
608.2	8.55981e-05	
608.4	7.50623e-05	
608.6	6.0218e-05	
608.8	4.61086e-05	
609	3.61581e-05	
609.2	2.77814e-05	
609.4	1.51605e-05	
609.6	3.47424e-06	
609.8	-2.32215e-06	
610	-4.8429e-06	
610.2	-1.3072e-05	
610.4	-1.91653e-05	
610.6	-2.38428e-05	
610.8	-2.87245e-05	
611	-3.29957e-05	
611.2	-3.35443e-05	
611.4	-3.6602e-05	
611.6	-4.06957e-05	
611.8	-4.2063e-05	
612	-4.04049e-05	
612.2	-4.51564e-05	
612.4	-4.84588e-05	
612.6	-4.52395e-05	
612.8	-4.57679e-05	
613	-4.93643e-05	
613.2	-4.82166e-05	
613.4	-4.63179e-05	
613.6	-4.598e-05	
613.8	-5.02884e-05	
614	-4.37398e-05	
614.2	-4.42144e-05	
614.4	-4.44152e-05	
614.6	-4.77808e-05	
614.8	-4.5961e-05	
615	-4.71685e-05	
615.2	-4.68361e-05	
615.4	-4.68047e-05	
615.6	-4.71514e-05	
615.8	-4.96296e-05	
616	-4.7955e-05	
616.2	-4.76296e-05	
616.4	-4.42848e-05	
616.6	-4.28802e-05	
616.8	-4.38871e-05	
617	-4.23654e-05	
617.2	-4.00746e-05	
617.4	-3.6412e-05	
617.6	-3.71341e-05	
617.8	-3.74731e-05	
618	-3.56217e-05	
618.2	-3.51448e-05	
618.4	-3.34805e-05	
618.6	-3.6434e-05	
618.8	-3.85484e-05	
619	-3.69805e-05	
619.2	-3.35546e-05	
619.4	-3.64569e-05	
619.6	-3.365e-05	
619.8	-2.84619e-05	
620	-1.82967e-05	
620.2	-1.55745e-05	
620.4	-3.57397e-06	
620.6	1.36816e-05	
620.8	3.16545e-05	
621	4.66305e-05	
621.2	6.39363e-05	
621.4	8.40785e-05	
621.6	0.000108638	
621.8	0.000131938	
622	0.000155201	
622.2	0.000167783	
622.4	0.000190404	
622.6	0.000206135	
622.8	0.000215512	
623	0.000220669	
623.2	0.000222976	
623.4	0.000221228	
623.6	0.000207861	
623.8	0.000201293	
624	0.000179375	
624.2	0.000156813	
624.4	0.000135375	
624.6	0.000113099	
624.8	7.99509e-05	
625	5.79175e-05	
625.2	3.63551e-05	
625.4	1.31137e-05	
625.6	-9.2971e-06	
625.8	-2.59595e-05	
626	-3.92945e-05	
626.2	-4.3891e-05	
626.4	-4.86569e-05	
626.6	-5.35655e-05	
626.8	-5.32951e-05	
627	-4.52579e-05	
627.2	-3.98956e-05	
627.4	-3.55341e-05	
627.6	-2.93448e-05	
627.8	-2.10214e-05	
628	-1.23625e-05	
628.2	-7.11566e-06	
628.4	6.45318e-07	
628.6	6.79657e-06	
628.8	1.5592e-05	
629	1.84354e-05	
629.2	2.62432e-05	
629.4	3.10847e-05	
629.6	3.82367e-05	
629.8	3.81664e-05	
630	4.1959e-05	
630.2	4.25e-05	
630.4	4.70583e-05	
630.6	4.87283e-05	
630.8	4.4676e-05	
631	4.58858e-05	
631.2	4.66634e-05	
631.4	4.83148e-05	
631.6	4.01247e-05	
631.8	4.349e-05	
632	4.14426e-05	
632.2	3.95992e-05	
632.4	3.10392e-05	
632.6	3.39511e-05	
632.8	3.29896e-05	
633	2.88888e-05	
633.2	3.02606e-05	
633.4	2.9521e-05	
633.6	3.17689e-05	
633.8	2.98182e-05	
634	3.70082e-05	
634.2	4.47984e-05	
634.4	5.05839e-05	
634.6	5.51309e-05	
634.8	6.41733e-05	
635	7.28527e-05	
635.2	8.20014e-05	
635.4	8.57352e-05	
635.6	9.45405e-05	
635.8	0.000102234	
636	0.000107793	
636.2	0.000109336	
636.4	0.00010829	
636.6	0.000109056	
636.8	0.000109676	
637	0.000101229	
637.2	9.41937e-05	
637.4	8.797e-05	
637.6	7.95186e-05	
637.8	6.81693e-05	
638	5.59482e-05	
638.2	4.17377e-05	
638.4	3.60235e-05	
638.6	2.27613e-05	
638.8	1.05511e-05	
639	-2.18437e-06	
639.2	-6.70903e-06	
639.4	-1.54386e-05	
639.6	-2.36771e-05	
639.8	-2.9038e-05	
640	-3.30949e-05	
640.2	-3.14651e-05	
640.4	-3.56961e-05	
640.6	-3.36939e-05	
640.8	-3.62328e-05	
641	-3.7602e-05	
641.2	-3.55324e-05	
641.4	-3.78078e-05	
641.6	-3.99271e-05	
641.8	-4.32007e-05	
642	-4.20382e-05	
642.2	-3.91812e-05	
642.4	-4.08447e-05	
642.6	-4.10885e-05	
642.8	-4.17855e-05	
643	-3.96758e-05	
643.2	-3.77361e-05	
643.4	-3.79607e-05	
643.6	-3.16776e-05	
643.8	-2.50314e-05	
644	-2.08512e-05	
644.2	-1.39072e-05	
644.4	-8.73773e-06	
644.6	-1.64437e-06	
644.8	7.71224e-06	
645	1.71646e-05	
645.2	2.60865e-05	
645.4	3.35393e-05	
645.6	4.37222e-05	
645.8	5.59959e-05	
646	6.19517e-05	
646.2	6.94647e-05	
646.4	7.66959e-05	
646.6	8.55885e-05	
646.8	8.48758e-05	
647	8.91646e-05	
647.2	8.78192e-05	
647.4	8.71232e-05	
647.6	8.42019e-05	
647.8	7.64565e-05	
648	6.84225e-05	
648.2	6.42814e-05	
648.4	5.95582e-05	
648.6	5.24896e-05	
648.8	5.14752e-05	
649	4.45697e-05	
649.2	4.12799e-05	
649.4	3.62803e-05	
649.6	3.36671e-05	
649.8	3.20853e-05	
650	3.36689e-05	
650.2	3.31612e-05	
650.4	3.35793e-05	
650.6	3.44639e-05	
650.8	3.71143e-05	
651	3.53514e-05	
651.2	3.47762e-05	
651.4	3.28964e-05	
651.6	3.19905e-05	
651.8	2.76612e-05	
652	2.24778e-05	
652.2	2.0821e-05	
652.4	1.09199e-05	
652.6	7.35749e-06	
652.8	2.5818e-06	
653	-2.00532e-06	
653.2	-5.03037e-06	
653.4	-7.47445e-06	
653.6	-9.8214e-06	
653.8	-1.29686e-05	
654	-1.61269e-05	
654.2	-1.78708e-05	
654.4	-2.07183e-05	
654.6	-2.11009e-05	
654.8	-2.40349e-05	
655	-2.55093e-05	
655.2	-2.59238e-05	
655.4	-2.29385e-05	
655.6	-2.19054e-05	
655.8	-1.90838e-05	
656	-1.31002e-05	
656.2	-3.45984e-06	
656.4	2.01782e-06	
656.6	9.07043e-06	
656.8	2.0898e-05	
657	3.34754e-05	
657.2	3.8812e-05	
657.4	4.55526e-05	
657.6	5.33428e-05	
657.8	6.51106e-05	
658	6.61998e-05	
658.2	6.92983e-05	
658.4	7.35031e-05	
658.6	7.92544e-05	
658.8	8.19524e-05	
659	7.77193e-05	
659.2	8.00851e-05	
659.4	8.27016e-05	
659.6	8.97633e-05	
659.8	8.61623e-05	
660	7.86207e-05	
660.2	7.77902e-05	
660.4	8.33033e-05	
660.6	8.19581e-05	
660.8	7.79466e-05	
661	6.95709e-05	
661.2	6.91056e-05	
661.4	6.54593e-05	
661.6	5.96713e-05	
661.8	5.50016e-05	
662	4.82574e-05	
662.2	4.25185e-05	
662.4	4.14304e-05	
662.6	3.54924e-05	
662.8	2.66171e-05	
663	1.70782e-05	
663.2	2.03424e-05	
663.4	2.41845e-05	
663.6	1.69509e-05	
663.8	1.90812e-05	
664	2.21986e-05	
664.2	2.48473e-05	
664.4	2.61094e-05	
664.6	2.97279e-05	
664.8	3.22849e-05	
665	3.55393e-05	
665.2	3.71236e-05	
665.4	3.84411e-05	
665.6	4.02213e-05	
665.8	3.95499e-05	
666	3.89892e-05	
666.2	3.79253e-05	
666.4	3.91929e-05	
666.6	3.62245e-05	
666.8	3.44234e-05	
667	3.70278e-05	
667.2	3.34631e-05	
667.4	3.20099e-05	
667.6	3.28112e-05	
667.8	3.70297e-05	
668	3.60358e-05	
668.2	3.35892e-05	
668.4	3.42322e-05	
668.6	3.78096e-05	
668.8	3.71083e-05	
669	3.24277e-05	
669.2	3.01697e-05	
669.4	2.88236e-05	
669.6	2.14179e-05	
669.8	1.83844e-05	
670	1.23314e-05	
670.2	6.54692e-06	
670.4	-4.74647e-06	
670.6	-1.066e-05	
670.8	-1.59989e-05	
671	-2.3632e-05	
671.2	-3.27914e-05	
671.4	-4.06215e-05	
671.6	-4.66479e-05	
671.8	-5.12771e-05	
672	-5.96017e-05	
672.2	-6.32496e-05	
672.4	-6.85205e-05	
672.6	-6.99976e-05	
672.8	-7.57411e-05	
673	-7.98389e-05	
673.2	-8.21594e-05	
673.4	-8.36984e-05	
673.6	-8.72853e-05	
673.8	-8.49529e-05	
674	-8.6141e-05	
674.2	-8.60518e-05	
674.4	-8.30132e-05	
674.6	-8.0515e-05	
674.8	-7.33581e-05	
675	-6.60438e-05	
675.2	-6.204e-05	
675.4	-4.84869e-05	
675.6	-4.3111e-05	
675.8	-3.49556e-05	
676	-2.57388e-05	
676.2	-2.46454e-05	
676.4	-1.95499e-05	
676.6	-1.69893e-05	
676.8	-1.59663e-05	
677	-1.76261e-05	
677.2	-2.00075e-05	
677.4	-2.60946e-05	
677.6	-3.18693e-05	
677.8	-3.97174e-05	
678	-4.01789e-05	
678.2	-4.8504e-05	
678.4	-5.01501e-05	
678.6	-4.89566e-05	
678.8	-5.76015e-05	
679	-5.8878e-05	
679.2	-5.71236e-05	
679.4	-5.5611e-05	
679.6	-5.46226e-05	
679.8	-5.04469e-05	
680	-4.5587e-05	
680.2	-3.79284e-05	
680.4	-3.26856e-05	
680.6	-2.61676e-05	
680.8	-2.06654e-05	
681	-1.37414e-05	
681.2	-8.07834e-06	
681.4	-3.3763e-06	
681.6	3.40591e-06	
681.8	3.80924e-06	
682	9.35469e-06	
682.2	1.02486e-05	
682.4	1.36173e-05	
682.6	1.53361e-05	
682.8	1.37584e-05	
683	1.73734e-05	
683.2	1.47081e-05	
683.4	1.54645e-05	
683.6	1.0019e-05	
683.8	1.37627e-05	
684	1.26759e-05	
684.2	1.03541e-05	
684.4	5.99798e-06	
684.6	2.69375e-06	
684.8	-2.07083e-06	
685	-6.30243e-06	
685.2	-1.4774e-05	
685.4	-2.45556e-05	
685.6	-3.32251e-05	
685.8	-3.90892e-05	
686	-5.03716e-05	
686.2	-6.08014e-05	
686.4	-6.84254e-05	
686.6	-8.06121e-05	
686.8	-8.70462e-05	
687	-9.67702e-05	
687.2	-0.000100619	
687.4	-0.000106887	
687.6	-0.00011191	
687.8	-0.000112678	
688	-0.000117403	
688.2	-0.000117747	
688.4	-0.0001226	
688.6	-0.000122062	
688.8	-0.000128206	
689	-0.000126629	
689.2	-0.000136758	
689.4	-0.00014068	
689.6	-0.000145606	
689.8	-0.000150483	
690	-0.000158073	
690.2	-0.000160702	
690.4	-0.000171889	
690.6	-0.000176741	
690.8	-0.000180067	
691	-0.000188287	
691.2	-0.000187151	
691.4	-0.000184947	
691.6	-0.00018738	
691.8	-0.000188572	
692	-0.000186822	
692.2	-0.000181548	
692.4	-0.00018349	
692.6	-0.000180566	
692.8	-0.000179082	
693	-0.000175251	
693.2	-0.000167211	
693.4	-0.000165417	
693.6	-0.00015944	
693.8	-0.000148462	
694	-0.000139526	
694.2	-0.000129319	
694.4	-0.000115994	
694.6	-0.000100316	
694.8	-8.81567e-05	
695	-7.46586e-05	
695.2	-5.81991e-05	
695.4	-4.40274e-05	
695.6	-3.47864e-05	
695.8	-2.38886e-05	
696	-1.04118e-05	
696.2	-2.38073e-06	
696.4	1.95719e-06	
696.6	2.86319e-06	
696.8	8.05754e-06	
697	1.10791e-05	
697.2	9.79101e-06	
697.4	8.49088e-06	
697.6	6.4709e-06	
697.8	6.78087e-06	
698	4.34925e-06	
698.2	2.05416e-06	
698.4	1.84982e-06	
698.6	-1.05527e-06	
698.8	-9.02965e-07	
699	-2.16984e-06	
699.2	-1.49262e-06	
699.4	1.16795e-07	
699.6	4.62777e-08	
699.8	1.42502e-06	
700	1.99461e-06	
700.2	7.29353e-06	
700.4	9.07432e-06	
700.6	1.24874e-05	
700.8	1.5224e-05	
701	1.61816e-05	
701.2	2.12256e-05	
701.4	2.47476e-05	
701.6	2.98914e-05	
701.8	2.77346e-05	
702	3.15404e-05	
702.2	2.89438e-05	
702.4	3.09268e-05	
702.6	3.34173e-05	
702.8	2.73682e-05	
703	1.91956e-05	
703.2	2.09803e-05	
703.4	2.23253e-05	
703.6	1.6282e-05	
703.8	1.71111e-05	
704	8.3598e-06	
704.2	7.76729e-06	
704.4	7.90963e-06	
704.6	7.11288e-06	
704.8	4.69742e-06	
705	8.20535e-06	
705.2	1.36464e-05	
705.4	1.84288e-05	
705.6	2.15788e-05	
705.8	2.86966e-05	
706	3.4982e-05	
706.2	3.85281e-05	
706.4	4.41556e-05	
706.6	4.42011e-05	
706.8	4.44182e-05	
707	4.94884e-05	
707.2	4.73211e-05	
707.4	4.45774e-05	
707.6	4.31913e-05	
707.8	4.67798e-05	
708	4.44667e-05	
708.2	3.89955e-05	
708.4	3.68049e-05	
708.6	3.94312e-05	
708.8	3.59674e-05	
709	3.38941e-05	
709.2	3.708e-05	
709.4	4.71754e-05	
709.6	3.94623e-05	
709.8	4.17154e-05	
710	4.88533e-05	
710.2	5.72457e-05	
710.4	5.49634e-05	
710.6	4.86719e-05	
710.8	6.29432e-05	
711	5.97825e-05	
711.2	6.78898e-05	
711.4	6.45546e-05	
711.6	6.78255e-05	
711.8	6.68108e-05	
712	6.70011e-05	
712.2	6.8772e-05	
712.4	6.83473e-05	
712.6	6.68173e-05	
712.8	6.88209e-05	
713	6.77019e-05	
713.2	6.49027e-05	
713.4	6.21313e-05	
713.6	5.84308e-05	
713.8	5.20487e-05	
714	4.05035e-05	
714.2	2.56649e-05	
714.4	2.42949e-05	
714.6	1.29056e-05	
714.8	4.5811e-07	
715	-1.24455e-05	
715.2	-2.54522e-05	
715.4	-3.98697e-05	
715.6	-5.32166e-05	
715.8	-6.4109e-05	
716	-7.73944e-05	
716.2	-9.29405e-05	
716.4	-0.000105244	
716.6	-0.000115219	
716.8	-0.000125817	
717	-0.000137862	
717.2	-0.000144524	
717.4	-0.000149958	
717.6	-0.000155932	
717.8	-0.000158709	
718	-0.000159488	
718.2	-0.000159744	
718.4	-0.000156359	
718.6	-0.00015449	
718.8	-0.000149213	
719	-0.000145593	
719.2	-0.000142487	
719.4	-0.000139678	
719.6	-0.000139376	
719.8	-0.000144229	
720	-0.000128603	
720.2	-0.000126392	
720.4	-0.000124702	
720.6	-0.000117471	
720.8	-0.000114934	
721	-0.000107162	
721.2	-0.000100628	
721.4	-9.17104e-05	
721.6	-8.80482e-05	
721.8	-7.92597e-05	
722	-7.45451e-05	
722.2	-6.94768e-05	
722.4	-6.56742e-05	
722.6	-6.00374e-05	
722.8	-6.17669e-05	
723	-5.80416e-05	
723.2	-5.60756e-05	
723.4	-5.81056e-05	
723.6	-6.18898e-05	
723.8	-5.90475e-05	
724	-5.8196e-05	
724.2	-5.73238e-05	
724.4	-5.94512e-05	
724.6	-5.38373e-05	
724.8	-5.24079e-05	
725	-4.94909e-05	
725.2	-4.93212e-05	
725.4	-4.49297e-05	
725.6	-4.01363e-05	
725.8	-3.73303e-05	
726	-3.79337e-05	
726.2	-3.48785e-05	
726.4	-3.47046e-05	
726.6	-3.26424e-05	
726.8	-3.18546e-05	
727	-3.33519e-05	
727.2	-3.36726e-05	
727.4	-3.32272e-05	
727.6	-3.38893e-05	
727.8	-3.31518e-05	
728	-3.44735e-05	
728.2	-3.17542e-05	
728.4	-3.23667e-05	
728.6	-3.18473e-05	
728.8	-3.06926e-05	
729	-3.04205e-05	
729.2	-4.04684e-05	
729.4	-3.7244e-05	
729.6	-3.0936e-05	
729.8	-2.98762e-05	
730	-3.80377e-05	
730.2	-3.61e-05	
730.4	-3.76984e-05	
730.6	-3.91888e-05	
730.8	-4.05908e-05	
731	-3.8585e-05	
731.2	-3.84253e-05	
731.4	-4.15582e-05	
731.6	-4.09084e-05	
731.8	-3.99817e-05	
732	-4.22748e-05	
732.2	-4.52211e-05	
732.4	-4.83377e-05	
732.6	-5.56323e-05	
732.8	-6.41756e-05	
733	-7.4147e-05	
733.2	-8.00262e-05	
733.4	-8.59261e-05	
733.6	-9.34212e-05	
733.8	-9.41223e-05	
734	-0.000101544	
734.2	-0.00010041	
734.4	-9.8027e-05	
734.6	-8.92494e-05	
734.8	-8.3305e-05	
735	-7.59629e-05	
735.2	-6.49968e-05	
735.4	-5.14843e-05	
735.6	-3.85115e-05	
735.8	-2.75965e-05	
736	-1.23812e-05	
736.2	3.00828e-06	
736.4	1.66011e-05	
736.6	3.02903e-05	
736.8	4.06324e-05	
737	5.3445e-05	
737.2	6.24607e-05	
737.4	6.84712e-05	
737.6	7.65066e-05	
737.8	7.6605e-05	
738	7.8647e-05	
738.2	8.331e-05	
738.4	7.80564e-05	
738.6	8.25923e-05	
738.8	7.49582e-05	
739	6.77909e-05	
739.2	7.0112e-05	
739.4	7.61342e-05	
739.6	6.65045e-05	
739.8	5.98069e-05	
740	5.85831e-05	
740.2	6.08454e-05	
740.4	5.65384e-05	
740.6	5.03957e-05	
740.8	4.39775e-05	
741	4.19087e-05	
741.2	3.58641e-05	
741.4	3.34122e-05	
741.6	2.83211e-05	
741.8	2.57304e-05	
742	2.11431e-05	
742.2	2.12129e-05	
742.4	1.59051e-05	
742.6	1.67182e-05	
742.8	1.24684e-05	
743	1.15535e-05	
743.2	8.32411e-06	
743.4	2.10996e-06	
743.6	5.73474e-07	
743.8	-6.94709e-06	
744	-1.18126e-05	
744.2	-2.13421e-05	
744.4	-2.70965e-05	
744.6	-3.42191e-05	
744.8	-3.74724e-05	
745	-4.7269e-05	
745.2	-5.05513e-05	
745.4	-5.66048e-05	
745.6	-6.28838e-05	
745.8	-6.51678e-05	
746	-7.0533e-05	
746.2	-7.61565e-05	
746.4	-7.54532e-05	
746.6	-7.98094e-05	
746.8	-8.27012e-05	
747	-8.32251e-05	
747.2	-8.27965e-05	
747.4	-8.44218e-05	
747.6	-7.99071e-05	
747.8	-7.72627e-05	
748	-7.45396e-05	
748.2	-7.44027e-05	
748.4	-6.77062e-05	
748.6	-6.30559e-05	
748.8	-6.113e-05	
749	-5.75608e-05	
749.2	-5.186e-05	
749.4	-4.82273e-05	
749.6	-4.72967e-05	
749.8	-4.21992e-05	
750	-3.75195e-05	
750.2	-3.92008e-05	
750.4	-3.75265e-05	
750.6	-3.51854e-05	
750.8	-3.14385e-05	
751	-3.43178e-05	
751.2	-3.21814e-05	
751.4	-3.13088e-05	
751.6	-3.13351e-05	
751.8	-3.23993e-05	
752	-2.92703e-05	
752.2	-2.41356e-05	
752.4	-2.56446e-05	
752.6	-1.98447e-05	
752.8	-1.4633e-05	
753	-6.14737e-06	
753.2	-3.64323e-06	
753.4	7.78938e-06	
753.6	1.55588e-05	
753.8	2.32124e-05	
754	2.73804e-05	
754.2	3.20527e-05	
754.4	3.19884e-05	
754.6	3.0881e-05	
754.8	2.92188e-05	
755	2.7458e-05	
755.2	1.78282e-05	
755.4	1.26081e-05	
755.6	2.15878e-06	
755.8	-1.14758e-05	
756	-2.46465e-05	
756.2	-3.51912e-05	
756.4	-5.02684e-05	
756.6	-6.4965e-05	
756.8	-7.69652e-05	
757	-8.87046e-05	
757.2	-9.96176e-05	
757.4	-0.000109814	
757.6	-0.000110743	
757.8	-0.000132637	
758	-0.000138812	
758.2	-0.000143247	
758.4	-0.000140062	
758.6	-0.000151127	
758.8	-0.000148687	
759	-0.000147321	
759.2	-0.000146338	
759.4	-0.000142794	
759.6	-0.000136522	
759.8	-0.000129448	
760	-0.000124882	
760.2	-0.000115223	
760.4	-0.000100397	
760.6	-9.14887e-05	
760.8	-8.05988e-05	
761	-6.5737e-05	
761.2	-5.40606e-05	
761.4	-4.15673e-05	
761.6	-3.0536e-05	
761.8	-2.04899e-05	
762	-8.65417e-06	
762.2	-1.00352e-06	
762.4	7.18198e-06	
762.6	1.26037e-05	
762.8	1.69086e-05	
763	2.27218e-05	
763.2	2.74605e-05	
763.4	2.63529e-05	
763.6	2.86158e-05	
763.8	3.29616e-05	
764	3.29257e-05	
764.2	3.01575e-05	
764.4	3.00222e-05	
764.6	3.25336e-05	
764.8	3.02534e-05	
765	2.48831e-05	
765.2	2.69736e-05	
765.4	2.9906e-05	
765.6	3.12721e-05	
765.8	3.15064e-05	
766	3.52485e-05	
766.2	4.21228e-05	
766.4	4.44481e-05	
766.6	4.73632e-05	
766.8	5.47237e-05	
767	6.13475e-05	
767.2	6.01517e-05	
767.4	6.0141e-05	
767.6	6.86844e-05	
767.8	8.59195e-05	
768	6.11893e-05	
768.2	5.62934e-05	
768.4	5.83041e-05	
768.6	5.87001e-05	
768.8	5.54038e-05	
769	5.22813e-05	
769.2	5.16961e-05	
769.4	4.87634e-05	
769.6	4.88119e-05	
769.8	4.30471e-05	
770	3.9614e-05	
770.2	3.17465e-05	
770.4	3.28242e-05	
770.6	2.53001e-05	
770.8	1.8773e-05	
771	1.07269e-05	
771.2	6.93062e-06	
771.4	2.84382e-06	
771.6	-4.64612e-06	
771.8	-1.23722e-05	
772	-1.35702e-05	
772.2	-1.66031e-05	
772.4	-2.19162e-05	
772.6	-2.50851e-05	
772.8	-2.97697e-05	
773	-2.84513e-05	
773.2	-3.41372e-05	
773.4	-3.41908e-05	
773.6	-3.53149e-05	
773.8	-4.16085e-05	
774	-4.86263e-05	
774.2	-5.09992e-05	
774.4	-5.46568e-05	
774.6	-6.24357e-05	
774.8	-6.95915e-05	
775	-7.38617e-05	
775.2	-7.81448e-05	
775.4	-8.40801e-05	
775.6	-8.47382e-05	
775.8	-8.73517e-05	
776	-8.96752e-05	
776.2	-8.80309e-05	
776.4	-8.57244e-05	
776.6	-8.6009e-05	
776.8	-8.36287e-05	
777	-8.05247e-05	
777.2	-7.7756e-05	
777.4	-7.57662e-05	
777.6	-7.52501e-05	
777.8	-7.26234e-05	
778	-6.84279e-05	
778.2	-6.55271e-05	
778.4	-6.56558e-05	
778.6	-6.37214e-05	
778.8	-5.96568e-05	
779	-5.54021e-05	
779.2	-5.24533e-05	
779.4	-4.47862e-05	
779.6	-4.05981e-05	
779.8	-3.92299e-05	
780	-3.64804e-05	
780.2	-2.77601e-05	
780.4	-2.53079e-05	
780.6	-1.90787e-05	
780.8	-1.12319e-05	
781	-7.6559e-06	
781.2	-4.18996e-06	
781.4	4.68918e-06	
781.6	1.24231e-05	
781.8	1.79913e-05	
782	2.29068e-05	
782.2	3.47446e-05	
782.4	4.07604e-05	
782.6	4.79456e-05	
782.8	5.51085e-05	
783	6.33334e-05	
783.2	6.84923e-05	
783.4	6.99549e-05	
783.6	6.89539e-05	
783.8	6.68848e-05	
784	6.2088e-05	
784.2	4.81411e-05	
784.4	3.73872e-05	
784.6	2.34702e-05	
784.8	2.54313e-06	
785	-2.272e-05	
785.2	-3.1433e-05	
785.4	-5.0158e-05	
785.6	-6.71336e-05	
785.8	-8.18289e-05	
786	-9.13715e-05	
786.2	-9.47297e-05	
786.4	-0.000100396	
786.6	-0.000113688	
786.8	-0.000101318	
787	-9.17393e-05	
787.2	-8.91351e-05	
787.4	-8.38458e-05	
787.6	-7.79339e-05	
787.8	-7.49368e-05	
788	-7.4716e-05	
788.2	-7.81407e-05	
788.4	-8.13549e-05	
788.6	-8.48967e-05	
788.8	-9.57974e-05	
789	-0.000105195	
789.2	-0.000113982	
789.4	-0.00012458	
789.6	-0.000136213	
789.8	-0.000150917	
790	-0.000155528	
790.2	-0.00016451	
790.4	-0.000171799	
790.6	-0.000174485	
790.8	-0.000171383	
791	-0.000169386	
791.2	-0.000165679	
791.4	-0.000156491	
791.6	-0.000132868	
791.8	-0.000131481	
792	-0.000121525	
792.2	-0.000113875	
792.4	-8.438e-05	
792.6	-6.86104e-05	
792.8	-5.59924e-05	
793	-4.14411e-05	
793.2	-2.78683e-05	
793.4	-1.90412e-05	
793.6	-1.12859e-05	
793.8	-1.33139e-06	
794	4.40224e-06	
794.2	1.09246e-05	
794.4	2.12534e-05	
794.6	1.33033e-05	
794.8	9.96114e-06	
795	9.26457e-06	
795.2	4.39803e-06	
795.4	3.83887e-07	
795.6	1.27341e-07	
795.8	-1.38347e-05	
796	-2.70496e-05	
796.2	-2.75099e-05	
796.4	-3.26297e-05	
796.6	-3.56654e-05	
796.8	-3.92128e-05	
797	-4.20599e-05	
797.2	-3.71863e-05	
797.4	-4.43889e-05	
797.6	-4.32838e-05	
797.8	-4.54665e-05	
798	-4.02944e-05	
798.2	-3.72424e-05	
798.4	-3.59402e-05	
798.6	-3.26501e-05	
798.8	-3.66997e-05	
799	-2.41801e-05	
799.2	-1.96536e-05	
799.4	-1.68662e-05	
799.6	-1.30858e-05	
799.8	-8.49027e-06	
800	-6.82443e-06	
800.2	1.71671e-06	
800.4	6.4176e-06	
800.6	1.15119e-05	
800.8	1.74401e-05	
801	1.85716e-05	
801.2	2.42198e-05	
801.4	2.76357e-05	
801.6	2.89209e-05	
801.8	2.91829e-05	
802	3.02672e-05	
802.2	2.97061e-05	
802.4	2.66405e-05	
802.6	2.27403e-05	
802.8	1.78468e-05	
803	2.02171e-05	
803.2	1.90377e-05	
803.4	1.7927e-05	
803.6	1.56106e-05	
803.8	3.44984e-05	
804	1.39989e-05	
804.2	7.36056e-06	
804.4	2.37822e-07	
804.6	-2.37203e-06	
804.8	-5.41822e-06	
805	-1.25701e-05	
805.2	-1.69807e-05	
805.4	-2.21619e-05	
805.6	-3.86658e-05	
805.8	-4.62241e-05	
806	-5.25149e-05	
806.2	-5.32323e-05	
806.4	-7.00246e-05	
806.6	-7.872e-05	
806.8	-9.0003e-05	
807	-8.62573e-05	
807.2	-9.61803e-05	
807.4	-0.000101197	
807.6	-0.000101243	
807.8	-0.000102677	
808	-0.000106024	
808.2	-0.000108736	
808.4	-0.000109578	
808.6	-0.000108235	
808.8	-0.000111934	
809	-0.000112021	
809.2	-0.000108386	
809.4	-0.000111772	
809.6	-0.000105346	
809.8	-0.000109045	
810	-0.000105796	
810.2	-0.000104142	
810.4	-9.92949e-05	
810.6	-9.2462e-05	
810.8	-8.7277e-05	
811	-8.06581e-05	
811.2	-7.39437e-05	
811.4	-6.57679e-05	
811.6	-5.63127e-05	
811.8	-4.93444e-05	
812	-4.41239e-05	
812.2	-3.86582e-05	
812.4	-3.08827e-05	
812.6	-2.67677e-05	
812.8	-2.66347e-05	
813	-2.53927e-05	
813.2	-2.08569e-05	
813.4	-1.92038e-05	
813.6	-1.82286e-05	
813.8	-1.4814e-05	
814	-2.5706e-06	
814.2	-9.71589e-06	
814.4	-1.05295e-06	
814.6	7.85799e-06	
814.8	1.6242e-05	
815	2.18461e-05	
815.2	3.72373e-05	
815.4	4.42321e-05	
815.6	5.94993e-05	
815.8	7.17105e-05	
816	7.69665e-05	
816.2	8.45587e-05	
816.4	8.15295e-05	
816.6	8.28655e-05	
816.8	8.70898e-05	
817	7.61549e-05	
817.2	6.74156e-05	
817.4	5.78713e-05	
817.6	5.05143e-05	
817.8	3.4205e-05	
818	1.82519e-05	
818.2	9.59046e-06	
818.4	-7.28325e-06	
818.6	-2.12267e-05	
818.8	-3.89859e-05	
819	-4.93744e-05	
819.2	-6.31835e-05	
819.4	-8.01367e-05	
819.6	-8.22298e-05	
819.8	-9.07883e-05	
820	-9.77081e-05	
820.2	-0.000100552	
820.4	-9.49617e-05	
820.6	-0.000101915	
820.8	-0.000104157	
821	-0.000100385	
821.2	-9.1464e-05	
821.4	-8.9844e-05	
821.6	-9.31092e-05	
821.8	-7.73259e-05	
822	-7.09937e-05	
822.2	-6.5621e-05	
822.4	-6.08656e-05	
822.6	-5.77772e-05	
822.8	-5.26802e-05	
823	-4.69044e-05	
823.2	-4.70442e-05	
823.4	-4.68398e-05	
823.6	-4.49971e-05	
823.8	-4.26498e-05	
824	-4.22549e-05	
824.2	-4.79834e-05	
824.4	-4.52407e-05	
824.6	-4.05138e-05	
824.8	-4.15722e-05	
825	-4.8421e-05	
825.2	-5.04155e-05	
825.4	-3.413e-05	
825.6	-3.17595e-05	
825.8	-3.47981e-05	
826	-2.67468e-05	
826.2	-2.21438e-05	
826.4	-1.77129e-05	
826.6	-1.36642e-05	
826.8	-1.14447e-05	
827	-1.12997e-05	
827.2	-2.55278e-06	
827.4	-6.28097e-07	
827.6	6.69758e-07	
827.8	4.63297e-07	
828	1.09386e-06	
828.2	3.95137e-06	
828.4	5.41352e-06	
828.6	4.78649e-06	
828.8	-1.33735e-06	
829	-5.1902e-06	
829.2	-4.67542e-06	
829.4	-5.40522e-06	
829.6	-8.6978e-06	
829.8	-1.21833e-05	
830	-1.29913e-05	
830.2	-1.11187e-05	
830.4	-1.30889e-05	
830.6	-1.50324e-05	
830.8	-1.23714e-05	
831	-6.28682e-06	
831.2	-6.76705e-06	
831.4	-1.41619e-05	
831.6	3.41822e-06	
831.8	1.03111e-05	
832	1.03665e-05	
832.2	1.41486e-05	
832.4	2.80968e-05	
832.6	3.3996e-05	
832.8	3.28535e-05	
833	3.8025e-05	
833.2	3.90389e-05	
833.4	3.78526e-05	
833.6	3.50157e-05	
833.8	3.14216e-05	
834	2.87313e-05	
834.2	2.38543e-05	
834.4	1.88105e-05	
834.6	1.55331e-05	
834.8	1.09832e-05	
835	9.83339e-06	
835.2	1.78153e-06	
835.4	2.77163e-06	
835.6	-3.59833e-07	
835.8	2.9945e-06	
836	-2.7237e-06	
836.2	-1.33548e-06	
836.4	-5.23733e-06	
836.6	-4.52304e-06	
836.8	-8.69405e-06	
837	-1.38001e-05	
837.2	-2.036e-05	
837.4	-2.38403e-05	
837.6	-3.31531e-05	
837.8	-4.03846e-05	
838	-5.32032e-05	
838.2	-6.17063e-05	
838.4	-7.68909e-05	
838.6	-8.50066e-05	
838.8	-9.56957e-05	
839	-0.00010886	
839.2	-0.000120194	
839.4	-0.000124926	
839.6	-0.000136148	
839.8	-0.000142332	
840	-0.000149702	
840.2	-0.000154475	
840.4	-0.000159446	
840.6	-0.000160737	
840.8	-0.000159859	
841	-0.000158196	
841.2	-0.000157898	
841.4	-0.000153185	
841.6	-0.000143421	
841.8	-0.000132096	
842	-0.000124791	
842.2	-0.000113071	
842.4	-9.40313e-05	
842.6	-7.75673e-05	
842.8	-6.83756e-05	
843	-5.9109e-05	
843.2	-3.82181e-05	
843.4	-2.03433e-05	
843.6	-1.25433e-05	
843.8	-1.38904e-06	
844	1.01633e-05	
844.2	1.40488e-05	
844.4	2.01777e-05	
844.6	2.59163e-05	
844.8	3.10773e-05	
845	2.86147e-05	
845.2	3.32516e-05	
845.4	3.56426e-05	
845.6	3.48725e-05	
845.8	3.04018e-05	
846	2.92717e-05	
846.2	2.79869e-05	
846.4	2.23678e-05	
846.6	1.46641e-05	
846.8	1.31521e-05	
847	7.60582e-06	
847.2	3.91004e-06	
847.4	-7.0819e-07	
847.6	-6.07079e-06	
847.8	-1.25192e-05	
848	-1.49601e-05	
848.2	-1.74035e-05	
848.4	-2.32629e-05	
848.6	-2.62655e-05	
848.8	-2.69437e-05	
849	-2.45524e-05	
849.2	-2.24052e-05	
849.4	-2.36897e-05	
849.6	-1.69535e-05	
849.8	-5.27912e-06	
850	-4.56665e-06	
850.2	3.40943e-06	
850.4	1.59028e-05	
850.6	2.43392e-05	
850.8	2.67989e-05	
851	3.21958e-05	
851.2	3.63939e-05	
851.4	3.68152e-05	
851.6	3.58645e-05	
851.8	2.98459e-05	
852	2.37119e-05	
852.2	2.03413e-05	
852.4	1.39037e-05	
852.6	7.94611e-06	
852.8	1.97394e-07	
853	-6.54381e-06	
853.2	-1.54826e-05	
853.4	-2.11141e-05	
853.6	-2.84918e-05	
853.8	-3.69151e-05	
854	-4.63221e-05	
854.2	-5.40678e-05	
854.4	-6.35738e-05	
854.6	-6.89133e-05	
854.8	-7.97133e-05	
855	-8.77109e-05	
855.2	-9.42037e-05	
855.4	-9.64633e-05	
855.6	-0.000101032	
855.8	-0.000102841	
856	-0.000104392	
856.2	-9.81329e-05	
856.4	-9.79681e-05	
856.6	-9.10758e-05	
856.8	-8.72953e-05	
857	-7.71477e-05	
857.2	-6.92692e-05	
857.4	-6.30965e-05	
857.6	-5.64102e-05	
857.8	-5.26559e-05	
858	-4.21159e-05	
858.2	-3.89391e-05	
858.4	-3.43008e-05	
858.6	-3.06884e-05	
858.8	-2.42065e-05	
859	-2.04479e-05	
859.2	-1.65685e-05	
859.4	-1.20457e-05	
859.6	-7.64533e-06	
859.8	-3.82085e-06	
860	-7.1395e-07	
860.2	2.84549e-06	
860.4	3.86414e-06	
860.6	6.65584e-06	
860.8	7.92503e-06	
861	9.03982e-06	
861.2	9.21003e-06	
861.4	1.14674e-05	
861.6	1.51539e-05	
861.8	1.59319e-05	
862	1.52748e-05	
862.2	1.92293e-05	
862.4	2.36655e-05	
862.6	2.40087e-05	
862.8	2.54502e-05	
863	2.90295e-05	
863.2	3.63963e-05	
863.4	3.3745e-05	
863.6	3.64041e-05	
863.8	3.49248e-05	
864	4.71572e-05	
864.2	4.45127e-05	
864.4	4.45627e-05	
864.6	4.92158e-05	
864.8	5.17855e-05	
865	5.11997e-05	
865.2	5.28471e-05	
865.4	5.46843e-05	
865.6	5.71507e-05	
865.8	5.50825e-05	
866	5.87935e-05	
866.2	6.16204e-05	
866.4	5.59753e-05	
866.6	6.13472e-05	
866.8	6.3249e-05	
867	6.23622e-05	
867.2	5.47513e-05	
867.4	5.99515e-05	
867.6	5.72924e-05	
867.8	5.16771e-05	
868	4.6642e-05	
868.2	4.08586e-05	
868.4	3.07371e-05	
868.6	2.0844e-05	
868.8	9.56975e-06	
869	-6.74908e-06	
869.2	-2.13781e-05	
869.4	-3.8923e-05	
869.6	-5.01045e-05	
869.8	-6.30434e-05	
870	-8.24557e-05	
870.2	-9.39205e-05	
870.4	-0.000102309	
870.6	-0.000112051	
870.8	-0.000120516	
871	-0.000126028	
871.2	-0.000122938	
871.4	-0.000121991	
871.6	-0.000121531	
871.8	-0.000111199	
872	-9.84766e-05	
872.2	-8.63731e-05	
872.4	-7.95408e-05	
872.6	-6.48844e-05	
872.8	-5.03042e-05	
873	-3.80705e-05	
873.2	-3.6896e-05	
873.4	-3.46487e-05	
873.6	-2.76038e-05	
873.8	-3.76675e-05	
874	-5.2105e-05	
874.2	-7.36292e-05	
874.4	-6.96325e-05	
874.6	-0.000123614	
874.8	-0.000127839	
875	-0.000147488	
875.2	-0.000161474	
875.4	-0.000182572	
875.6	-0.000199491	
875.8	-0.000203911	
876	-0.000209819	
876.2	-0.000208702	
876.4	-0.000209506	
876.6	-0.000207351	
876.8	-0.000198799	
877	-0.000188541	
877.2	-0.000178565	
877.4	-0.000168932	
877.6	-0.000166886	
877.8	-0.000158686	
878	-0.000148456	
878.2	-0.00014229	
878.4	-0.000139365	
878.6	-0.000130665	
878.8	-0.000123384	
879	-0.000114377	
879.2	-0.000107657	
879.4	-9.82215e-05	
879.6	-9.16263e-05	
879.8	-8.46722e-05	
880	-7.51651e-05	
880.2	-6.69685e-05	
880.4	-5.86773e-05	
880.6	-5.53873e-05	
880.8	-5.16935e-05	
881	-3.98252e-05	
881.2	-3.60972e-05	
881.4	-3.29994e-05	
881.6	-3.0275e-05	
881.8	-2.50457e-05	
882	-2.20079e-05	
882.2	-2.26533e-05	
882.4	-2.42274e-05	
882.6	-1.9485e-05	
882.8	-2.44303e-05	
883	-1.67177e-05	
883.2	-2.01961e-05	
883.4	-1.45188e-05	
883.6	-1.29928e-05	
883.8	-1.47025e-05	
884	-1.45578e-05	
884.2	-1.49541e-05	
884.4	-7.79103e-06	
884.6	-1.32688e-05	
884.8	-1.11953e-05	
885	-1.21772e-05	
885.2	-5.24283e-06	
885.4	-2.9855e-08	
885.6	4.60349e-06	
885.8	6.55123e-06	
886	1.03767e-05	
886.2	1.41607e-05	
886.4	1.8408e-05	
886.6	1.60929e-05	
886.8	1.63376e-05	
887	1.52986e-05	
887.2	1.37504e-05	
887.4	9.10284e-06	
887.6	1.09041e-05	
887.8	1.07985e-05	
888	9.82678e-06	
888.2	5.39559e-06	
888.4	7.3239e-06	
888.6	1.02245e-05	
888.8	1.26938e-05	
889	1.3551e-05	
889.2	2.18511e-05	
889.4	3.22918e-05	
889.6	3.78512e-05	
889.8	4.59856e-05	
890	5.80049e-05	
890.2	6.76169e-05	
890.4	7.14851e-05	
890.6	8.45181e-05	
890.8	9.66235e-05	
891	0.00010335	
891.2	0.000107134	
891.4	0.000113098	
891.6	0.00012189	
891.8	0.000128196	
892	0.000129683	
892.2	0.000130919	
892.4	0.000136802	
892.6	0.000143191	
892.8	0.00014427	
893	0.000142126	
893.2	0.000139883	
893.4	0.000146227	
893.6	0.0001453	
893.8	0.000139336	
894	0.000134777	
894.2	0.000127541	
894.4	0.000117661	
894.6	0.000110947	
894.8	9.82261e-05	
895	9.10228e-05	
895.2	7.75169e-05	
895.4	7.05453e-05	
895.6	6.04217e-05	
895.8	4.53111e-05	
896	4.14617e-05	
896.2	2.64333e-05	
896.4	9.19324e-06	
896.6	3.08592e-06	
896.8	-2.75138e-06	
897	-1.04843e-05	
897.2	-2.30082e-05	
897.4	-2.94803e-05	
897.6	-3.68915e-05	
897.8	-4.20844e-05	
898	-5.01404e-05	
898.2	-5.27071e-05	
898.4	-5.46431e-05	
898.6	-6.30276e-05	
898.8	-5.63251e-05	
899	-5.15607e-05	
899.2	-5.34429e-05	
899.4	-5.3734e-05	
899.6	-5.3437e-05	
899.8	-5.32358e-05	
900	-5.43275e-05	
900.2	-5.6306e-05	
900.4	-5.76785e-05	
900.6	-5.9323e-05	
900.8	-5.59448e-05	
901	-5.7895e-05	
901.2	-5.78614e-05	
901.4	-5.2572e-05	
901.6	-4.53088e-05	
901.8	-5.16735e-05	
902	-4.00543e-05	
902.2	-1.74641e-05	
902.4	6.84054e-06	
902.6	1.798e-05	
902.8	2.02573e-05	
903	3.55608e-05	
903.2	4.46117e-05	
903.4	4.16448e-05	
903.6	3.20519e-05	
903.8	2.92756e-05	
904	9.99076e-06	
904.2	-1.36458e-06	
904.4	-2.78071e-05	
904.6	-4.3772e-05	
904.8	-6.76038e-05	
905	-8.92231e-05	
905.2	-0.000107701	
905.4	-0.00011724	
905.6	-0.000127419	
905.8	-0.000124505	
906	-0.000126581	
906.2	-0.00012743	
906.4	-0.00011889	
906.6	-0.000112905	
906.8	-0.000100448	
907	-9.00144e-05	
907.2	-8.24205e-05	
907.4	-7.69848e-05	
907.6	-7.3572e-05	
907.8	-6.82186e-05	
908	-6.97494e-05	
908.2	-7.548e-05	
908.4	-7.87561e-05	
908.6	-7.92791e-05	
908.8	-8.24769e-05	
909	-8.66748e-05	
909.2	-8.62357e-05	
909.4	-8.66079e-05	
909.6	-8.8426e-05	
909.8	-8.9211e-05	
910	-8.85067e-05	
910.2	-8.83386e-05	
910.4	-9.40477e-05	
910.6	-9.82629e-05	
910.8	-0.000101777	
911	-0.000107401	
911.2	-0.000115694	
911.4	-0.000120007	
911.6	-0.000125255	
911.8	-0.000132546	
912	-0.000137255	
912.2	-0.000140571	
912.4	-0.000146484	
912.6	-0.00013804	
912.8	-0.000124597	
913	-0.000108873	
913.2	-9.82098e-05	
913.4	-7.79745e-05	
913.6	-5.52778e-05	
913.8	-3.3683e-05	
914	-4.81223e-05	
914.2	-3.10245e-05	
914.4	-1.17936e-05	
914.6	-1.85269e-05	
914.8	-1.15385e-05	
915	-6.96269e-06	
915.2	-9.70153e-07	
915.4	-1.11127e-05	
915.6	-1.35396e-05	
915.8	-1.78093e-05	
916	-1.67861e-05	
916.2	-1.40725e-05	
916.4	-2.73062e-05	
916.6	-3.19822e-05	
916.8	-3.14853e-05	
917	-2.75028e-05	
917.2	-2.73116e-05	
917.4	-3.24541e-05	
917.6	-2.85254e-05	
917.8	-2.55814e-05	
918	-2.25443e-05	
918.2	-2.06002e-05	
918.4	-1.82579e-05	
918.6	-1.1294e-05	
918.8	-6.14238e-06	
919	-4.24007e-06	
919.2	8.83882e-07	
919.4	1.12543e-05	
919.6	1.72186e-05	
919.8	2.0691e-05	
920	3.021e-05	
920.2	3.9416e-05	
920.4	4.39153e-05	
920.6	4.78008e-05	
920.8	5.57222e-05	
921	6.18783e-05	
921.2	6.68201e-05	
921.4	7.26721e-05	
921.6	7.55813e-05	
921.8	7.96401e-05	
922	8.39653e-05	
922.2	8.64104e-05	
922.4	8.82309e-05	
922.6	8.97606e-05	
922.8	9.23335e-05	
923	9.23348e-05	
923.2	8.90416e-05	
923.4	7.50082e-05	
923.6	8.85381e-05	
923.8	8.71912e-05	
924	6.85217e-05	
924.2	5.67671e-05	
924.4	5.1994e-05	
924.6	3.87771e-05	
924.8	2.41565e-05	
925	1.07444e-05	
925.2	3.01185e-06	
925.4	-7.82626e-06	
925.6	-2.07547e-05	
925.8	-3.54253e-05	
926	-4.10627e-05	
926.2	-4.27912e-05	
926.4	-5.96488e-05	
926.6	-7.04513e-05	
926.8	-7.84875e-05	
927	-8.24921e-05	
927.2	-8.76179e-05	
927.4	-0.000100437	
927.6	-0.000114302	
927.8	-9.82222e-05	
928	-0.000103153	
928.2	-0.00010741	
928.4	-0.000103936	
928.6	-0.000102468	
928.8	-0.000104203	
929	-0.000103693	
929.2	-9.74262e-05	
929.4	-9.39726e-05	
929.6	-9.6397e-05	
929.8	-9.45237e-05	
930	-8.87374e-05	
930.2	-8.52309e-05	
930.4	-8.93098e-05	
930.6	-8.24373e-05	
930.8	-7.53752e-05	
931	-6.8053e-05	
931.2	-6.88795e-05	
931.4	-5.0007e-05	
931.6	-4.23418e-05	
931.8	-2.49431e-05	
932	-2.01951e-05	
932.2	-3.93249e-06	
932.4	4.66226e-06	
932.6	9.00717e-06	
932.8	1.17612e-05	
933	1.50274e-05	
933.2	1.01315e-05	
933.4	4.90989e-07	
933.6	-6.3173e-06	
933.8	-1.9423e-05	
934	-2.97582e-05	
934.2	-4.46482e-05	
934.4	-5.65635e-05	
934.6	-6.61003e-05	
934.8	-6.62098e-05	
935	-6.98716e-05	
935.2	-7.40983e-05	
935.4	-6.98116e-05	
935.6	-6.60291e-05	
935.8	-6.32278e-05	
936	-6.70183e-05	
936.2	-5.78235e-05	
936.4	-6.26046e-05	
936.6	-6.06271e-05	
936.8	-6.21904e-05	
937	-6.06701e-05	
937.2	-6.50094e-05	
937.4	-6.40751e-05	
937.6	-6.58343e-05	
937.8	-6.59932e-05	
938	-6.47773e-05	
938.2	-6.34382e-05	
938.4	-6.09539e-05	
938.6	-5.83988e-05	
938.8	-5.08127e-05	
939	-4.54783e-05	
939.2	-3.70367e-05	
939.4	-3.03544e-05	
939.6	-1.8236e-05	
939.8	-6.63175e-06	
940	3.07149e-06	
940.2	1.1848e-05	
940.4	2.70948e-05	
940.6	3.98443e-05	
940.8	4.65355e-05	
941	5.5126e-05	
941.2	6.4273e-05	
941.4	7.24215e-05	
941.6	7.18354e-05	
941.8	7.50391e-05	
942	7.78256e-05	
942.2	7.60605e-05	
942.4	7.00983e-05	
942.6	6.86688e-05	
942.8	6.62291e-05	
943	5.94412e-05	
943.2	5.08915e-05	
943.4	4.49327e-05	
943.6	3.88447e-05	
943.8	3.27923e-05	
944	2.39367e-05	
944.2	1.64856e-05	
944.4	1.13206e-05	
944.6	8.33206e-06	
944.8	-2.42104e-06	
945	-7.30183e-06	
945.2	-8.24535e-06	
945.4	-7.31116e-06	
945.6	-9.17886e-06	
945.8	-9.3186e-06	
946	-6.56564e-06	
946.2	-9.3157e-07	
946.4	3.85248e-06	
946.6	4.35829e-06	
946.8	9.01951e-06	
947	1.52499e-05	
947.2	1.74599e-05	
947.4	1.86007e-05	
947.6	1.88856e-05	
947.8	2.24514e-05	
948	2.10391e-05	
948.2	1.95005e-05	
948.4	1.38952e-05	
948.6	1.36547e-05	
948.8	1.05942e-05	
949	1.19113e-05	
949.2	6.74963e-06	
949.4	7.8448e-06	
949.6	9.60314e-06	
949.8	1.02485e-05	
950	1.77486e-05	
950.2	2.19956e-05	
950.4	3.159e-05	
950.6	4.23491e-05	
950.8	6.14701e-05	
951	5.69284e-05	
951.2	6.76583e-05	
951.4	7.06571e-05	
951.6	6.91731e-05	
951.8	7.31903e-05	
952	7.67859e-05	
952.2	7.8199e-05	
952.4	7.62489e-05	
952.6	6.88113e-05	
952.8	5.83968e-05	
953	5.02493e-05	
953.2	4.937e-05	
953.4	4.1505e-05	
953.6	3.35879e-05	
953.8	2.19224e-05	
954	1.08721e-05	
954.2	-5.36465e-08	
954.4	-7.10255e-06	
954.6	-2.41403e-05	
954.8	-2.9399e-05	
955	-4.00902e-05	
955.2	-4.65573e-05	
955.4	-5.33094e-05	
955.6	-5.5623e-05	
955.8	-6.22291e-05	
956	-7.07769e-05	
956.2	-8.06526e-05	
956.4	-7.78557e-05	
956.6	-8.59796e-05	
956.8	-8.78073e-05	
957	-9.05226e-05	
957.2	-9.45227e-05	
957.4	-9.42779e-05	
957.6	-9.70275e-05	
957.8	-9.19561e-05	
958	-9.56418e-05	
958.2	-9.1445e-05	
958.4	-9.04146e-05	
958.6	-8.79063e-05	
958.8	-9.00355e-05	
959	-9.05468e-05	
959.2	-8.68815e-05	
959.4	-9.45897e-05	
959.6	-0.000103553	
959.8	-9.88854e-05	
960	-9.99373e-05	
960.2	-0.000114131	
960.4	-0.000112516	
960.6	-0.000115436	
960.8	-0.000123107	
961	-0.000122131	
961.2	-0.000124845	
961.4	-0.000122388	
961.6	-0.00012911	
961.8	-0.000122726	
962	-0.000127169	
962.2	-0.000126382	
962.4	-0.000123879	
962.6	-0.000121154	
962.8	-0.000117974	
963	-0.000115021	
963.2	-0.000111158	
963.4	-0.000106553	
963.6	-0.000102505	
963.8	-9.83393e-05	
964	-9.5391e-05	
964.2	-8.57264e-05	
964.4	-8.22581e-05	
964.6	-7.9888e-05	
964.8	-6.6136e-05	
965	-5.79178e-05	
965.2	-5.26777e-05	
965.4	-4.63763e-05	
965.6	-4.01025e-05	
965.8	-3.46054e-05	
966	-2.66315e-05	
966.2	-2.30311e-05	
966.4	-1.89274e-05	
966.6	-1.58908e-05	
966.8	-8.82852e-06	
967	-8.53491e-06	
967.2	-3.0855e-06	
967.4	3.70573e-06	
967.6	7.05766e-06	
967.8	1.39526e-05	
968	2.21961e-05	
968.2	2.65933e-05	
968.4	3.41737e-05	
968.6	4.17177e-05	
968.8	4.80864e-05	
969	4.99082e-05	
969.2	5.56822e-05	
969.4	6.13374e-05	
969.6	6.27748e-05	
969.8	6.5512e-05	
970	6.34156e-05	
970.2	6.51786e-05	
970.4	6.49573e-05	
970.6	6.75034e-05	
970.8	6.20845e-05	
971	6.31637e-05	
971.2	6.21367e-05	
971.4	5.97812e-05	
971.6	5.65777e-05	
971.8	5.69328e-05	
972	5.46355e-05	
972.2	5.15565e-05	
972.4	4.94357e-05	
972.6	4.93429e-05	
972.8	4.80245e-05	
973	4.37523e-05	
973.2	4.40489e-05	
973.4	4.3317e-05	
973.6	4.26533e-05	
973.8	3.759e-05	
974	3.59181e-05	
974.2	2.65797e-05	
974.4	3.24703e-05	
974.6	1.77208e-05	
974.8	2.84217e-05	
975	2.73091e-05	
975.2	2.6736e-05	
975.4	1.51785e-05	
975.6	1.14142e-05	
975.8	1.02226e-05	
976	4.91832e-06	
976.2	-1.41622e-06	
976.4	-2.83487e-06	
976.6	-1.20342e-05	
976.8	-1.97212e-05	
977	-2.69595e-05	
977.2	-3.33275e-05	
977.4	-4.55275e-05	
977.6	-5.25847e-05	
977.8	-5.9029e-05	
978	-6.34412e-05	
978.2	-7.12851e-05	
978.4	-7.32241e-05	
978.6	-7.49078e-05	
978.8	-6.99705e-05	
979	-7.0302e-05	
979.2	-6.9967e-05	
979.4	-6.40485e-05	
979.6	-5.50816e-05	
979.8	-3.76604e-05	
980	-3.01509e-05	
980.2	-1.69716e-05	
980.4	-4.9557e-06	
980.6	1.33115e-05	
980.8	2.33377e-05	
981	3.57609e-05	
981.2	4.79572e-05	
981.4	4.75766e-05	
981.6	5.23717e-05	
981.8	5.97755e-05	
982	5.5982e-05	
982.2	5.59393e-05	
982.4	5.35479e-05	
982.6	5.63292e-05	
982.8	4.83097e-05	
983	4.27786e-05	
983.2	3.90768e-05	
983.4	3.97863e-05	
983.6	3.69117e-05	
983.8	2.98837e-05	
984	2.92805e-05	
984.2	3.51299e-05	
984.4	2.03201e-05	
984.6	1.57533e-05	
984.8	1.63933e-05	
985	1.34415e-05	
985.2	8.99871e-06	
985.4	5.86828e-06	
985.6	1.53678e-06	
985.8	-4.08743e-06	
986	-4.47588e-06	
986.2	-1.17694e-06	
986.4	-1.11546e-05	
986.6	-1.14324e-05	
986.8	-4.30336e-06	
987	-8.25302e-06	
987.2	-1.06896e-05	
987.4	-1.65621e-05	
987.6	-1.57755e-05	
987.8	-2.00771e-05	
988	-2.49623e-05	
988.2	-3.27448e-05	
988.4	-3.99556e-05	
988.6	-4.70921e-05	
988.8	-5.50226e-05	
989	-6.59091e-05	
989.2	-7.77976e-05	
989.4	-8.28157e-05	
989.6	-9.07012e-05	
989.8	-0.000101111	
990	-0.000111241	
990.2	-0.000117671	
990.4	-0.000121689	
990.6	-0.000133839	
990.8	-0.000144207	
991	-0.000151023	
991.2	-0.000156593	
991.4	-0.00016184	
991.6	-0.00016858	
991.8	-0.000168125	
992	-0.000170062	
992.2	-0.000170088	
992.4	-0.000167352	
992.6	-0.000163071	
992.8	-0.000161525	
993	-0.000156035	
993.2	-0.000146634	
993.4	-0.000141967	
993.6	-0.000134192	
993.8	-0.000123753	
994	-0.000113225	
994.2	-0.000102537	
994.4	-9.00831e-05	
994.6	-7.96102e-05	
994.8	-6.74618e-05	
995	-5.74299e-05	
995.2	-4.47023e-05	
995.4	-3.42357e-05	
995.6	-2.46419e-05	
995.8	-1.69439e-05	
996	-9.47021e-06	
996.2	-3.45011e-06	
996.4	4.86174e-06	
996.6	7.92648e-06	
996.8	7.66929e-06	
997	1.05248e-05	
997.2	1.34441e-05	
997.4	1.08326e-05	
997.6	1.2382e-05	
997.8	1.42046e-05	
998	1.51172e-05	
998.2	1.4413e-05	
998.4	1.91155e-05	
998.6	2.31478e-05	
998.8	2.46056e-05	
999	3.03139e-05	
999.2	3.4722e-05	
999.4	4.6542e-05	
999.6	4.27288e-05	
999.8	4.79889e-05	
1000	5.45542e-05	
