Time	(2 1 1)	
0.1	(0.155478 -0.0220673 0.00492789)	
0.2	(0.15517 -0.0218721 0.00419043)	
0.3	(0.154897 -0.0216388 0.0034712)	
0.4	(0.154659 -0.0213881 0.00278345)	
0.5	(0.154424 -0.0211558 0.00212795)	
0.6	(0.15422 -0.0208713 0.00149249)	
0.7	(0.154047 -0.0205308 0.000873956)	
0.8	(0.153904 -0.020137 0.000271606)	
0.9	(0.153792 -0.0196916 -0.000314547)	
1	(0.153707 -0.0191949 -0.000885891)	
1.1	(0.153648 -0.0186471 -0.00144389)	
1.2	(0.153613 -0.0180501 -0.00198898)	
1.3	(0.153597 -0.0174104 -0.00252225)	
1.4	(0.153597 -0.0167345 -0.00304485)	
1.5	(0.15361 -0.0160275 -0.0035576)	
1.6	(0.153638 -0.0152942 -0.00405637)	
1.7	(0.153679 -0.0145414 -0.00454192)	
1.8	(0.15373 -0.0137763 -0.00501277)	
1.9	(0.15379 -0.0130037 -0.00546662)	
2	(0.153859 -0.0122273 -0.00590102)	
