/BATCH
/PREP7
/COM 
/COM NODE DEFINITIONS
CSYS,0
N,8,2.3537,-1.74E-15,-13.75 
N,9,1.70133,-3.04E-15,-13.75
N,12,.048963,2.30474,-13.75 
N,13,.048963,1.65237,-13.75 
N,14,.048963,1.,-13.75
N,15,.431646,.92388,-13.75
N,16,.75607,.7071,-13.75
N,17,.97284,.38268,-13.75 
N,18,1.04896,-3.91E-15,-13.75 
N,19,2.3537,2.30474,-13.75
N,20,1.20133,2.30474,-13.75 
N,21,2.3537,1.15237,-13.75
N,22,1.66327,.76753,-13.75
N,23,1.55489,1.50593,-13.75 
N,24,.81649,1.6143,-13.75 
N,25,2.0407,2.83E-05,-12.3922 
N,26,1.7277,5.66E-05,-11.0345 
N,27,1.56013,2.83E-05,-12.5156
N,28,1.41894,5.66E-05,-11.2812
N,29,.048963,2.30477,-12.725
N,30,.048963,2.3048,-11.6999
N,31,.048963,1.6524,-12.725 
N,32,.048963,1.65243,-11.6999 
N,33,.048963,1.00003,-12.725
N,34,.048963,1.00006,-11.6999 
N,35,.431646,.9239,-12.725
N,36,.427704,.92555,-11.6705
N,37,.75607,.70714,-12.725
N,38,.74085,.7218,-11.6002
N,39,.97284,.38271,-12.725
N,40,.96135,.40932,-11.5238 
N,41,1.04896,2.83E-05,-12.725 
N,42,1.04896,-6.98E-13,-11.4866 
N,43,2.0407,2.30477,-12.3922
N,44,1.7277,2.3048,-11.0345 
N,45,1.14656,2.30477,-12.6085 
N,46,1.0918,2.3048,-11.467
N,47,2.0407,1.1524,-12.3922 
N,48,1.7277,1.15243,-11.0345
N,49,1.53014,.76756,-12.5229
N,50,1.39701,.76758,-11.2958
N,51,1.44342,1.50595,-12.5436 
N,52,1.33196,1.50598,-11.3372 
N,53,.79896,1.61434,-12.669 
N,54,.781428,1.61437,-11.588
N,55,3.45133,-3.26E-15,-13.75 
N,56,4.549,-3.91E-15,-13.75 
N,57,3.15117,2.27516,-13.75 
N,58,3.9486,2.24557,-13.75
N,59,3.38055,1.13612,-13.75 
N,60,4.4074,1.11986,-13.75
N,61,3.29484,1.42E-05,-12.5053
N,62,4.549,-3.49E-13,-12.6183 
N,63,3.13834,2.83E-05,-11.2605
N,64,4.549,-6.98E-13,-11.4866 
N,65,2.9956,2.27356,-12.5053
N,66,3.95049,2.24234,-12.6183 
N,67,2.84003,2.27195,-11.2605 
N,68,3.95234,2.2391,-11.4866
N,69,3.13834,1.1524,-12.3922
N,70,4.4026,1.13807,-12.6183
N,71,3.0628,1.15436,-11.2605
N,72,4.39787,1.15629,-11.4866 
N,73,.048963,3.40234,-13.75 
N,74,.048963,4.4999,-13.75
N,75,2.32785,3.10005,-13.75 
N,76,2.302,3.89537,-13.75 
N,77,1.191,3.33005,-13.75 
N,78,1.18068,4.35537,-13.75 
N,79,.048963,3.40237,-12.725
N,80,.048963,4.5,-12.725
N,81,.048963,3.4024,-11.7 
N,82,.048963,4.5,-11.7
N,83,2.01806,3.17387,-12.401
N,84,1.9954,4.043,-12.41
N,85,1.70827,3.24768,-11.0522 
N,86,1.68883,4.19057,-11.07 
N,87,1.1307,3.3381,-12.6134 
N,88,1.11482,4.3714,-12.6183
N,89,1.07038,3.34614,-11.4768 
N,90,1.04896,4.38748,-11.4866 
N,91,3.27555,3.13618,-11.5
N,92,3.25477,3.15756,-12.625
N,93,3.234,3.17894,-13.75 
N,94,2.2979,-6.98E-13,-10.222 
N,95,2.49896,-6.98E-13,-9.25
N,96,2.2885,1.95405,-10.2427
N,97,2.49896,1.8873,-9.25 
N,98,2.2932,.97703,-10.2324 
N,99,2.49896,.94365,-9.25 
N,100,3.4234,-3.49E-13,-10.2952 
N,101,3.52396,-3.49E-13,-9.25 
N,102,4.549,-3.50E-13,-10.3683
N,103,4.549,-1.48E-15,-9.25 
N,104,3.1204,2.09658,-10.3055 
N,105,3.22565,2.0632,-9.25
N,106,3.95234,2.2391,-10.3683 
N,107,3.95234,2.2391,-9.25
N,108,3.34789,1.15433,-10.2952
N,109,3.4484,1.04997,-9.25
N,110,4.39787,1.15629,-10.3683
N,111,4.39787,1.15629,-9.25 
N,112,2.2838,2.93108,-10.253
N,113,2.49896,2.83094,-9.25 
N,114,2.2791,3.9081,-10.2634
N,115,2.49896,3.77459,-9.25 
N,116,3.2963,3.1148,-10.375 
N,117,3.3171,3.0934,-9.25 
N,118,.048963,5.5,-13.75
N,119,.048963,6.5,-13.75
N,120,2.24246,5.19768,-13.75
N,121,2.18293,6.5,-13.75
N,122,1.18068,5.3554,-13.75 
N,123,1.11594,6.5,-13.75
N,124,.048963,5.5,-12.725 
N,125,.048963,6.5,-12.725 
N,126,.048963,5.5,-11.7 
N,127,.048963,6.5,-11.6999
N,128,2.09613,5.27149,-12.534 
N,129,2.19685,6.5,-12.658 
N,130,1.7351,5.34529,-11.0262 
N,131,1.78137,6.5,-10.9824
N,132,1.11482,5.3715,-12.6183 
N,133,1.1229,6.5,-12.6915 
N,134,1.04896,5.3875,-11.4866 
N,135,1.04896,6.5,-11.4866
N,136,3.27555,4.83947,-11.5 
N,137,3.27555,6.5,-11.5 
N,138,3.25477,4.86085,-12.625 
N,139,3.25477,6.5,-12.625 
N,140,3.234,4.8822,-13.75 
N,141,3.234,6.5,-13.75
N,142,2.2958,5.204,-10.2255 
N,143,2.31247,6.5,-10.1876
N,144,2.49896,5.1373,-9.25
N,145,2.49896,6.5,-9.25 
N,146,3.2963,4.81809,-10.375
N,147,3.2963,6.5,-10.375
N,148,3.3171,4.7967,-9.25 
N,149,3.3171,6.5,-9.25
N,150,4.8666,2.03E-15,-13.75
N,151,5.41087,4.05E-15,-13.75 
N,152,4.649,2.6,-13.75
N,153,5.41085,2.6,-13.75
N,154,4.7578,1.3,-13.75 
N,155,5.41086,1.3,-13.75
N,156,5.0997,2.28E-15,-12.625 
N,157,6.1985,-1.57E-13,-12.5942 
N,158,5.3328,2.35E-15,-11.5 
N,159,6.682,-8.99E-14,-11.4866
N,160,4.87486,2.6,-12.625 
N,161,6.1985,2.6,-12.5942 
N,162,5.10077,2.6,-11.5 
N,163,6.682,2.6,-11.4866
N,164,4.9873,1.3,-12.625
N,165,6.1985,1.3,-12.5942 
N,166,5.21679,1.3,-11.5 
N,167,6.682,1.3,-11.4866
N,168,4.98476,3.9,-11.5 
N,169,6.682,3.887,-11.4866
N,170,4.7624,3.9,-12.625
N,171,6.1985,3.887,-12.5942 
N,172,4.5401,3.9,-13.75 
N,173,5.4108,3.887,-13.75 
N,174,5.56588,2.28E-15,-10.375
N,175,6.9557,-1.57E-13,-10.389
N,176,5.799,2.03E-15,-9.25
N,177,7.049,4.05E-15,-9.25
N,178,5.32668,2.6,-10.375 
N,179,6.9557,2.6,-10.389
N,180,5.5526,2.6,-9.25
N,181,7.049,2.6,-9.25 
N,182,5.44628,1.3,-10.375 
N,183,6.9557,1.3,-10.389
N,184,5.67578,1.3,-9.25 
N,185,7.049,1.3,-9.25 
N,186,5.20708,3.9,-10.375 
N,187,6.9557,3.887,-10.389
N,188,5.4294,3.9,-9.25
N,189,7.049,3.9,-9.25 
N,200,4.8687,5.2,-11.5
N,201,4.97879,6.5,-11.4933
N,202,6.682,5.1935,-11.4866 
N,203,6.682,6.5,-11.4866
N,204,4.65,5.2,-12.625
N,205,4.7266,6.5,-12.6096 
N,206,6.1985,5.1935,-12.5942
N,207,6.1985,6.5,-12.5942 
N,208,4.43127,5.2,-13.75
N,209,4.3224,6.5,-13.75 
N,210,5.4108,5.1935,-13.75
N,211,5.4108,6.5,-13.75 
N,212,5.08748,5.2,-10.375 
N,213,5.126,6.5,-10.382 
N,214,6.9557,5.1935,-10.389 
N,215,6.9557,6.5,-10.389
N,216,5.3062,5.2,-9.25
N,217,5.183,6.5,-9.25 
N,218,7.049,5.2,-9.25 
N,219,7.049,6.5,-9.25 
N,220,4.549,-3.91E-15,-14.375 
N,221,4.549,-3.91E-15,-14.85
N,222,3.9486,2.24557,-14.3
N,223,3.9486,2.24557,-14.85 
N,224,4.4074,1.11986,-14.3
N,225,4.4074,1.11986,-14.85 
N,226,.048963,4.4999,-15. 
N,227,.048963,4.4999,-16.25 
N,228,2.302,3.89537,-15.
N,229,2.27915,3.89537,-15.924 
N,230,1.18068,4.35537,-15.
N,231,1.1137,4.35537,-16.1782 
N,232,3.2389,3.17894,-14.6142 
N,233,3.2438,3.17894,-15.4784 
N,234,.048963,5.5,-15.
N,235,.048963,5.5,-16.25
N,236,.048963,6.5,-15.
N,237,.048963,6.5,-16.25
N,238,2.24246,5.19768,-15.
N,239,2.21962,5.19768,-15.924 
N,240,2.18293,6.5,-15.
N,241,2.1601,6.5,-15.924
N,242,1.18068,5.3554,-15. 
N,243,1.1137,5.3554,-16.1782
N,244,1.11594,6.5,-15.
N,245,1.04896,6.5,-16.1782
N,246,3.2389,4.8822,-14.6142
N,247,3.2438,4.8822,-15.4784
N,248,3.2389,6.5,-14.6142 
N,249,3.2438,6.5,-15.4784 
N,250,4.87765,2.03E-15,-14.7856 
N,252,4.66,2.6,-14.7856 
N,254,4.7688,1.3,-14.7856 
N,256,4.5511,3.9,-14.7856 
N,258,4.44227,5.2,-14.7856
N,260,4.3334,6.5,-14.7856 
N,261,5.9554,2.82E-05,-15.0654
N,262,6.5,9.51E-08,-16.5607 
N,263,5.9554,2.9875,-15.1329
N,264,6.5,3.375,-16.5157
N,265,5.9554,1.65,-15.1554
N,266,6.5,2.,-16.5607 
N,267,5.9554,4.3185,-15.1104
N,268,6.5,4.75,-16.4708 
N,269,5.9554,5.6592,-15.088 
N,270,6.5,6.125,-16.4258
N,271,5.9554,7.,-15.0654
N,272,6.5,7.5,-16.3808
N,273,4.549,2.82E-05,-16.1579 
N,274,4.549,5.64E-05,-17.4658 
N,275,3.9486,2.2456,-16.1579
N,276,3.9599,2.22589,-17.78 
N,277,4.4074,1.11989,-16.1579 
N,278,4.3992,1.15128,-17.6229 
N,279,.048963,4.5,-17.558 
N,280,.048963,4.5,-18.8659
N,281,2.27915,3.8954,-17.232
N,282,2.16496,3.97147,-18.4252
N,283,1.1137,4.3554,-17.486 
N,284,.902,4.4184,-18.7562
N,285,3.2438,3.17897,-16.7863 
N,286,3.2438,3.179,-18.094
N,287,.048963,5.5,-17.558 
N,288,.048963,5.5,-18.8658
N,289,.048963,7.,-17.558
N,290,.048963,7.5,-18.8659
N,291,2.21962,5.1977,-17.232
N,292,2.21962,5.1977,-18.54 
N,293,2.536,7.,-17.177
N,294,2.9119,7.5,-18.4298 
N,295,1.1137,5.3554,-17.486 
N,296,1.1137,5.3555,-18.794 
N,297,1.27295,7.,-17.4672 
N,298,1.49694,7.5,-18.7562
N,299,3.2438,4.88226,-16.7863 
N,300,3.2438,4.88229,-18.094
N,301,3.73546,7.,-16.6946 
N,302,4.2271,7.5,-17.9107 
N,303,4.87765,2.82E-05,-16.0935 
N,304,4.87765,5.64E-05,-17.4014 
N,305,4.66,2.60003,-16.0935 
N,306,4.66,2.60006,-17.4014 
N,307,4.7688,1.30003,-16.0935 
N,308,4.7688,1.30006,-17.4014 
N,309,4.5511,3.9,-16.0935 
N,310,4.5511,3.90006,-17.4014 
N,311,4.44227,5.2,-16.0935
N,312,4.44227,5.20006,-17.4014
N,313,4.8854,7.,-16.
N,314,5.4374,7.5,-17.2143 
N,321,7.018,.0172552,-13.7412 
N,322,7.9468,1.00E-07,-14.9673
N,323,7.7666,.0172552,-12.3066
N,324,8.9605,1.00E-07,-13.2056
N,325,7.059,2.9918,-13.7709 
N,326,7.9194,3.3836,-14.9475
N,327,7.7666,2.61726,-12.3066 
N,328,8.9295,3.38968,-13.1919 
N,329,7.0726,1.65,-13.7808
N,330,7.9468,2.,-14.9673
N,331,7.7666,1.31726,-12.3066 
N,332,8.9605,2.,-13.2056
N,333,7.7666,3.90426,-12.3066 
N,334,8.8986,4.77936,-13.178
N,335,7.0453,4.3271,-13.761 
N,336,7.89208,4.7672,-14.9277 
N,339,8.2808,4.75E-08,-10.785 
N,340,9.6058,9.50E-08,-11.181 
N,341,8.424,1.01E-15,-9.25
N,342,9.799,-2.04E-15,-9.25 
N,343,8.2808,2.6,-10.785
N,344,9.5725,3.3932,-11.1742
N,345,8.424,2.6,-9.25 
N,346,9.765,3.39429,-9.25 
N,347,8.2808,1.3,-10.785
N,348,9.6058,2.,-11.181 
N,349,8.424,1.3,-9.25 
N,350,9.799,2.,-9.25
N,351,8.2808,3.887,-10.785
N,352,9.5392,4.7864,-11.1675
N,353,8.424,3.9,-9.25 
N,354,9.731,4.78857,-9.25 
N,355,7.776,5.689,-12.3186
N,356,8.8701,6.1845,-13.1506
N,357,7.7593,7.0294,-12.3186
N,358,8.8366,7.5587,-13.1506
N,359,7.03469,5.67689,-13.7412
N,360,7.871,6.16027,-14.888 
N,361,7.018,7.0172,-13.7412 
N,362,7.8374,7.5345,-14.888 
N,367,8.2309,5.69606,-10.7716 
N,368,9.5061,6.1986,-11.154 
N,369,8.2141,7.0364,-10.7716
N,370,9.4726,7.5728,-11.154 
N,371,8.424,5.2,-9.25 
N,372,9.6965,6.203,-9.25
N,373,8.356,7.03857,-9.25 
N,374,9.663,7.5771,-9.25
N,375,6.5,9.50E-08,-18.933
N,376,6.5,1.92E-05,-21.2445 
N,377,6.5,5.47E-12,-23.75 
N,378,6.5,3.375,-18.903 
N,379,6.5,3.375,-21.2904
N,380,6.5,3.375,-23.75
N,381,6.5,2.,-18.933
N,382,6.5,2.,-21.3056 
N,383,6.5,2.,-23.75 
N,384,6.5,4.75,-18.873
N,385,6.5,4.75,-21.275
N,386,6.5,4.75,-23.75 
N,387,6.5,6.125,-18.8428
N,388,6.5,6.125,-21.2598
N,389,6.5,6.125,-23.75
N,390,6.5,7.5,-18.8127
N,391,6.5,7.5,-21.2445
N,392,6.5,7.5,-23.75
N,393,4.549,3.78E-05,-19.5396 
N,394,4.549,1.92E-05,-21.6134 
N,395,4.549,-6.84E-13,-23.75
N,396,3.9599,2.22589,-19.75 
N,397,3.9599,2.22589,-21.72 
N,398,3.9599,2.22589,-23.75 
N,399,4.3992,1.15128,-19.6448 
N,400,4.3992,1.15128,-21.6668 
N,401,4.3992,1.15128,-23.75 
N,402,.048963,4.5,-20.494 
N,403,.048963,4.5,-22.122 
N,404,.048963,4.5,-23.75
N,405,2.16496,3.97147,-20.1824
N,406,2.16496,3.97147,-21.9396
N,407,2.16496,3.97147,-23.75
N,408,.902,4.4184,-20.3843
N,409,.902,4.4184,-22.0123
N,410,1.04896,4.38748,-23.75
N,411,3.24218,3.17736,-19.9606
N,412,3.24054,3.17573,-21.827 
N,413,3.23885,3.17405,-23.75
N,414,.048963,5.5,-20.4939
N,415,.048963,5.5,-22.122 
N,416,.048963,5.5,-23.75
N,417,.048963,7.5,-20.494 
N,418,.048963,7.5,-22.122 
N,419,.048963,7.5,-23.75
N,420,2.21962,5.1977,-20.1679 
N,421,2.21962,5.1977,-21.9785 
N,422,2.21962,5.1977,-23.75 
N,423,2.9119,7.5,-20.1854 
N,424,2.9119,7.5,-21.941
N,425,2.9119,7.5,-23.75 
N,426,1.1137,5.3555,-20.422 
N,427,1.1137,5.3555,-22.05
N,428,1.1137,5.3555,-23.75
N,429,1.49694,7.5,-20.3843
N,430,1.49694,7.5,-22.0123
N,431,1.48663,7.5,-23.75
N,432,3.3861,5.0904,-19.9606
N,433,3.52837,5.29856,-21.827 
N,434,3.67495,5.513,-23.75
N,435,4.2271,7.5,-19.8377 
N,436,4.2271,7.5,-21.7646 
N,437,4.2271,7.5,-23.75 
N,438,5.0911,3.78E-05,-19.4964
N,439,5.30456,1.92E-05,-21.5915 
N,440,5.52448,-6.84E-13,-23.75
N,441,4.84806,2.66618,-19.4964
N,442,5.03615,2.7323,-21.5915 
N,443,5.23,2.80044,-23.75 
N,444,4.99347,1.391,-19.4964
N,445,5.2181,1.48194,-21.5915 
N,446,5.4496,1.57564,-23.75 
N,447,4.65616,3.9205,-19.4964 
N,448,4.7612,3.94096,-21.5915 
N,449,4.8694,3.962,-23.75 
N,450,4.67695,5.37527,-19.4964
N,451,4.9116,5.55049,-21.5915 
N,452,5.1534,5.731,-23.75 
N,453,5.4374,7.5,-19.371
N,454,5.4374,7.5,-21.5278 
N,455,5.4374,7.5,-23.75 
N,456,.048963,-2.30474,-13.75 
N,458,2.3537,-2.30474,-13.75
N,459,1.20133,-2.30474,-13.75 
N,460,2.3537,-1.15237,-13.75
N,463,.048963,-2.30477,-12.725
N,464,.048963,-2.3048,-11.6999
N,469,2.0407,-2.30477,-12.3922
N,470,1.7277,-2.3048,-11.0345 
N,471,1.14656,-2.30477,-12.6085 
N,472,1.0918,-2.3048,-11.467
N,473,2.0407,-1.1524,-12.3922 
N,474,1.7277,-1.15243,-11.0345
N,479,3.15117,-2.27516,-13.75 
N,480,3.9486,-2.24557,-13.75
N,481,3.38055,-1.13612,-13.75 
N,482,4.4074,-1.11986,-13.75
N,483,2.9956,-2.27356,-12.5053
N,484,3.95049,-2.24234,-12.6183 
N,485,2.84003,-2.27195,-11.2605 
N,486,3.95234,-2.2391,-11.4866
N,487,3.13834,-1.1524,-12.3922
N,488,4.4026,-1.13807,-12.6183
N,489,3.0628,-1.15436,-11.2605
N,490,4.39787,-1.15629,-11.4866 
N,491,.048963,-3.40234,-13.75 
N,492,.048963,-4.4999,-13.75
N,493,2.32785,-3.10005,-13.75 
N,494,2.302,-3.89537,-13.75 
N,495,1.191,-3.33005,-13.75 
N,496,1.18068,-4.35537,-13.75 
N,497,.048963,-3.40237,-12.725
N,498,.048963,-4.5,-12.725
N,499,.048963,-3.4024,-11.7 
N,500,.048963,-4.5,-11.7
N,501,2.01806,-3.17387,-12.401
N,502,1.9954,-4.043,-12.41
N,503,1.70827,-3.24768,-11.0522 
N,504,1.68883,-4.19057,-11.07 
N,505,1.1307,-3.3381,-12.6134 
N,506,1.11482,-4.3714,-12.6183
N,507,1.07038,-3.34614,-11.4768 
N,508,1.04896,-4.38748,-11.4866 
N,509,3.27555,-3.13618,-11.5
N,510,3.25477,-3.15756,-12.625
N,511,3.234,-3.17894,-13.75 
N,512,2.2885,-1.95405,-10.2427
N,513,2.49896,-1.8873,-9.25 
N,514,3.1204,-2.09658,-10.3055
N,515,3.22565,-2.0632,-9.25 
N,516,3.95234,-2.2391,-10.3683
N,517,3.95234,-2.2391,-9.25 
N,518,3.34789,-1.15433,-10.2952 
N,519,3.4484,-1.04997,-9.25 
N,520,4.39787,-1.15629,-10.3683 
N,521,4.39787,-1.15629,-9.25
N,522,2.2838,-2.93108,-10.253 
N,523,2.49896,-2.83094,-9.25
N,524,2.2791,-3.9081,-10.2634 
N,525,2.49896,-3.77459,-9.25
N,526,3.2963,-3.1148,-10.375
N,527,3.3171,-3.0934,-9.25
N,528,.048963,-5.5,-13.75 
N,529,.048962,-7.5,-13.75 
N,530,2.24246,-5.19768,-13.75 
N,531,2.18293,-7.5,-13.75 
N,532,1.18068,-5.3554,-13.75
N,533,1.11594,-7.5,-13.75 
N,534,.048963,-5.5,-12.725
N,535,.048962,-7.5,-12.725
N,536,.048963,-5.5,-11.7
N,537,.048962,-7.5,-11.7
N,538,2.09613,-5.27149,-12.534
N,539,2.19685,-7.5,-12.658
N,540,1.7351,-5.34529,-11.0262
N,541,1.78137,-7.5,-10.9825 
N,542,1.11482,-5.3715,-12.6183
N,543,1.1229,-7.5,-12.6916
N,544,1.04896,-5.3875,-11.4866
N,545,1.04896,-7.5,-11.4868 
N,546,3.27555,-4.83947,-11.5
N,547,3.27555,-7.5,-11.5001 
N,548,3.25477,-4.86085,-12.625
N,549,3.25476,-7.5,-12.6251 
N,550,3.234,-4.8822,-13.75
N,551,3.234,-7.5,-13.75 
N,552,2.2958,-5.204,-10.2255
N,553,2.31247,-7.5,-10.1877 
N,554,2.49896,-5.1373,-9.25 
N,555,2.49896,-7.5,-9.25
N,556,3.2963,-4.81809,-10.375 
N,557,3.2963,-7.5,-10.3751
N,558,3.3171,-4.7967,-9.25
N,559,3.3171,-7.5,-9.2501 
N,560,4.649,-2.6,-13.75 
N,561,5.41085,-2.6,-13.75 
N,562,4.7578,-1.3,-13.75
N,563,5.41086,-1.3,-13.75 
N,564,4.87486,-2.6,-12.625
N,565,6.1985,-2.6,-12.5942
N,566,5.10077,-2.6,-11.5
N,567,6.682,-2.6,-11.4866 
N,568,4.9873,-1.3,-12.625 
N,569,6.1985,-1.3,-12.5942
N,570,5.21679,-1.3,-11.5
N,571,6.682,-1.3,-11.4866 
N,572,4.98476,-3.9,-11.5
N,573,6.682,-3.887,-11.4866 
N,574,4.7624,-3.9,-12.625 
N,575,6.1985,-3.887,-12.5942
N,576,4.5401,-3.9,-13.75
N,577,5.4108,-3.887,-13.75
N,578,5.32668,-2.6,-10.375
N,579,6.9557,-2.6,-10.389 
N,580,5.5526,-2.6,-9.25 
N,581,7.049,-2.6,-9.25
N,582,5.44628,-1.3,-10.375
N,583,6.9557,-1.3,-10.389 
N,584,5.67578,-1.3,-9.25
N,585,7.049,-1.3,-9.25
N,586,5.20708,-3.9,-10.375
N,587,6.9557,-3.887,-10.389 
N,588,5.4294,-3.9,-9.25 
N,589,7.049,-3.9,-9.25
N,590,4.8687,-5.2,-11.5 
N,591,4.97879,-7.5,-11.4935 
N,592,6.682,-5.1935,-11.4866
N,593,6.682,-7.5,-11.4868 
N,594,4.65,-5.2,-12.625 
N,595,4.7266,-7.5,-12.6097
N,596,6.1985,-5.1935,-12.5942 
N,597,6.1985,-7.5,-12.5944
N,598,4.43127,-5.2,-13.75 
N,599,4.3224,-7.5,-13.75
N,600,5.4108,-5.1935,-13.75 
N,601,5.4108,-7.5,-13.75
N,602,5.08748,-5.2,-10.375
N,603,5.126,-7.5,-10.3822 
N,604,6.9557,-5.1935,-10.389
N,605,6.9557,-7.5,-10.3892
N,606,5.3062,-5.2,-9.25 
N,607,5.183,-7.5,-9.2501
N,608,7.049,-5.2,-9.25
N,609,7.049,-7.5,-9.2501
N,610,3.9486,-2.24557,-14.3 
N,611,3.9486,-2.24557,-14.85
N,612,4.4074,-1.11986,-14.3 
N,613,4.4074,-1.11986,-14.85
N,614,.048963,-4.4999,-15.
N,615,.048963,-4.4999,-16.25
N,616,2.302,-3.89537,-15. 
N,617,2.27915,-3.89537,-15.924
N,618,1.18068,-4.35537,-15. 
N,619,1.1137,-4.35537,-16.1782
N,620,3.2389,-3.17894,-14.6142
N,621,3.2438,-3.17894,-15.4784
N,622,.048963,-5.5,-15. 
N,623,.048963,-5.5,-16.25 
N,624,.048962,-7.5,-15. 
N,625,.048962,-7.5,-16.25 
N,626,2.24246,-5.19768,-15. 
N,627,2.21962,-5.19768,-15.924
N,628,2.18293,-7.5,-15. 
N,629,2.1601,-7.5,-15.9242
N,630,1.18068,-5.3554,-15.
N,631,1.1137,-5.3554,-16.1782 
N,632,1.11594,-7.5,-15. 
N,633,1.04896,-7.5,-16.1783 
N,634,3.2389,-4.8822,-14.6142 
N,635,3.2438,-4.8822,-15.4784 
N,636,3.2389,-7.5,-14.6143
N,637,3.2438,-7.5,-15.4785
N,638,4.66,-2.6,-14.7856
N,639,4.7688,-1.3,-14.7856
N,640,4.5511,-3.9,-14.7856
N,641,4.44227,-5.2,-14.7856 
N,642,4.3334,-7.5,-14.7858
N,643,5.9554,-2.9875,-15.1329 
N,644,6.5,-3.375,-16.5157 
N,645,5.9554,-1.65,-15.1554 
N,646,6.5,-2.,-16.5607
N,647,5.9554,-4.3185,-15.1104 
N,648,6.5,-4.75,-16.4708
N,649,5.9554,-5.6592,-15.088
N,650,6.5,-6.125,-16.4258 
N,651,5.9554,-7.5,-14.7576
N,652,6.294,-7.5,-15.7307 
N,653,3.9486,-2.2456,-16.1579 
N,654,3.9599,-2.22589,-17.78
N,655,4.4074,-1.11989,-16.1579
N,656,4.3992,-1.15128,-17.6229
N,657,.048963,-4.5,-17.558
N,658,.048963,-4.5,-18.8659 
N,659,2.27915,-3.8954,-17.232 
N,660,2.16496,-3.97147,-18.4252 
N,661,1.1137,-4.3554,-17.486
N,662,.902,-4.4184,-18.7562 
N,663,3.2438,-3.17897,-16.7863
N,664,3.2438,-3.179,-18.094 
N,665,.048963,-5.5,-17.558
N,666,.048963,-5.5,-18.8658 
N,667,.0489625,-7.5,-17.25
N,668,.048963,-7.5,-18.25 
N,669,2.21962,-5.1977,-17.232 
N,670,2.21962,-5.1977,-18.54
N,671,2.536,-7.5,-16.869
N,672,2.70178,-7.5,-17.85 
N,673,1.1137,-5.3554,-17.486
N,674,1.1137,-5.3555,-18.794
N,675,1.27295,-7.5,-17.1593 
N,676,1.39314,-7.5,-18.149
N,677,3.2438,-4.88226,-16.7863
N,678,3.2438,-4.88229,-18.094 
N,679,3.73546,-7.5,-16.3867 
N,680,3.9601,-7.5,-17.3557
N,681,4.66,-2.60003,-16.0935
N,682,4.66,-2.60006,-17.4014
N,683,4.7688,-1.30003,-16.0935
N,684,4.7688,-1.30006,-17.4014
N,685,4.5511,-3.9,-16.0935
N,686,4.5511,-3.90006,-17.4014
N,687,4.44227,-5.2,-16.0935 
N,688,4.44227,-5.20006,-17.4014 
N,689,4.8854,-7.5,-15.692 
N,690,5.0592,-7.5,-16.7264
N,691,7.059,-2.9918,-13.7709
N,692,7.9194,-3.3836,-14.9475 
N,693,7.7666,-2.61726,-12.3066
N,694,8.9295,-3.38968,-13.1919
N,695,7.0726,-1.65,-13.7808 
N,696,7.9468,-2.,-14.9673 
N,697,7.7666,-1.31726,-12.3066
N,698,8.9605,-2.,-13.2056 
N,699,7.7666,-3.90426,-12.3066
N,700,8.8986,-4.77936,-13.178 
N,701,7.0453,-4.3271,-13.761
N,702,7.89208,-4.7672,-14.9277
N,703,8.2808,-2.6,-10.785 
N,704,9.5725,-3.3932,-11.1742 
N,705,8.424,-2.6,-9.25
N,706,9.765,-3.39429,-9.25
N,707,8.2808,-1.3,-10.785 
N,708,9.6058,-2.,-11.181
N,709,8.424,-1.3,-9.25
N,710,9.799,-2.,-9.25 
N,711,8.2808,-3.887,-10.785 
N,712,9.5392,-4.7864,-11.1675 
N,713,8.424,-3.9,-9.25
N,714,9.731,-4.78857,-9.25
N,715,7.776,-5.689,-12.3186 
N,716,8.8701,-6.1845,-13.1506 
N,717,7.5077,-7.5,-12.1269
N,718,8.3333,-7.5,-12.767 
N,719,7.03469,-5.67689,-13.7412 
N,720,7.871,-6.16027,-14.888
N,721,6.83247,-7.5,-13.4707 
N,722,7.46649,-7.5,-14.347
N,723,8.2309,-5.69606,-10.7716
N,724,9.5061,-6.1986,-11.154
N,725,7.91839,-7.5,-10.6846 
N,726,8.8811,-7.5,-10.98
N,727,8.424,-5.2,-9.25
N,728,9.6965,-6.203,-9.25 
N,729,8.049,-7.5,-9.25
N,730,9.049,-7.5,-9.25
N,731,6.5,-3.375,-18.903
N,732,6.5,-3.375,-21.2904 
N,733,6.5,-3.375,-23.75 
N,734,6.5,-2.,-18.933 
N,735,6.5,-2.,-21.3056
N,736,6.5,-2.,-23.75
N,737,6.5,-4.75,-18.873 
N,738,6.5,-4.75,-21.275 
N,739,6.5,-4.75,-23.75
N,740,6.5,-6.125,-18.8428 
N,741,6.5,-6.125,-21.2598 
N,742,6.5,-6.125,-23.75 
N,743,6.5,-7.5,-18.8127 
N,744,6.5,-7.5,-21.2445 
N,745,6.5,-7.5,-23.75 
N,746,3.9599,-2.22589,-19.75
N,747,3.9599,-2.22589,-21.72
N,748,3.9599,-2.22589,-23.75
N,749,4.3992,-1.15128,-19.6448
N,750,4.3992,-1.15128,-21.6668
N,751,4.3992,-1.15128,-23.75
N,752,.048963,-4.5,-20.494
N,753,.048963,-4.5,-22.122
N,754,.048963,-4.5,-23.75 
N,755,2.16496,-3.97147,-20.1824 
N,756,2.16496,-3.97147,-21.9396 
N,757,2.16496,-3.97147,-23.75 
N,758,.902,-4.4184,-20.3843 
N,759,.902,-4.4184,-22.0123 
N,760,1.04896,-4.38748,-23.75 
N,761,3.24218,-3.17736,-19.9606 
N,762,3.24054,-3.17573,-21.827
N,763,3.23885,-3.17405,-23.75 
N,764,.048963,-5.5,-20.4939 
N,765,.048963,-5.5,-22.122
N,766,.048963,-5.5,-23.75 
N,767,.048963,-7.5,-20.494
N,768,.048963,-7.5,-22.122
N,769,.048963,-7.5,-23.75 
N,770,2.21962,-5.1977,-20.1679
N,771,2.21962,-5.1977,-21.9785
N,772,2.21962,-5.1977,-23.75
N,773,2.9119,-7.5,-20.1854
N,774,2.9119,-7.5,-21.941 
N,775,2.9119,-7.5,-23.75
N,776,1.1137,-5.3555,-20.422
N,777,1.1137,-5.3555,-22.05 
N,778,1.1137,-5.3555,-23.75 
N,779,1.49694,-7.5,-20.3843 
N,780,1.49694,-7.5,-22.0123 
N,781,1.48663,-7.5,-23.75 
N,782,3.3861,-5.0904,-19.9606 
N,783,3.52837,-5.29856,-21.827
N,784,3.67495,-5.513,-23.75 
N,785,4.2271,-7.5,-19.8377
N,786,4.2271,-7.5,-21.7646
N,787,4.2271,-7.5,-23.75
N,788,4.84806,-2.66618,-19.4964 
N,789,5.03615,-2.7323,-21.5915
N,790,5.23,-2.80044,-23.75
N,791,4.99347,-1.391,-19.4964 
N,792,5.2181,-1.48194,-21.5915
N,793,5.4496,-1.57564,-23.75
N,794,4.65616,-3.9205,-19.4964
N,795,4.7612,-3.94096,-21.5915
N,796,4.8694,-3.962,-23.75
N,797,4.67695,-5.37527,-19.4964 
N,798,4.9116,-5.55049,-21.5915
N,799,5.1534,-5.731,-23.75
N,800,5.4374,-7.5,-19.371 
N,801,5.4374,-7.5,-21.5278
N,802,5.4374,-7.5,-23.75
N,803,.048962,-10.,-13.75 
N,804,.048962,-12.5,-13.75
N,805,.048962,-15.,-13.475
N,806,.0489625,-17.5,-13.2
N,807,2.18293,-10.,-13.75 
N,808,2.18293,-12.5,-13.75
N,809,2.13447,-15.,-13.2677 
N,810,2.086,-17.5,-12.7852
N,811,1.11594,-10.,-13.75 
N,812,1.11594,-12.5,-13.75
N,813,1.0945,-15.,-13.3963
N,814,1.07307,-17.5,-13.0425
N,815,.048962,-10.,-12.725
N,816,.048962,-12.5,-12.725 
N,817,.048962,-15.,-12.5875 
N,818,.048962,-17.5,-12.45
N,819,.048962,-10.,-11.7
N,820,.048962,-12.5,-11.7 
N,821,.048962,-15.,-11.7
N,822,.048962,-17.5,-11.7 
N,823,2.19685,-10.,-12.658
N,824,2.19685,-12.5,-12.658 
N,825,2.093,-15.,-12.2392 
N,826,1.9891,-17.5,-11.8203 
N,827,1.78137,-10.,-10.9825 
N,828,1.78137,-12.5,-10.9825
N,829,1.78137,-15.,-10.9825 
N,830,1.78137,-17.5,-10.9825
N,831,1.1229,-10.,-12.6916
N,832,1.1229,-12.5,-12.6916 
N,833,1.09196,-15.,-12.478
N,834,1.06101,-17.5,-12.2646
N,835,1.04896,-10.,-11.4868 
N,836,1.04896,-12.5,-11.4868
N,837,1.04896,-15.,-11.4868 
N,838,1.04896,-17.5,-11.4868
N,839,3.27555,-10.,-11.5001 
N,840,3.27555,-12.5,-11.5001
N,841,2.902,-15.,-11.3707 
N,842,2.52846,-17.5,-11.2413
N,843,3.25476,-10.,-12.6251 
N,844,3.25476,-12.5,-12.6251
N,845,2.8864,-15.,-12.2145
N,846,2.51807,-17.5,-11.8038
N,847,3.234,-10.,-13.75 
N,848,3.234,-12.5,-13.75
N,849,3.0013,-15.,-13.1176
N,850,2.76864,-17.5,-12.485 
N,851,2.31247,-10.,-10.1877 
N,852,2.31247,-12.5,-10.1877
N,853,2.31247,-15.,-10.1877 
N,854,2.31247,-17.5,-10.1877
N,855,2.49896,-10.,-9.25
N,856,2.49896,-12.5,-9.25 
N,857,2.49896,-15.,-9.25
N,858,2.49896,-17.5,-9.25 
N,859,3.2963,-10.,-10.3751
N,860,3.2963,-12.5,-10.3751 
N,861,3.2963,-15.,-10.3751
N,862,3.2963,-17.5,-10.3751 
N,863,3.3171,-10.,-9.2501 
N,864,3.3171,-12.5,-9.2501
N,865,3.3171,-15.,-9.2501 
N,866,3.3171,-17.5,-9.2501
N,867,4.97879,-10.,-11.4935 
N,868,4.97879,-12.5,-11.4935
N,869,4.3662,-15.,-11.4304
N,870,3.7536,-17.5,-11.3674 
N,871,6.682,-10.,-11.4868 
N,872,6.682,-12.5,-11.4868
N,873,5.8504,-15.,-11.4867
N,874,5.01887,-17.5,-11.4866
N,875,4.7266,-10.,-12.6097
N,876,4.7266,-12.5,-12.6097 
N,877,3.9978,-15.,-12.3438
N,878,3.269,-17.5,-12.0778
N,879,6.1985,-10.,-12.5944
N,880,6.1985,-12.5,-12.5944 
N,881,5.4509,-15.,-12.3398
N,882,4.7034,-17.5,-12.0852 
N,883,4.3224,-10.,-13.75
N,884,4.3224,-12.5,-13.75 
N,885,3.80576,-15.,-13.17 
N,886,3.2891,-17.5,-12.59 
N,887,5.4108,-10.,-13.75
N,888,5.4108,-12.5,-13.75 
N,889,4.8506,-15.,-13.2113
N,890,4.29036,-17.5,-12.6724
N,891,5.126,-10.,-10.3822 
N,892,5.126,-12.5,-10.3822
N,893,4.72889,-15.,-10.3951 
N,894,4.33179,-17.5,-10.408 
N,895,6.9557,-10.,-10.3892
N,896,6.9557,-12.5,-10.3892 
N,897,6.1615,-15.,-10.415 
N,898,5.3672,-17.5,-10.441
N,899,5.183,-10.,-9.2501
N,900,5.183,-12.5,-9.2501 
N,901,4.846,-15.,-9.25
N,902,4.509,-17.5,-9.25 
N,903,7.049,-10.,-9.2501
N,904,7.049,-12.5,-9.2501 
N,905,6.274,-15.,-9.25
N,906,5.499,-17.5,-9.25 
N,907,.048962,-10.,-15. 
N,908,.048962,-12.5,-15.
N,909,.048962,-15.,-14.475
N,910,.0489628,-17.5,-13.95 
N,911,.048962,-10.,-16.25 
N,912,.048962,-12.5,-16.25
N,913,.0489625,-15.,-15.475 
N,914,.048963,-17.5,-14.7 
N,915,2.18293,-10.,-15. 
N,916,2.18293,-12.5,-15.
N,917,2.13512,-15.,-14.2724 
N,918,2.0873,-17.5,-13.5446 
N,919,2.1601,-10.,-15.9242
N,920,2.1601,-12.5,-15.9242 
N,921,2.11064,-15.,-15.1196 
N,922,2.0612,-17.5,-14.315
N,923,1.11594,-10.,-15. 
N,924,1.11594,-12.5,-15.
N,925,1.10053,-15.,-14.4103 
N,926,1.08512,-17.5,-13.8204
N,927,1.04896,-10.,-16.1783 
N,928,1.04896,-12.5,-16.1783
N,929,1.04896,-15.,-15.393
N,930,1.09717,-17.5,-14.5982
N,931,3.2389,-10.,-14.6143
N,932,3.2389,-12.5,-14.6143 
N,933,3.0635,-15.,-13.8852
N,934,2.88809,-17.5,-13.156 
N,935,3.2438,-10.,-15.4785
N,936,3.2438,-12.5,-15.4785 
N,937,3.18364,-15.,-14.6143 
N,938,3.12345,-17.5,-13.75
N,939,4.3334,-10.,-14.7858
N,940,4.3334,-12.5,-14.7858 
N,941,4.12636,-15.,-13.9364 
N,942,3.91928,-17.5,-13.087 
N,943,5.9554,-10.,-14.7576
N,944,5.9554,-12.5,-14.7576 
N,945,5.62379,-15.,-14.4796 
N,946,5.29216,-17.5,-14.2016
N,947,6.294,-10.,-15.7307 
N,948,6.294,-12.5,-15.7307
N,949,6.294,-15.,-15.7307 
N,950,6.294,-17.5,-15.7307
N,951,.0489625,-10.,-17.25
N,952,.0489625,-12.5,-17.25 
N,953,.0489628,-15.,-16.8625
N,954,.048963,-17.5,-16.475 
N,955,.048963,-10.,-18.25 
N,956,.048963,-12.5,-18.25
N,957,.048963,-15.,-18.25 
N,958,.048963,-17.5,-18.25
N,959,2.536,-10.,-16.869
N,960,2.536,-12.5,-16.869 
N,961,2.45874,-15.,-16.4758 
N,962,2.38149,-17.5,-16.0825
N,963,2.70178,-10.,-17.85 
N,964,2.70178,-12.5,-17.85
N,965,2.70178,-15.,-17.85 
N,966,2.70178,-17.5,-17.85
N,967,1.27295,-10.,-17.1593 
N,968,1.27295,-12.5,-17.1593
N,969,1.25905,-15.,-16.7665 
N,970,1.24515,-17.5,-16.3737
N,971,1.39314,-10.,-18.149
N,972,1.39314,-12.5,-18.149 
N,973,1.39314,-15.,-18.149
N,974,1.39314,-17.5,-18.149 
N,975,3.73546,-10.,-16.3867 
N,976,3.73546,-12.5,-16.3867
N,977,3.6386,-15.,-15.9698
N,978,3.54179,-17.5,-15.5529
N,979,3.9601,-10.,-17.3557
N,980,3.9601,-12.5,-17.3557 
N,981,3.9601,-15.,-17.3557
N,982,3.9601,-17.5,-17.3557 
N,983,4.8854,-10.,-15.692 
N,984,4.8854,-12.5,-15.692
N,985,4.6873,-15.,-15.2994
N,986,4.48925,-17.5,-14.9068
N,987,5.0592,-10.,-16.7264
N,988,5.0592,-12.5,-16.7264 
N,989,5.0592,-15.,-16.7264
N,990,5.0592,-17.5,-16.7264 
N,991,7.5077,-10.,-12.1269
N,992,7.5077,-12.5,-12.1269 
N,993,7.09188,-15.,-12.1269 
N,994,6.6761,-17.5,-12.1268 
N,995,8.3333,-10.,-12.767 
N,996,8.3333,-12.5,-12.767
N,997,8.3333,-15.,-12.767 
N,998,8.3333,-17.5,-12.767
N,999,6.83247,-10.,-13.4707 
N,1000,6.83247,-12.5,-13.4707 
N,1001,6.4587,-15.,-13.3434 
N,1002,6.085,-17.5,-13.2161 
N,1003,7.46649,-10.,-14.347 
N,1004,7.46649,-12.5,-14.347
N,1005,7.46649,-15.,-14.347 
N,1006,7.46649,-17.5,-14.347
N,1007,7.91839,-10.,-10.6846
N,1008,7.91839,-12.5,-10.6846 
N,1009,7.52128,-15.,-10.6976
N,1010,7.12418,-17.5,-10.7105 
N,1011,8.8811,-10.,-10.98 
N,1012,8.8811,-12.5,-10.98
N,1013,8.8811,-15.,-10.98 
N,1014,8.8811,-17.5,-10.98
N,1015,8.049,-10.,-9.25 
N,1016,8.049,-12.5,-9.25
N,1017,7.6615,-15.,-9.25
N,1018,7.274,-17.5,-9.25
N,1019,9.049,-10.,-9.25 
N,1020,9.049,-12.5,-9.25
N,1021,9.049,-15.,-9.25 
N,1022,9.049,-17.5,-9.25
N,1023,.0489625,-19.5,-13.2 
N,1024,.0489625,-21.5,-13.2 
N,1025,.0489625,-23.5,-13.2 
N,1026,.0489625,-25.5,-13.2 
N,1027,.0489625,-27.5,-13.2 
N,1028,2.086,-19.5,-12.7852 
N,1029,2.086,-21.5,-12.7852 
N,1030,2.086,-23.5,-12.7852 
N,1031,2.086,-25.5,-12.7852 
N,1032,2.086,-27.5,-12.7852 
N,1033,1.07307,-19.5,-13.0425 
N,1034,1.07307,-21.5,-13.0425 
N,1035,1.07307,-23.5,-13.0425 
N,1036,1.07307,-25.5,-13.0425 
N,1037,1.07307,-27.5,-13.0425 
N,1038,.048962,-19.5,-12.45 
N,1039,.048962,-21.5,-12.45 
N,1040,.048962,-23.5,-12.45 
N,1041,.048962,-25.5,-12.45 
N,1042,.048962,-27.5,-12.45 
N,1043,.048962,-19.5,-11.7
N,1044,.048962,-21.5,-11.7
N,1045,.048962,-23.5,-11.7
N,1046,.048962,-25.5,-11.7
N,1047,.048962,-27.5,-11.7
N,1048,1.9891,-19.5,-11.8203
N,1049,1.9891,-21.5,-11.8203
N,1050,1.9891,-23.5,-11.8203
N,1051,1.9891,-25.5,-11.8203
N,1052,1.9891,-27.5,-11.8203
N,1053,1.78137,-19.5,-10.9825 
N,1054,1.78137,-21.5,-10.9825 
N,1055,1.78137,-23.5,-10.9825 
N,1056,1.78137,-25.5,-10.9825 
N,1057,1.78137,-27.5,-10.9825 
N,1058,1.06101,-19.5,-12.2646 
N,1059,1.06101,-21.5,-12.2646 
N,1060,1.06101,-23.5,-12.2646 
N,1061,1.06101,-25.5,-12.2646 
N,1062,1.06101,-27.5,-12.2646 
N,1063,1.04896,-19.5,-11.4868 
N,1064,1.04896,-21.5,-11.4868 
N,1065,1.04896,-23.5,-11.4868 
N,1066,1.04896,-25.5,-11.4868 
N,1067,1.04896,-27.5,-11.4868 
N,1068,2.52846,-19.5,-11.2413 
N,1069,2.52846,-21.5,-11.2413 
N,1070,2.52846,-23.5,-11.2413 
N,1071,2.52846,-25.5,-11.2413 
N,1072,2.52846,-27.5,-11.2413 
N,1073,2.51807,-19.5,-11.8038 
N,1074,2.51807,-21.5,-11.8038 
N,1075,2.51807,-23.5,-11.8038 
N,1076,2.51807,-25.5,-11.8038 
N,1077,2.51807,-27.5,-11.8038 
N,1078,2.76864,-19.5,-12.485
N,1079,2.76864,-21.5,-12.485
N,1080,2.76864,-23.5,-12.485
N,1081,2.76864,-25.5,-12.485
N,1082,2.76864,-27.5,-12.485
N,1083,2.31247,-19.5,-10.1877 
N,1084,2.31247,-21.5,-10.1877 
N,1085,2.31247,-23.5,-10.1877 
N,1086,2.31247,-25.5,-10.1877 
N,1087,2.31247,-27.5,-10.1877 
N,1088,2.49896,-19.5,-9.25
N,1089,2.49896,-21.5,-9.25
N,1090,2.49896,-23.5,-9.25
N,1091,2.49896,-25.5,-9.25
N,1092,2.49896,-27.5,-9.25
N,1093,3.2963,-19.5,-10.3751
N,1094,3.2963,-21.5,-10.3751
N,1095,3.2963,-23.5,-10.3751
N,1096,3.2963,-25.5,-10.3751
N,1097,3.2963,-27.5,-10.3751
N,1098,3.3171,-19.5,-9.2501 
N,1099,3.3171,-21.5,-9.2501 
N,1100,3.3171,-23.5,-9.2501 
N,1101,3.3171,-25.5,-9.2501 
N,1102,3.3171,-27.5,-9.2501 
N,1103,3.7536,-19.5,-11.3674
N,1104,3.7536,-21.5,-11.3674
N,1105,3.7536,-23.5,-11.3674
N,1106,3.7536,-25.5,-11.3674
N,1107,3.7536,-27.5,-11.3674
N,1108,5.01887,-19.5,-11.4866 
N,1109,5.01887,-21.5,-11.4866 
N,1110,5.01887,-23.5,-11.4866 
N,1111,5.01887,-25.5,-11.4866 
N,1112,5.01887,-27.5,-11.4866 
N,1113,3.269,-19.5,-12.0778 
N,1114,3.269,-21.5,-12.0778 
N,1115,3.269,-23.5,-12.0778 
N,1116,3.269,-25.5,-12.0778 
N,1117,3.269,-27.5,-12.0778 
N,1118,4.7034,-19.5,-12.0852
N,1119,4.7034,-21.5,-12.0852
N,1120,4.7034,-23.5,-12.0852
N,1121,4.7034,-25.5,-12.0852
N,1122,4.7034,-27.5,-12.0852
N,1123,3.2891,-19.5,-12.59
N,1124,3.2891,-21.5,-12.59
N,1125,3.2891,-23.5,-12.59
N,1126,3.2891,-25.5,-12.59
N,1127,3.2891,-27.5,-12.59
N,1128,4.29036,-19.5,-12.6724 
N,1129,4.29036,-21.5,-12.6724 
N,1130,4.29036,-23.5,-12.6724 
N,1131,4.29036,-25.5,-12.6724 
N,1132,4.29036,-27.5,-12.6724 
N,1133,4.33179,-19.5,-10.408
N,1134,4.33179,-21.5,-10.408
N,1135,4.33179,-23.5,-10.408
N,1136,4.33179,-25.5,-10.408
N,1137,4.33179,-27.5,-10.408
N,1138,5.3672,-19.5,-10.441 
N,1139,5.3672,-21.5,-10.441 
N,1140,5.3672,-23.5,-10.441 
N,1141,5.3672,-25.5,-10.441 
N,1142,5.3672,-27.5,-10.441 
N,1143,4.509,-19.5,-9.25
N,1144,4.509,-21.5,-9.25
N,1145,4.509,-23.5,-9.25
N,1146,4.509,-25.5,-9.25
N,1147,4.509,-27.5,-9.25
N,1148,5.499,-19.5,-9.25
N,1149,5.499,-21.5,-9.25
N,1150,5.499,-23.5,-9.25
N,1151,5.499,-25.5,-9.25
N,1152,5.499,-27.5,-9.25
N,1153,.0489628,-19.5,-13.95
N,1154,.0489628,-21.5,-13.95
N,1155,.0489628,-23.5,-13.95
N,1156,.0489628,-25.5,-13.95
N,1157,.0489628,-27.5,-13.95
N,1158,.048963,-19.5,-14.7
N,1159,.048963,-21.5,-14.7
N,1160,.048963,-23.5,-14.7
N,1161,.048963,-25.5,-14.7
N,1162,.048963,-27.5,-14.7
N,1163,2.0873,-19.5,-13.5446
N,1164,2.0873,-21.5,-13.5446
N,1165,2.0873,-23.5,-13.5446
N,1166,2.0873,-25.5,-13.5446
N,1167,2.0873,-27.5,-13.5446
N,1168,2.0612,-19.5,-14.315 
N,1169,2.0612,-21.5,-14.315 
N,1170,2.0612,-23.5,-14.315 
N,1171,2.0612,-25.5,-14.315 
N,1172,2.0612,-27.5,-14.315 
N,1173,1.08512,-19.5,-13.8204 
N,1174,1.08512,-21.5,-13.8204 
N,1175,1.08512,-23.5,-13.8204 
N,1176,1.08512,-25.5,-13.8204 
N,1177,1.08512,-27.5,-13.8204 
N,1178,1.09717,-19.5,-14.5982 
N,1179,1.09717,-21.5,-14.5982 
N,1180,1.09717,-23.5,-14.5982 
N,1181,1.09717,-25.5,-14.5982 
N,1182,1.09717,-27.5,-14.5982 
N,1183,2.88809,-19.5,-13.156
N,1184,2.88809,-21.5,-13.156
N,1185,2.88809,-23.5,-13.156
N,1186,2.88809,-25.5,-13.156
N,1187,2.88809,-27.5,-13.156
N,1188,3.12345,-19.5,-13.75 
N,1189,3.12345,-21.5,-13.75 
N,1190,3.12345,-23.5,-13.75 
N,1191,3.12345,-25.5,-13.75 
N,1192,3.12345,-27.5,-13.75 
N,1193,3.91928,-19.5,-13.087
N,1194,3.91928,-21.5,-13.087
N,1195,3.91928,-23.5,-13.087
N,1196,3.91928,-25.5,-13.087
N,1197,3.91928,-27.5,-13.087
N,1198,6.682,8.5771,-11.4866
N,1199,6.1985,8.5771,-12.5942 
N,1200,5.4108,8.5771,-13.75 
N,1201,6.9557,8.5771,-10.389
N,1202,7.049,8.5771,-9.25 
N,1203,.048963,8.5771,-16.25
N,1204,2.1601,8.5771,-15.924
N,1205,1.04896,8.5771,-16.1782
N,1206,3.2438,8.5771,-15.4784 
N,1207,4.3334,8.5771,-14.7856 
N,1208,5.9554,8.5386,-15.0654 
N,1209,6.4836,8.4994,-16.3628 
N,1210,.048963,8.5386,-17.558 
N,1211,.048963,8.5009,-18.8414
N,1212,2.536,8.5386,-17.177 
N,1213,2.90464,8.4994,-18.4065
N,1214,1.27295,8.5386,-17.4672
N,1215,1.49327,8.4994,-18.732 
N,1216,3.73546,8.5386,-16.6946
N,1217,4.2165,8.4994,-17.8887 
N,1218,4.8854,8.5386,-16. 
N,1219,5.4374,8.5,-17.2143
N,1220,7.7593,8.568,-12.3186
N,1221,8.8143,8.5581,-13.1407 
N,1222,7.018,8.5558,-13.7412
N,1223,7.8177,8.5339,-14.8738 
N,1224,8.2141,8.575,-10.7716
N,1225,9.4487,8.5722,-11.1492 
N,1226,8.356,8.5771,-9.25 
N,1227,9.6393,8.5474,-9.25
N,1228,6.682,11.3617,-11.4866 
N,1229,6.682,14.1463,-11.4866 
N,1230,6.682,16.9309,-11.4866 
N,1231,6.682,19.7154,-11.4866 
N,1232,6.682,22.5,-11.4866
N,1233,6.1985,11.3617,-12.5942
N,1234,6.1985,14.1463,-12.5942
N,1235,6.1985,16.9309,-12.5942
N,1236,6.1985,19.7154,-12.5942
N,1237,6.1985,22.5,-12.5942 
N,1238,5.4108,11.3617,-13.75
N,1239,5.4108,14.1463,-13.75
N,1240,5.4108,16.9309,-13.75
N,1241,5.4108,19.7154,-13.75
N,1242,5.4108,22.5,-13.75 
N,1243,6.9557,11.3617,-10.389 
N,1244,6.9557,14.1463,-10.389 
N,1245,6.9557,16.9309,-10.389 
N,1246,6.9557,19.7154,-10.389 
N,1247,6.9557,22.5,-10.389
N,1248,7.049,11.3617,-9.25
N,1249,7.049,14.1463,-9.25
N,1250,7.049,16.9309,-9.25
N,1251,7.049,19.7154,-9.25
N,1252,7.049,22.5,-9.25 
N,1253,.048963,11.3617,-16.25 
N,1254,.048963,14.1463,-16.25 
N,1255,.048963,16.9309,-16.25 
N,1256,.048963,19.7154,-16.25 
N,1257,.048963,22.5,-16.25
N,1258,2.1601,11.3617,-15.924 
N,1259,2.1601,14.1463,-15.924 
N,1260,2.1601,16.9309,-15.924 
N,1261,2.1601,19.7154,-15.924 
N,1262,2.1601,22.5,-15.924
N,1263,1.04896,11.3617,-16.1782 
N,1264,1.04896,14.1463,-16.1782 
N,1265,1.04896,16.9309,-16.1782 
N,1266,1.04896,19.7154,-16.1782 
N,1267,1.04896,22.5,-16.1782
N,1268,3.2438,11.3617,-15.4784
N,1269,3.2438,14.1463,-15.4784
N,1270,3.2438,16.9309,-15.4784
N,1271,3.2438,19.7154,-15.4784
N,1272,3.2438,22.5,-15.4784 
N,1273,4.3334,11.3617,-14.7856
N,1274,4.3334,14.1463,-14.7856
N,1275,4.3334,16.9309,-14.7856
N,1276,4.3334,19.7154,-14.7856
N,1277,4.3334,22.5,-14.7856 
N,1278,5.9554,11.3232,-15.0654
N,1279,5.9554,14.1077,-15.0654
N,1280,5.9554,16.8923,-15.0654
N,1281,5.9554,19.6769,-15.0654
N,1282,5.9554,22.4614,-15.0654
N,1283,6.4569,11.2995,-16.2946
N,1284,6.43017,14.0996,-16.2265 
N,1285,6.4034,16.8998,-16.1583
N,1286,6.37669,19.7,-16.09
N,1287,6.35,22.5,-16.022
N,1288,.048963,11.3232,-17.558
N,1289,.048963,14.1077,-17.558
N,1290,.048963,16.8923,-17.558
N,1291,.048963,19.6769,-17.558
N,1292,.048963,22.4614,-17.558
N,1293,.048963,11.2315,-18.7748 
N,1294,.048963,14.088,-18.705 
N,1295,.048963,16.8813,-18.637
N,1296,.048963,19.5887,-18.571
N,1297,.048963,22.5,-18.5 
N,1298,2.536,11.3232,-17.177
N,1299,2.536,14.1077,-17.177
N,1300,2.536,16.8923,-17.177
N,1301,2.536,19.6769,-17.177
N,1302,2.536,22.4614,-17.177
N,1303,2.89307,11.2995,-18.3385 
N,1304,2.8815,14.0996,-18.2706
N,1305,2.8699,16.8997,-18.2026
N,1306,2.85835,19.7,-18.1347
N,1307,2.84678,22.5,-18.0667
N,1308,1.27296,11.3232,-17.4672 
N,1309,1.27296,14.1077,-17.4672 
N,1310,1.27296,16.8923,-17.4672 
N,1311,1.27296,19.6769,-17.4672 
N,1312,1.27296,22.4614,-17.4672 
N,1313,1.49538,11.2995,-18.6627 
N,1314,1.49748,14.0996,-18.5932 
N,1315,1.4996,16.8998,-18.5238
N,1316,1.5017,19.7,-18.4543 
N,1317,1.5038,22.5,-18.3849 
N,1318,3.73546,11.3232,-16.6946 
N,1319,3.73546,14.1077,-16.6946 
N,1320,3.73546,16.8923,-16.6946 
N,1321,3.73546,19.6769,-16.6946 
N,1322,3.73546,22.4614,-16.6946 
N,1323,4.1897,11.2995,-17.8258
N,1324,4.163,14.0996,-17.763
N,1325,4.1362,16.8998,-17.7 
N,1326,4.1094,19.7,-17.637
N,1327,4.08266,22.5,-17.574 
N,1328,4.8854,11.3232,-16.
N,1329,4.8854,14.1077,-16.
N,1330,4.8854,16.8923,-16.
N,1331,4.8854,19.6769,-16.
N,1332,4.8854,22.4614,-16.
N,1333,5.408,11.3,-17.1457
N,1334,5.3786,14.1,-17.0772 
N,1335,5.34918,16.9,-17.0087
N,1336,5.31976,19.7,-16.9402
N,1337,5.2903,22.5,-16.8717 
N,1338,7.7593,11.3525,-12.3186
N,1339,7.7593,14.137,-12.3186 
N,1340,7.7593,16.9217,-12.3186
N,1341,7.7593,19.7062,-12.3186
N,1342,7.7593,22.4908,-12.3186
N,1343,8.7588,11.3465,-13.0978
N,1344,8.7034,14.1349,-13.055 
N,1345,8.648,16.9233,-13.012
N,1346,8.5925,19.7116,-12.9693
N,1347,8.537,22.5,-12.9264
N,1348,7.018,11.3404,-13.7412 
N,1349,7.018,14.125,-13.7412
N,1350,7.018,16.9095,-13.7412 
N,1351,7.018,19.694,-13.7412
N,1352,7.018,22.4787,-13.7412 
N,1353,7.774,11.327,-14.8177
N,1354,7.7305,14.1203,-14.7615
N,1355,7.6869,16.9133,-14.7054
N,1356,7.6433,19.7062,-14.6492
N,1357,7.5997,22.5,-14.593
N,1358,8.2141,11.3596,-10.7716
N,1359,8.2141,14.144,-10.7716 
N,1360,8.2141,16.9287,-10.7716
N,1361,8.2141,19.7133,-10.7716
N,1362,8.2141,22.4979,-10.7716
N,1363,9.3822,11.3578,-11.1356
N,1364,9.3156,14.1433,-11.122 
N,1365,9.249,16.9289,-11.1083 
N,1366,9.1825,19.7144,-11.0947
N,1367,9.116,22.5,-11.081 
N,1368,8.356,11.3617,-9.25
N,1369,8.356,14.1463,-9.25
N,1370,8.356,16.9309,-9.25
N,1371,8.356,19.7154,-9.25
N,1372,8.356,22.5,-9.25 
N,1373,9.571,11.3471,-9.25
N,1374,9.5026,14.1504,-9.25 
N,1375,9.4357,16.8943,-9.25 
N,1376,9.3668,19.7167,-9.25 
N,1377,9.299,22.5,-9.25 
N,1378,2.49896,-.94365,-9.25
N,1379,2.2932,-.97703,-10.2324
N,1381,.048963,-1.65237,-13.75
N,1382,.048963,-1.,-13.75 
N,1383,.431646,-.92388,-13.75 
N,1384,.75607,-.7071,-13.75 
N,1385,.97284,-.38268,-13.75
N,1389,1.66327,-.76753,-13.75 
N,1390,1.55489,-1.50593,-13.75
N,1391,.81649,-1.6143,-13.75
N,1394,.048963,-1.6524,-12.725
N,1395,.048963,-1.65243,-11.6999
N,1396,.048963,-1.00003,-12.725 
N,1397,.048963,-1.00006,-11.6999
N,1398,.431646,-.9239,-12.725 
N,1399,.427704,-.92555,-11.6705 
N,1400,.75607,-.70714,-12.725 
N,1401,.74085,-.7218,-11.6002 
N,1402,.97284,-.38271,-12.725 
N,1403,.96135,-.40932,-11.5238
N,1410,1.53014,-.76756,-12.5229 
N,1411,1.39701,-.76758,-11.2958 
N,1412,1.44342,-1.50595,-12.5436
N,1413,1.33196,-1.50598,-11.3372
N,1414,.79896,-1.61434,-12.669
N,1415,.781428,-1.61437,-11.588 
N,1416,23.7593,2.,-9.25 
N,1417,23.5547,2.,-7.6964 
N,1418,22.9553,2.,-6.2497 
N,1419,22.002,2.,-5.00735 
N,1420,20.7594,2.,-4.05388
N,1421,19.3148,2.,-3.45514
N,1422,17.7593,2.,-3.25 
N,1423,22.3843,2.,-9.25 
N,1424,22.2266,2.,-8.0524 
N,1425,21.7646,2.,-6.9373 
N,1426,21.0297,2.,-5.9796 
N,1427,20.0719,2.,-5.24466
N,1428,18.9584,2.,-4.7831 
N,1429,17.7593,2.,-4.625
N,1430,21.0093,2.,-9.25 
N,1431,20.8985,2.,-8.4085 
N,1432,20.5738,2.,-7.6249 
N,1433,20.0574,2.,-6.9519 
N,1434,19.3844,2.,-6.4354 
N,1435,18.6019,2.,-6.1111 
N,1436,17.7593,2.,-6. 
N,1438,24.8843,2.,-9.25 
N,1439,26.0093,2.,-9.25 
N,1441,24.61,2.,-7.2941 
N,1442,25.665,2.,-6.8919
N,1444,23.8083,2.,-5.49006
N,1445,24.661,2.,-4.7304
N,1447,22.5418,2.,-3.9768 
N,1448,23.0815,2.,-2.9463 
N,1450,20.9085,2.,-2.87096
N,1451,21.0577,2.,-1.68803
N,1453,19.3617,2.,-2.2119 
N,1454,19.4085,2.,-.9687
N,1456,17.7593,2.,-1.82637
N,1457,17.7593,2.,-.249369
N,1459,16.2069,2.,-3.4543 
N,1460,14.7592,2.,-4.0539 
N,1461,13.513,2.,-5.01106 
N,1462,12.563,2.,-6.2503
N,1463,11.9634,2.,-7.6985 
N,1464,11.7593,2.,-9.25 
N,1466,16.5626,2.,-4.7825 
N,1467,15.4467,2.,-5.24469
N,1468,14.486,2.,-5.98248 
N,1469,13.7538,2.,-6.9378 
N,1470,13.2916,2.,-8.054
N,1471,13.1343,2.,-9.25 
N,1473,16.9184,2.,-6.11067
N,1474,16.1343,2.,-6.4355 
N,1475,15.4592,2.,-6.9539 
N,1476,14.9446,2.,-7.62518
N,1477,14.62,2.,-8.4096 
N,1478,14.5093,2.,-9.25 
N,1479,23.7593,9.50E-08,-9.25 
N,1480,23.5547,9.50E-08,-7.6964 
N,1481,22.9553,9.50E-08,-6.2497 
N,1482,22.002,9.50E-08,-5.00735 
N,1483,20.7594,9.50E-08,-4.05388
N,1484,19.3148,9.50E-08,-3.45514
N,1485,17.7593,9.50E-08,-3.25 
N,1486,22.3843,9.50E-08,-9.25 
N,1487,22.2266,9.50E-08,-8.0524 
N,1488,21.7646,9.50E-08,-6.9373 
N,1489,21.0297,9.50E-08,-5.9796 
N,1490,20.0719,9.50E-08,-5.24466
N,1491,18.9584,9.50E-08,-4.7831 
N,1492,17.7593,9.50E-08,-4.625
N,1493,21.0093,9.50E-08,-9.25 
N,1494,20.8985,9.50E-08,-8.4085 
N,1495,20.5738,9.50E-08,-7.6249 
N,1496,20.0574,9.50E-08,-6.9519 
N,1497,19.3844,9.50E-08,-6.4354 
N,1498,18.6019,9.50E-08,-6.1111 
N,1499,17.7593,9.50E-08,-6. 
N,1500,24.8843,9.50E-08,-9.25 
N,1501,26.0093,9.50E-08,-9.25 
N,1502,24.61,9.50E-08,-7.2941 
N,1503,25.665,9.50E-08,-6.8919
N,1504,23.8083,9.50E-08,-5.49006
N,1505,24.661,9.50E-08,-4.7304
N,1506,22.5418,9.50E-08,-3.9768 
N,1507,23.0815,9.50E-08,-2.9463 
N,1508,20.9085,9.50E-08,-2.87096
N,1509,21.0577,9.50E-08,-1.68803
N,1510,19.3617,9.50E-08,-2.2119 
N,1511,19.4085,9.50E-08,-.9687
N,1512,17.7593,9.50E-08,-1.82637
N,1513,17.7593,9.50E-08,-.249369
N,1514,16.2069,9.50E-08,-3.4543 
N,1515,14.7592,9.50E-08,-4.0539 
N,1516,13.513,9.50E-08,-5.01106 
N,1517,12.563,9.50E-08,-6.2503
N,1518,11.9634,9.50E-08,-7.6985 
N,1519,11.7593,9.50E-08,-9.25 
N,1520,16.5626,9.50E-08,-4.7825 
N,1521,15.4467,9.50E-08,-5.24469
N,1522,14.486,9.50E-08,-5.98248 
N,1523,13.7538,9.50E-08,-6.9378 
N,1524,13.2916,9.50E-08,-8.054
N,1525,13.1343,9.50E-08,-9.25 
N,1526,16.9184,9.50E-08,-6.11067
N,1527,16.1343,9.50E-08,-6.4355 
N,1528,15.4592,9.50E-08,-6.9539 
N,1529,14.9446,9.50E-08,-7.62518
N,1530,14.62,9.50E-08,-8.4096 
N,1531,14.5093,9.50E-08,-9.25 
N,1532,23.7593,-1.5,-9.25 
N,1533,23.7593,-3.,-9.25
N,1534,23.7593,-4.5,-9.25 
N,1535,23.7593,-6.,-9.25
N,1536,23.7593,-7.5,-9.25 
N,1537,23.5547,-1.5,-7.6964 
N,1538,23.5547,-3.,-7.6964
N,1539,23.5547,-4.5,-7.6964 
N,1540,23.5547,-6.,-7.6964
N,1541,23.5547,-7.5,-7.6964 
N,1542,22.9553,-1.5,-6.2497 
N,1543,22.9553,-3.,-6.2497
N,1544,22.9553,-4.5,-6.2497 
N,1545,22.9553,-6.,-6.2497
N,1546,22.9553,-7.5,-6.2497 
N,1547,22.002,-1.5,-5.00735 
N,1548,22.002,-3.,-5.00735
N,1549,22.002,-4.5,-5.00735 
N,1550,22.002,-6.,-5.00735
N,1551,22.002,-7.5,-5.00735 
N,1552,20.7594,-1.5,-4.05388
N,1553,20.7594,-3.,-4.05388 
N,1554,20.7594,-4.5,-4.05388
N,1555,20.7594,-6.,-4.05388 
N,1556,20.7594,-7.5,-4.05388
N,1557,19.3148,-1.5,-3.45514
N,1558,19.3148,-3.,-3.45514 
N,1559,19.3148,-4.5,-3.45514
N,1560,19.3148,-6.,-3.45514 
N,1561,19.3148,-7.5,-3.45514
N,1562,17.7593,-1.5,-3.25 
N,1563,17.7593,-3.,-3.25
N,1564,17.7593,-4.5,-3.25 
N,1565,17.7593,-6.,-3.25
N,1566,17.7593,-7.5,-3.25 
N,1567,22.3843,-1.5,-9.25 
N,1568,22.3843,-3.,-9.25
N,1569,22.3843,-4.5,-9.25 
N,1570,22.3843,-6.,-9.25
N,1571,22.3843,-7.5,-9.25 
N,1572,22.2266,-1.5,-8.0524 
N,1573,22.2266,-3.,-8.0524
N,1574,22.2266,-4.5,-8.0524 
N,1575,22.2266,-6.,-8.0524
N,1576,22.2266,-7.5,-8.0524 
N,1577,21.7646,-1.5,-6.9373 
N,1578,21.7646,-3.,-6.9373
N,1579,21.7646,-4.5,-6.9373 
N,1580,21.7646,-6.,-6.9373
N,1581,21.7646,-7.5,-6.9373 
N,1582,21.0297,-1.5,-5.9796 
N,1583,21.0297,-3.,-5.9796
N,1584,21.0297,-4.5,-5.9796 
N,1585,21.0297,-6.,-5.9796
N,1586,21.0297,-7.5,-5.9796 
N,1587,20.0719,-1.5,-5.24466
N,1588,20.0719,-3.,-5.24466 
N,1589,20.0719,-4.5,-5.24466
N,1590,20.0719,-6.,-5.24466 
N,1591,20.0719,-7.5,-5.24466
N,1592,18.9584,-1.5,-4.7831 
N,1593,18.9584,-3.,-4.7831
N,1594,18.9584,-4.5,-4.7831 
N,1595,18.9584,-6.,-4.7831
N,1596,18.9584,-7.5,-4.7831 
N,1597,17.7593,-1.5,-4.625
N,1598,17.7593,-3.,-4.625 
N,1599,17.7593,-4.5,-4.625
N,1600,17.7593,-6.,-4.625 
N,1601,17.7593,-7.5,-4.625
N,1602,21.0093,-1.5,-9.25 
N,1603,21.0093,-3.,-9.25
N,1604,21.0093,-4.5,-9.25 
N,1605,21.0093,-6.,-9.25
N,1606,21.0093,-7.5,-9.25 
N,1607,20.8985,-1.5,-8.4085 
N,1608,20.8985,-3.,-8.4085
N,1609,20.8985,-4.5,-8.4085 
N,1610,20.8985,-6.,-8.4085
N,1611,20.8985,-7.5,-8.4085 
N,1612,20.5738,-1.5,-7.6249 
N,1613,20.5738,-3.,-7.6249
N,1614,20.5738,-4.5,-7.6249 
N,1615,20.5738,-6.,-7.6249
N,1616,20.5738,-7.5,-7.6249 
N,1617,20.0574,-1.5,-6.9519 
N,1618,20.0574,-3.,-6.9519
N,1619,20.0574,-4.5,-6.9519 
N,1620,20.0574,-6.,-6.9519
N,1621,20.0574,-7.5,-6.9519 
N,1622,19.3844,-1.5,-6.4354 
N,1623,19.3844,-3.,-6.4354
N,1624,19.3844,-4.5,-6.4354 
N,1625,19.3844,-6.,-6.4354
N,1626,19.3844,-7.5,-6.4354 
N,1627,18.6019,-1.5,-6.1111 
N,1628,18.6019,-3.,-6.1111
N,1629,18.6019,-4.5,-6.1111 
N,1630,18.6019,-6.,-6.1111
N,1631,18.6019,-7.5,-6.1111 
N,1632,17.7593,-1.5,-6. 
N,1633,17.7593,-3.,-6.
N,1634,17.7593,-4.5,-6. 
N,1635,17.7593,-6.,-6.
N,1636,17.7593,-7.5,-6. 
N,1637,24.8843,-1.5,-9.25 
N,1638,24.8843,-3.,-9.25
N,1639,24.8843,-4.5,-9.25 
N,1640,24.8843,-6.,-9.25
N,1641,24.8843,-7.5,-9.25 
N,1642,26.0093,-1.5,-9.25 
N,1643,26.0093,-3.,-9.25
N,1644,26.0093,-4.5,-9.25 
N,1645,26.0093,-6.,-9.25
N,1646,26.0093,-7.5,-9.25 
N,1647,24.61,-1.5,-7.2941 
N,1648,24.61,-3.,-7.2941
N,1649,24.61,-4.5,-7.2941 
N,1650,24.61,-6.,-7.2941
N,1651,24.61,-7.5,-7.2941 
N,1652,25.665,-1.5,-6.8919
N,1653,25.665,-3.,-6.8919 
N,1654,25.665,-4.5,-6.8919
N,1655,25.665,-6.,-6.8919 
N,1656,25.665,-7.5,-6.8919
N,1657,23.8083,-1.5,-5.49006
N,1658,23.8083,-3.,-5.49006 
N,1659,23.8083,-4.5,-5.49006
N,1660,23.8083,-6.,-5.49006 
N,1661,23.8083,-7.5,-5.49006
N,1662,24.661,-1.5,-4.7304
N,1663,24.661,-3.,-4.7304 
N,1664,24.661,-4.5,-4.7304
N,1665,24.661,-6.,-4.7304 
N,1666,24.661,-7.5,-4.7304
N,1667,22.5418,-1.5,-3.9768 
N,1668,22.5418,-3.,-3.9768
N,1669,22.5418,-4.5,-3.9768 
N,1670,22.5418,-6.,-3.9768
N,1671,22.5418,-7.5,-3.9768 
N,1672,23.0815,-1.5,-2.9463 
N,1673,23.0815,-3.,-2.9463
N,1674,23.0815,-4.5,-2.9463 
N,1675,23.0815,-6.,-2.9463
N,1676,23.0815,-7.5,-2.9463 
N,1677,20.9085,-1.5,-2.87096
N,1678,20.9085,-3.,-2.87096 
N,1679,20.9085,-4.5,-2.87096
N,1680,20.9085,-6.,-2.87096 
N,1681,20.9085,-7.5,-2.87096
N,1682,21.0577,-1.5,-1.68803
N,1683,21.0577,-3.,-1.68803 
N,1684,21.0577,-4.5,-1.68803
N,1685,21.0577,-6.,-1.68803 
N,1686,21.0577,-7.5,-1.68803
N,1687,19.3617,-1.5,-2.2119 
N,1688,19.3617,-3.,-2.2119
N,1689,19.3617,-4.5,-2.2119 
N,1690,19.3617,-6.,-2.2119
N,1691,19.3617,-7.5,-2.2119 
N,1692,19.4085,-1.5,-.9687
N,1693,19.4085,-3.,-.9687 
N,1694,19.4085,-4.5,-.9687
N,1695,19.4085,-6.,-.9687 
N,1696,19.4085,-7.5,-.9687
N,1697,17.7593,-1.5,-1.82637
N,1698,17.7593,-3.,-1.82637 
N,1699,17.7593,-4.5,-1.82637
N,1700,17.7593,-6.,-1.82637 
N,1701,17.7593,-7.5,-1.82637
N,1702,17.7593,-1.5,-.249369
N,1703,17.7593,-3.,-.249369 
N,1704,17.7593,-4.5,-.249369
N,1705,17.7593,-6.,-.249369 
N,1706,17.7593,-7.5,-.249369
N,1707,16.2069,-1.5,-3.4543 
N,1708,16.2069,-3.,-3.4543
N,1709,16.2069,-4.5,-3.4543 
N,1710,16.2069,-6.,-3.4543
N,1711,16.2069,-7.5,-3.4543 
N,1712,14.7592,-1.5,-4.0539 
N,1713,14.7592,-3.,-4.0539
N,1714,14.7592,-4.5,-4.0539 
N,1715,14.7592,-6.,-4.0539
N,1716,14.7592,-7.5,-4.0539 
N,1717,13.513,-1.5,-5.01106 
N,1718,13.513,-3.,-5.01106
N,1719,13.513,-4.5,-5.01106 
N,1720,13.513,-6.,-5.01106
N,1721,13.513,-7.5,-5.01106 
N,1722,12.563,-1.5,-6.2503
N,1723,12.563,-3.,-6.2503 
N,1724,12.563,-4.5,-6.2503
N,1725,12.563,-6.,-6.2503 
N,1726,12.563,-7.5,-6.2503
N,1727,11.9634,-1.5,-7.6985 
N,1728,11.9634,-3.,-7.6985
N,1729,11.9634,-4.5,-7.6985 
N,1730,11.9634,-6.,-7.6985
N,1731,11.9634,-7.5,-7.6985 
N,1732,11.7593,-1.5,-9.25 
N,1733,11.7593,-3.,-9.25
N,1734,11.7593,-4.5,-9.25 
N,1735,11.7593,-6.,-9.25
N,1736,11.7593,-7.5,-9.25 
N,1737,16.5626,-1.5,-4.7825 
N,1738,16.5626,-3.,-4.7825
N,1739,16.5626,-4.5,-4.7825 
N,1740,16.5626,-6.,-4.7825
N,1741,16.5626,-7.5,-4.7825 
N,1742,15.4467,-1.5,-5.24469
N,1743,15.4467,-3.,-5.24469 
N,1744,15.4467,-4.5,-5.24469
N,1745,15.4467,-6.,-5.24469 
N,1746,15.4467,-7.5,-5.24469
N,1747,14.486,-1.5,-5.98248 
N,1748,14.486,-3.,-5.98248
N,1749,14.486,-4.5,-5.98248 
N,1750,14.486,-6.,-5.98248
N,1751,14.486,-7.5,-5.98248 
N,1752,13.7538,-1.5,-6.9378 
N,1753,13.7538,-3.,-6.9378
N,1754,13.7538,-4.5,-6.9378 
N,1755,13.7538,-6.,-6.9378
N,1756,13.7538,-7.5,-6.9378 
N,1757,13.2916,-1.5,-8.054
N,1758,13.2916,-3.,-8.054 
N,1759,13.2916,-4.5,-8.054
N,1760,13.2916,-6.,-8.054 
N,1761,13.2916,-7.5,-8.054
N,1762,13.1343,-1.5,-9.25 
N,1763,13.1343,-3.,-9.25
N,1764,13.1343,-4.5,-9.25 
N,1765,13.1343,-6.,-9.25
N,1766,13.1343,-7.5,-9.25 
N,1767,16.9184,-1.5,-6.11067
N,1768,16.9184,-3.,-6.11067 
N,1769,16.9184,-4.5,-6.11067
N,1770,16.9184,-6.,-6.11067 
N,1771,16.9184,-7.5,-6.11067
N,1772,16.1343,-1.5,-6.4355 
N,1773,16.1343,-3.,-6.4355
N,1774,16.1343,-4.5,-6.4355 
N,1775,16.1343,-6.,-6.4355
N,1776,16.1343,-7.5,-6.4355 
N,1777,15.4592,-1.5,-6.9539 
N,1778,15.4592,-3.,-6.9539
N,1779,15.4592,-4.5,-6.9539 
N,1780,15.4592,-6.,-6.9539
N,1781,15.4592,-7.5,-6.9539 
N,1782,14.9446,-1.5,-7.62518
N,1783,14.9446,-3.,-7.62518 
N,1784,14.9446,-4.5,-7.62518
N,1785,14.9446,-6.,-7.62518 
N,1786,14.9446,-7.5,-7.62518
N,1787,14.62,-1.5,-8.4096 
N,1788,14.62,-3.,-8.4096
N,1789,14.62,-4.5,-8.4096 
N,1790,14.62,-6.,-8.4096
N,1791,14.62,-7.5,-8.4096 
N,1792,14.5093,-1.5,-9.25 
N,1793,14.5093,-3.,-9.25
N,1794,14.5093,-4.5,-9.25 
N,1795,14.5093,-6.,-9.25
N,1796,14.5093,-7.5,-9.25 
N,1800,11.9634,2.,-10.8016
N,1801,12.563,2.,-12.2497 
N,1805,17.7593,2.,-18.3878
N,1806,17.7593,2.,-15.25
N,1807,10.7791,2.,-9.25 
N,1808,10.7846,2.,-10.9912
N,1809,10.7617,2.,-12.7276
N,1813,15.9418,2.,-19.2534
N,1814,13.9919,2.,-20.182 
N,1815,11.7868,2.,-21.232 
N,1816,9.2624,2.,-22.4344 
N,1817,17.7593,2.,-16.6736
N,1818,13.513,2.,-13.489
N,1819,14.7592,2.,-14.446 
N,1820,16.2069,2.,-15.0457
N,1821,14.6963,2.,-16.257 
N,1822,15.699,2.,-17.5533 
N,1823,16.6766,2.,-16.3743
N,1824,16.7117,2.,-17.4385
N,1825,13.0909,2.,-19.2646
N,1826,12.0812,2.,-18.5232
N,1827,10.6532,2.,-17.664 
N,1828,9.0659,2.,-16.288
N,1829,8.476,2.,-18.5554
N,1830,8.014,2.,-17.1347
N,1831,8.7366,2.,-20.5014 
N,1832,10.708,2.,-19.6982 
N,1833,11.6557,2.,-19.395 
N,1834,12.1778,2.,-19.964 
N,1835,12.9252,2.,-17.769 
N,1836,13.4607,2.,-16.88
N,1837,13.1946,2.,-15.8693
N,1838,13.1584,2.,-15.1265
N,1839,11.5415,2.,-15.6366
N,1840,9.7686,2.,-15.2248 
N,1841,12.5608,2.,-16.4174
N,1842,12.0464,2.,-17.2835
N,1845,14.4921,2.,-17.27
N,1848,14.1125,2.,-18.3892
N,1849,23.5547,2.,-10.8036
N,1850,22.9553,2.,-12.2503
N,1851,22.002,2.,-13.4926 
N,1852,20.7594,2.,-14.446 
N,1853,19.3148,2.,-15.0449
N,1855,22.2266,2.,-10.4476
N,1856,21.7646,2.,-11.5627
N,1857,21.0297,2.,-12.5204
N,1858,20.0719,2.,-13.2553
N,1859,18.9584,2.,-13.7169
N,1860,17.7593,2.,-13.875 
N,1861,20.8985,2.,-10.0915
N,1862,20.5738,2.,-10.8751
N,1863,20.0574,2.,-11.548 
N,1864,19.3844,2.,-12.0646
N,1865,18.6019,2.,-12.3889
N,1866,17.7593,2.,-12.5 
N,1867,24.61,2.,-11.2059
N,1868,25.665,2.,-11.6081 
N,1869,23.8083,2.,-13.01
N,1870,24.661,2.,-13.7696 
N,1871,22.5418,2.,-14.5232
N,1872,23.0815,2.,-15.5537
N,1873,20.9085,2.,-15.629 
N,1874,21.0577,2.,-16.812 
N,1875,19.3617,2.,-16.288 
N,1876,19.45,2.,-17.5827
N,1884,16.5626,2.,-13.7175
N,1885,15.4467,2.,-13.2553
N,1886,14.486,2.,-12.5175 
N,1887,13.7538,2.,-11.5622
N,1888,13.2916,2.,-10.446 
N,1889,16.9184,2.,-12.3893
N,1890,16.1343,2.,-12.0645
N,1891,15.4592,2.,-11.546 
N,1892,14.9446,2.,-10.8748
N,1893,14.62,2.,-10.0904
N,1894,23.5547,9.50E-08,-10.8036
N,1895,22.9553,9.50E-08,-12.2503
N,1896,22.002,9.50E-08,-13.4926 
N,1897,20.7594,9.50E-08,-14.446 
N,1898,19.3148,9.50E-08,-15.0449
N,1899,17.7593,9.50E-08,-15.25
N,1900,22.2266,9.50E-08,-10.4476
N,1901,21.7646,9.50E-08,-11.5627
N,1902,21.0297,9.50E-08,-12.5204
N,1903,20.0719,9.50E-08,-13.2553
N,1904,18.9584,9.50E-08,-13.7169
N,1905,17.7593,9.50E-08,-13.875 
N,1906,20.8985,9.50E-08,-10.0915
N,1907,20.5738,9.50E-08,-10.8751
N,1908,20.0574,9.50E-08,-11.548 
N,1909,19.3844,9.50E-08,-12.0646
N,1910,18.6019,9.50E-08,-12.3889
N,1911,17.7593,9.50E-08,-12.5 
N,1912,24.61,9.50E-08,-11.2059
N,1913,25.665,9.50E-08,-11.6081 
N,1914,23.8083,9.50E-08,-13.01
N,1915,24.661,9.50E-08,-13.7696 
N,1916,22.5418,9.50E-08,-14.5232
N,1917,23.0815,9.50E-08,-15.5537
N,1918,20.9085,9.50E-08,-15.629 
N,1919,21.0577,9.50E-08,-16.812 
N,1920,19.3617,9.50E-08,-16.288 
N,1921,19.45,9.50E-08,-17.5827
N,1922,17.7593,9.50E-08,-16.6736
N,1923,17.7593,9.50E-08,-18.3878
N,1924,16.2069,9.50E-08,-15.0457
N,1925,14.7592,9.50E-08,-14.446 
N,1926,13.513,9.50E-08,-13.489
N,1927,12.563,9.50E-08,-12.2497 
N,1928,11.9634,9.50E-08,-10.8016
N,1929,16.5626,9.50E-08,-13.7175
N,1930,15.4467,9.50E-08,-13.2553
N,1931,14.486,9.50E-08,-12.5175 
N,1932,13.7538,9.50E-08,-11.5622
N,1933,13.2916,9.50E-08,-10.446 
N,1934,16.9184,9.50E-08,-12.3893
N,1935,16.1343,9.50E-08,-12.0645
N,1936,15.4592,9.50E-08,-11.546 
N,1937,14.9446,9.50E-08,-10.8748
N,1938,14.62,9.50E-08,-10.0904
N,1939,23.5547,-1.5,-10.8036
N,1940,23.5547,-3.,-10.8036 
N,1941,23.5547,-4.5,-10.8036
N,1942,23.5547,-6.,-10.8036 
N,1943,23.5547,-7.5,-10.8036
N,1944,22.9553,-1.5,-12.2503
N,1945,22.9553,-3.,-12.2503 
N,1946,22.9553,-4.5,-12.2503
N,1947,22.9553,-6.,-12.2503 
N,1948,22.9553,-7.5,-12.2503
N,1949,22.002,-1.5,-13.4926 
N,1950,22.002,-3.,-13.4926
N,1951,22.002,-4.5,-13.4926 
N,1952,22.002,-6.,-13.4926
N,1953,22.002,-7.5,-13.4926 
N,1954,20.7594,-1.5,-14.446 
N,1955,20.7594,-3.,-14.446
N,1956,20.7594,-4.5,-14.446 
N,1957,20.7594,-6.,-14.446
N,1958,20.7594,-7.5,-14.446 
N,1959,19.3148,-1.5,-15.0449
N,1960,19.3148,-3.,-15.0449 
N,1961,19.3148,-4.5,-15.0449
N,1962,19.3148,-6.,-15.0449 
N,1963,19.3148,-7.5,-15.0449
N,1964,17.7593,-1.5,-15.25
N,1965,17.7593,-3.,-15.25 
N,1966,17.7593,-4.5,-15.25
N,1967,17.7593,-6.,-15.25 
N,1968,17.7593,-7.5,-15.25
N,1969,22.2266,-1.5,-10.4476
N,1970,22.2266,-3.,-10.4476 
N,1971,22.2266,-4.5,-10.4476
N,1972,22.2266,-6.,-10.4476 
N,1973,22.2266,-7.5,-10.4476
N,1974,21.7646,-1.5,-11.5627
N,1975,21.7646,-3.,-11.5627 
N,1976,21.7646,-4.5,-11.5627
N,1977,21.7646,-6.,-11.5627 
N,1978,21.7646,-7.5,-11.5627
N,1979,21.0297,-1.5,-12.5204
N,1980,21.0297,-3.,-12.5204 
N,1981,21.0297,-4.5,-12.5204
N,1982,21.0297,-6.,-12.5204 
N,1983,21.0297,-7.5,-12.5204
N,1984,20.0719,-1.5,-13.2553
N,1985,20.0719,-3.,-13.2553 
N,1986,20.0719,-4.5,-13.2553
N,1987,20.0719,-6.,-13.2553 
N,1988,20.0719,-7.5,-13.2553
N,1989,18.9584,-1.5,-13.7169
N,1990,18.9584,-3.,-13.7169 
N,1991,18.9584,-4.5,-13.7169
N,1992,18.9584,-6.,-13.7169 
N,1993,18.9584,-7.5,-13.7169
N,1994,17.7593,-1.5,-13.875 
N,1995,17.7593,-3.,-13.875
N,1996,17.7593,-4.5,-13.875 
N,1997,17.7593,-6.,-13.875
N,1998,17.7593,-7.5,-13.875 
N,1999,20.8985,-1.5,-10.0915
N,2000,20.8985,-3.,-10.0915 
N,2001,20.8985,-4.5,-10.0915
N,2002,20.8985,-6.,-10.0915 
N,2003,20.8985,-7.5,-10.0915
N,2004,20.5738,-1.5,-10.8751
N,2005,20.5738,-3.,-10.8751 
N,2006,20.5738,-4.5,-10.8751
N,2007,20.5738,-6.,-10.8751 
N,2008,20.5738,-7.5,-10.8751
N,2009,20.0574,-1.5,-11.548 
N,2010,20.0574,-3.,-11.548
N,2011,20.0574,-4.5,-11.548 
N,2012,20.0574,-6.,-11.548
N,2013,20.0574,-7.5,-11.548 
N,2014,19.3844,-1.5,-12.0646
N,2015,19.3844,-3.,-12.0646 
N,2016,19.3844,-4.5,-12.0646
N,2017,19.3844,-6.,-12.0646 
N,2018,19.3844,-7.5,-12.0646
N,2019,18.6019,-1.5,-12.3889
N,2020,18.6019,-3.,-12.3889 
N,2021,18.6019,-4.5,-12.3889
N,2022,18.6019,-6.,-12.3889 
N,2023,18.6019,-7.5,-12.3889
N,2024,17.7593,-1.5,-12.5 
N,2025,17.7593,-3.,-12.5
N,2026,17.7593,-4.5,-12.5 
N,2027,17.7593,-6.,-12.5
N,2028,17.7593,-7.5,-12.5 
N,2029,24.61,-1.5,-11.2059
N,2030,24.61,-3.,-11.2059 
N,2031,24.61,-4.5,-11.2059
N,2032,24.61,-6.,-11.2059 
N,2033,24.61,-7.5,-11.2059
N,2034,25.665,-1.5,-11.6081 
N,2035,25.665,-3.,-11.6081
N,2036,25.665,-4.5,-11.6081 
N,2037,25.665,-6.,-11.6081
N,2038,25.665,-7.5,-11.6081 
N,2039,23.8083,-1.5,-13.01
N,2040,23.8083,-3.,-13.01 
N,2041,23.8083,-4.5,-13.01
N,2042,23.8083,-6.,-13.01 
N,2043,23.8083,-7.5,-13.01
N,2044,24.661,-1.5,-13.7696 
N,2045,24.661,-3.,-13.7696
N,2046,24.661,-4.5,-13.7696 
N,2047,24.661,-6.,-13.7696
N,2048,24.661,-7.5,-13.7696 
N,2049,22.5418,-1.5,-14.5232
N,2050,22.5418,-3.,-14.5232 
N,2051,22.5418,-4.5,-14.5232
N,2052,22.5418,-6.,-14.5232 
N,2053,22.5418,-7.5,-14.5232
N,2054,23.0815,-1.5,-15.5537
N,2055,23.0815,-3.,-15.5537 
N,2056,23.0815,-4.5,-15.5537
N,2057,23.0815,-6.,-15.5537 
N,2058,23.0815,-7.5,-15.5537
N,2059,20.9085,-1.5,-15.629 
N,2060,20.9085,-3.,-15.629
N,2061,20.9085,-4.5,-15.629 
N,2062,20.9085,-6.,-15.629
N,2063,20.9085,-7.5,-15.629 
N,2064,21.0577,-1.5,-16.812 
N,2065,21.0577,-3.,-16.812
N,2066,21.0577,-4.5,-16.812 
N,2067,21.0577,-6.,-16.812
N,2068,21.0577,-7.5,-16.812 
N,2069,19.3617,-1.5,-16.288 
N,2070,19.3617,-3.,-16.288
N,2071,19.3617,-4.5,-16.288 
N,2072,19.3617,-6.,-16.288
N,2073,19.3617,-7.5,-16.288 
N,2074,19.45,-1.5,-17.5827
N,2075,19.45,-3.,-17.5827 
N,2076,19.45,-4.5,-17.5827
N,2077,19.45,-6.,-17.5827 
N,2078,19.45,-7.5,-17.5827
N,2079,17.7593,-1.5,-16.6736
N,2080,17.7593,-3.,-16.6736 
N,2081,17.7593,-4.5,-16.6736
N,2082,17.7593,-6.,-16.6736 
N,2083,17.7593,-7.5,-16.6736
N,2084,17.7593,-1.5,-18.3878
N,2085,17.7593,-3.,-18.3878 
N,2086,17.7593,-4.5,-18.3878
N,2087,17.7593,-6.,-18.3878 
N,2088,17.7593,-7.5,-18.3878
N,2089,16.2069,-1.5,-15.0457
N,2090,16.2069,-3.,-15.0457 
N,2091,16.2069,-4.5,-15.0457
N,2092,16.2069,-6.,-15.0457 
N,2093,16.2069,-7.5,-15.0457
N,2094,14.7592,-1.5,-14.446 
N,2095,14.7592,-3.,-14.446
N,2096,14.7592,-4.5,-14.446 
N,2097,14.7592,-6.,-14.446
N,2098,14.7592,-7.5,-14.446 
N,2099,13.513,-1.5,-13.489
N,2100,13.513,-3.,-13.489 
N,2101,13.513,-4.5,-13.489
N,2102,13.513,-6.,-13.489 
N,2103,13.513,-7.5,-13.489
N,2104,12.563,-1.5,-12.2497 
N,2105,12.563,-3.,-12.2497
N,2106,12.563,-4.5,-12.2497 
N,2107,12.563,-6.,-12.2497
N,2108,12.563,-7.5,-12.2497 
N,2109,11.9634,-1.5,-10.8016
N,2110,11.9634,-3.,-10.8016 
N,2111,11.9634,-4.5,-10.8016
N,2112,11.9634,-6.,-10.8016 
N,2113,11.9634,-7.5,-10.8016
N,2114,16.5626,-1.5,-13.7175
N,2115,16.5626,-3.,-13.7175 
N,2116,16.5626,-4.5,-13.7175
N,2117,16.5626,-6.,-13.7175 
N,2118,16.5626,-7.5,-13.7175
N,2119,15.4467,-1.5,-13.2553
N,2120,15.4467,-3.,-13.2553 
N,2121,15.4467,-4.5,-13.2553
N,2122,15.4467,-6.,-13.2553 
N,2123,15.4467,-7.5,-13.2553
N,2124,14.486,-1.5,-12.5175 
N,2125,14.486,-3.,-12.5175
N,2126,14.486,-4.5,-12.5175 
N,2127,14.486,-6.,-12.5175
N,2128,14.486,-7.5,-12.5175 
N,2129,13.7538,-1.5,-11.5622
N,2130,13.7538,-3.,-11.5622 
N,2131,13.7538,-4.5,-11.5622
N,2132,13.7538,-6.,-11.5622 
N,2133,13.7538,-7.5,-11.5622
N,2134,13.2916,-1.5,-10.446 
N,2135,13.2916,-3.,-10.446
N,2136,13.2916,-4.5,-10.446 
N,2137,13.2916,-6.,-10.446
N,2138,13.2916,-7.5,-10.446 
N,2139,16.9184,-1.5,-12.3893
N,2140,16.9184,-3.,-12.3893 
N,2141,16.9184,-4.5,-12.3893
N,2142,16.9184,-6.,-12.3893 
N,2143,16.9184,-7.5,-12.3893
N,2144,16.1343,-1.5,-12.0645
N,2145,16.1343,-3.,-12.0645 
N,2146,16.1343,-4.5,-12.0645
N,2147,16.1343,-6.,-12.0645 
N,2148,16.1343,-7.5,-12.0645
N,2149,15.4592,-1.5,-11.546 
N,2150,15.4592,-3.,-11.546
N,2151,15.4592,-4.5,-11.546 
N,2152,15.4592,-6.,-11.546
N,2153,15.4592,-7.5,-11.546 
N,2154,14.9446,-1.5,-10.8748
N,2155,14.9446,-3.,-10.8748 
N,2156,14.9446,-4.5,-10.8748
N,2157,14.9446,-6.,-10.8748 
N,2158,14.9446,-7.5,-10.8748
N,2159,14.62,-1.5,-10.0904
N,2160,14.62,-3.,-10.0904 
N,2161,14.62,-4.5,-10.0904
N,2162,14.62,-6.,-10.0904 
N,2163,14.62,-7.5,-10.0904
N,2164,11.1516,2.,-14.182 
N,2176,10.7791,9.50E-08,-9.25 
N,2177,10.7846,9.50E-08,-10.9912
N,2178,10.7617,9.50E-08,-12.7276
N,2182,15.9418,9.50E-08,-19.2534
N,2183,13.9919,9.50E-08,-20.182 
N,2184,11.7868,9.50E-08,-21.232 
N,2185,9.2624,9.50E-08,-22.4344 
N,2190,14.6963,9.50E-08,-16.257 
N,2191,15.699,9.50E-08,-17.5533 
N,2192,16.6766,9.50E-08,-16.3743
N,2193,16.7117,9.50E-08,-17.4385
N,2194,13.0909,9.50E-08,-19.2646
N,2195,12.0812,9.50E-08,-18.5232
N,2196,10.6532,9.50E-08,-17.664 
N,2197,9.0659,9.50E-08,-16.288
N,2198,8.476,9.50E-08,-18.5554
N,2199,8.014,9.50E-08,-17.1347
N,2200,8.7366,9.50E-08,-20.5014 
N,2201,10.708,9.50E-08,-19.6982 
N,2202,11.6557,9.50E-08,-19.395 
N,2203,12.1778,9.50E-08,-19.964 
N,2204,12.9252,9.50E-08,-17.769 
N,2205,13.4607,9.50E-08,-16.88
N,2206,13.1946,9.50E-08,-15.8693
N,2207,13.1584,9.50E-08,-15.1265
N,2208,11.5415,9.50E-08,-15.6366
N,2209,9.7686,9.50E-08,-15.2248 
N,2210,12.5608,9.50E-08,-16.4174
N,2211,12.0464,9.50E-08,-17.2835
N,2214,14.4921,9.50E-08,-17.27
N,2217,14.1125,9.50E-08,-18.3892
N,2218,11.1516,9.50E-08,-14.182 
N,2274,10.7791,-1.5,-9.25 
N,2275,10.7791,-3.,-9.25
N,2276,10.7791,-4.5,-9.25 
N,2277,10.7791,-6.,-9.25
N,2278,10.7791,-7.5,-9.25 
N,2279,10.7846,-1.5,-10.9912
N,2280,10.7846,-3.,-10.9912 
N,2281,10.7846,-4.5,-10.9912
N,2282,10.7846,-6.,-10.9912 
N,2283,10.7846,-7.5,-10.9912
N,2284,10.7617,-1.5,-12.7276
N,2285,10.7617,-3.,-12.7276 
N,2286,10.7617,-4.5,-12.7276
N,2287,10.7617,-6.,-12.7276 
N,2288,10.7617,-7.5,-12.7276
N,2304,15.9418,-1.5,-19.2534
N,2305,15.9418,-3.,-19.2534 
N,2306,15.9418,-4.5,-19.2534
N,2307,15.9418,-6.,-19.2534 
N,2308,15.9418,-7.5,-19.2534
N,2309,13.9919,-1.5,-20.182 
N,2310,13.9919,-3.,-20.182
N,2311,13.9919,-4.5,-20.182 
N,2312,13.9919,-6.,-20.182
N,2313,13.9919,-7.5,-20.182 
N,2314,11.7868,-1.5,-21.232 
N,2315,11.7868,-3.,-21.232
N,2316,11.7868,-4.5,-21.232 
N,2317,11.7868,-6.,-21.232
N,2318,11.7868,-7.5,-21.232 
N,2319,9.2624,-1.5,-22.4344 
N,2320,9.2624,-3.,-22.4344
N,2321,9.2624,-4.5,-22.4344 
N,2322,9.2624,-6.,-22.4344
N,2323,9.2624,-7.5,-22.4344 
N,2344,14.6963,-1.5,-16.257 
N,2345,14.6963,-3.,-16.257
N,2346,14.6963,-4.5,-16.257 
N,2347,14.6963,-6.,-16.257
N,2348,14.6963,-7.5,-16.257 
N,2349,15.699,-1.5,-17.5533 
N,2350,15.699,-3.,-17.5533
N,2351,15.699,-4.5,-17.5533 
N,2352,15.699,-6.,-17.5533
N,2353,15.699,-7.5,-17.5533 
N,2354,16.6766,-1.5,-16.3743
N,2355,16.6766,-3.,-16.3743 
N,2356,16.6766,-4.5,-16.3743
N,2357,16.6766,-6.,-16.3743 
N,2358,16.6766,-7.5,-16.3743
N