/*---------------------------------------------------------------------------*\
| =========                 |                                                 |
| \\      /  F ield         | OpenFOAM: The Open Source CFD Toolbox           |
|  \\    /   O peration     | Version:  1.3                                   |
|   \\  /    A nd           | Web:      http://www.openfoam.org               |
|    \\/     M anipulation  |                                                 |
\*---------------------------------------------------------------------------*/

FoamFile
{
    version 2.0;
    format ascii;

    root "/home/dm2/henry/OpenFOAM/OpenFOAM-1.2/tutorials/interFoam";
    case "damBreak/processor1";
    instance ""constant"";
    local "polyMesh";

    class cellList;
    object cells;
}

// * * * * * * * * * * * * * * * * * * * * * * * * * * * * * * * * * * * * * //


559
(
6(1086 0 1126 1134 2244 1087)
6(0 1 1127 1135 2245 1088)
6(1 2 1128 1136 2246 1089)
6(2 3 1129 1137 2247 1090)
6(3 4 1130 1138 2248 1091)
6(4 5 1131 1139 2249 1092)
6(5 6 1132 1140 2250 1093)
6(6 7 1133 1141 2251 1094)
6(1107 9 1142 1294 1099 8)
6(1108 11 1150 1302 8 10)
6(1109 13 1158 1310 10 12)
6(1110 15 1166 1318 12 14)
6(1111 17 1174 1326 14 16)
6(1112 19 1182 1334 16 18)
6(1113 21 1190 1342 18 20)
6(1114 23 1198 1350 20 22)
6(1115 25 1206 1358 22 24)
6(1116 27 1214 1366 24 26)
6(1117 29 1222 1374 26 28)
6(1118 31 1230 1382 28 30)
6(1119 33 1238 1390 30 32)
6(1120 35 1246 1398 32 34)
6(1121 37 1254 1406 34 36)
6(1122 39 1262 1414 36 38)
6(1123 41 1270 1422 38 40)
6(1124 43 1278 1430 40 42)
6(1125 44 1286 1438 42 1061)
6(9 46 1143 1295 1100 45)
6(11 48 1151 1303 45 47)
6(13 50 1159 1311 47 49)
6(15 52 1167 1319 49 51)
6(17 54 1175 1327 51 53)
6(19 56 1183 1335 53 55)
6(21 58 1191 1343 55 57)
6(23 60 1199 1351 57 59)
6(25 62 1207 1359 59 61)
6(27 64 1215 1367 61 63)
6(29 66 1223 1375 63 65)
6(31 68 1231 1383 65 67)
6(33 70 1239 1391 67 69)
6(35 72 1247 1399 69 71)
6(37 74 1255 1407 71 73)
6(39 76 1263 1415 73 75)
6(41 78 1271 1423 75 77)
6(43 80 1279 1431 77 79)
6(44 81 1287 1439 79 1062)
6(46 83 1144 1296 1101 82)
6(48 85 1152 1304 82 84)
6(50 87 1160 1312 84 86)
6(52 89 1168 1320 86 88)
6(54 91 1176 1328 88 90)
6(56 93 1184 1336 90 92)
6(58 95 1192 1344 92 94)
6(60 97 1200 1352 94 96)
6(62 99 1208 1360 96 98)
6(64 101 1216 1368 98 100)
6(66 103 1224 1376 100 102)
6(68 105 1232 1384 102 104)
6(70 107 1240 1392 104 106)
6(72 109 1248 1400 106 108)
6(74 111 1256 1408 108 110)
6(76 113 1264 1416 110 112)
6(78 115 1272 1424 112 114)
6(80 117 1280 1432 114 116)
6(81 118 1288 1440 116 1063)
6(83 120 1145 1297 1102 119)
6(85 122 1153 1305 119 121)
6(87 124 1161 1313 121 123)
6(89 126 1169 1321 123 125)
6(91 128 1177 1329 125 127)
6(93 130 1185 1337 127 129)
6(95 132 1193 1345 129 131)
6(97 134 1201 1353 131 133)
6(99 136 1209 1361 133 135)
6(101 138 1217 1369 135 137)
6(103 140 1225 1377 137 139)
6(105 142 1233 1385 139 141)
6(107 144 1241 1393 141 143)
6(109 146 1249 1401 143 145)
6(111 148 1257 1409 145 147)
6(113 150 1265 1417 147 149)
6(115 152 1273 1425 149 151)
6(117 154 1281 1433 151 153)
6(118 155 1289 1441 153 1064)
6(120 157 1146 1298 1103 156)
6(122 159 1154 1306 156 158)
6(124 161 1162 1314 158 160)
6(126 163 1170 1322 160 162)
6(128 165 1178 1330 162 164)
6(130 167 1186 1338 164 166)
6(132 169 1194 1346 166 168)
6(134 171 1202 1354 168 170)
6(136 173 1210 1362 170 172)
6(138 175 1218 1370 172 174)
6(140 177 1226 1378 174 176)
6(142 179 1234 1386 176 178)
6(144 181 1242 1394 178 180)
6(146 183 1250 1402 180 182)
6(148 185 1258 1410 182 184)
6(150 187 1266 1418 184 186)
6(152 189 1274 1426 186 188)
6(154 191 1282 1434 188 190)
6(155 192 1290 1442 190 1065)
6(157 194 1147 1299 1104 193)
6(159 196 1155 1307 193 195)
6(161 198 1163 1315 195 197)
6(163 200 1171 1323 197 199)
6(165 202 1179 1331 199 201)
6(167 204 1187 1339 201 203)
6(169 206 1195 1347 203 205)
6(171 208 1203 1355 205 207)
6(173 210 1211 1363 207 209)
6(175 212 1219 1371 209 211)
6(177 214 1227 1379 211 213)
6(179 216 1235 1387 213 215)
6(181 218 1243 1395 215 217)
6(183 220 1251 1403 217 219)
6(185 222 1259 1411 219 221)
6(187 224 1267 1419 221 223)
6(189 226 1275 1427 223 225)
6(191 228 1283 1435 225 227)
6(192 229 1291 1443 227 1066)
6(194 231 1148 1300 1105 230)
6(196 233 1156 1308 230 232)
6(198 235 1164 1316 232 234)
6(200 237 1172 1324 234 236)
6(202 239 1180 1332 236 238)
6(204 241 1188 1340 238 240)
6(206 243 1196 1348 240 242)
6(208 245 1204 1356 242 244)
6(210 247 1212 1364 244 246)
6(212 249 1220 1372 246 248)
6(214 251 1228 1380 248 250)
6(216 253 1236 1388 250 252)
6(218 255 1244 1396 252 254)
6(220 257 1252 1404 254 256)
6(222 259 1260 1412 256 258)
6(224 261 1268 1420 258 260)
6(226 263 1276 1428 260 262)
6(228 265 1284 1436 262 264)
6(229 266 1292 1444 264 1067)
6(231 268 1149 1301 1106 267)
6(233 270 1157 1309 267 269)
6(235 272 1165 1317 269 271)
6(237 274 1173 1325 271 273)
6(239 276 1181 1333 273 275)
6(241 278 1189 1341 275 277)
6(243 280 1197 1349 277 279)
6(245 282 1205 1357 279 281)
6(247 284 1213 1365 281 283)
6(249 286 1221 1373 283 285)
6(251 288 1229 1381 285 287)
6(253 290 1237 1389 287 289)
6(255 292 1245 1397 289 291)
6(257 294 1253 1405 291 293)
6(259 296 1261 1413 293 295)
6(261 298 1269 1421 295 297)
6(263 300 1277 1429 297 299)
6(265 302 1285 1437 299 301)
6(266 303 1293 1445 301 1068)
6(7 304 1446 1454 2252 305)
6(304 306 1447 1455 2253 307)
6(306 308 1448 1456 2254 309)
6(308 310 1449 1457 2255 311)
6(310 312 1450 1458 2256 313)
6(312 314 1451 1459 2257 315)
6(314 316 1452 1460 2258 317)
6(316 2260 1453 1461 2259 318)
6(1095 320 1462 1530 305 319)
6(1096 322 1479 1547 319 321)
6(1097 324 1496 1564 321 323)
6(1098 325 1513 1581 323 326)
6(320 328 1463 1531 307 327)
6(322 330 1480 1548 327 329)
6(324 332 1497 1565 329 331)
6(325 333 1514 1582 331 334)
6(328 336 1464 1532 309 335)
6(330 338 1481 1549 335 337)
6(332 340 1498 1566 337 339)
6(333 341 1515 1583 339 342)
6(336 344 1465 1533 311 343)
6(338 346 1482 1550 343 345)
6(340 348 1499 1567 345 347)
6(341 349 1516 1584 347 350)
6(344 352 1466 1534 313 351)
6(346 354 1483 1551 351 353)
6(348 356 1500 1568 353 355)
6(349 357 1517 1585 355 358)
6(352 360 1467 1535 315 359)
6(354 362 1484 1552 359 361)
6(356 364 1501 1569 361 363)
6(357 365 1518 1586 363 366)
6(360 368 1468 1536 317 367)
6(362 370 1485 1553 367 369)
6(364 372 1502 1570 369 371)
6(365 373 1519 1587 371 374)
6(368 376 1469 1537 318 375)
6(370 378 1486 1554 375 377)
6(372 380 1503 1571 377 379)
6(373 381 1520 1588 379 382)
6(376 384 1470 1538 2261 383)
6(378 386 1487 1555 383 385)
6(380 388 1504 1572 385 387)
6(381 389 1521 1589 387 390)
6(384 392 1471 1539 2262 391)
6(386 394 1488 1556 391 393)
6(388 396 1505 1573 393 395)
6(389 397 1522 1590 395 398)
6(392 400 1472 1540 2263 399)
6(394 402 1489 1557 399 401)
6(396 404 1506 1574 401 403)
6(397 405 1523 1591 403 406)
6(400 408 1473 1541 2264 407)
6(402 410 1490 1558 407 409)
6(404 412 1507 1575 409 411)
6(405 413 1524 1592 411 414)
6(408 416 1474 1542 2265 415)
6(410 418 1491 1559 415 417)
6(412 420 1508 1576 417 419)
6(413 421 1525 1593 419 422)
6(416 424 1475 1543 2266 423)
6(418 426 1492 1560 423 425)
6(420 428 1509 1577 425 427)
6(421 429 1526 1594 427 430)
6(424 432 1476 1544 2267 431)
6(426 434 1493 1561 431 433)
6(428 436 1510 1578 433 435)
6(429 437 1527 1595 435 438)
6(432 440 1477 1545 2268 439)
6(434 442 1494 1562 439 441)
6(436 444 1511 1579 441 443)
6(437 445 1528 1596 443 446)
6(440 2270 1478 1546 2269 447)
6(442 2271 1495 1563 447 448)
6(444 2272 1512 1580 448 449)
6(445 2273 1529 1597 449 450)
6(268 452 1598 1921 326 451)
6(270 454 1615 1938 451 453)
6(272 456 1632 1955 453 455)
6(274 458 1649 1972 455 457)
6(276 460 1666 1989 457 459)
6(278 462 1683 2006 459 461)
6(280 464 1700 2023 461 463)
6(282 466 1717 2040 463 465)
6(284 468 1734 2057 465 467)
6(286 470 1751 2074 467 469)
6(288 472 1768 2091 469 471)
6(290 474 1785 2108 471 473)
6(292 476 1802 2125 473 475)
6(294 478 1819 2142 475 477)
6(296 480 1836 2159 477 479)
6(298 482 1853 2176 479 481)
6(300 484 1870 2193 481 483)
6(302 486 1887 2210 483 485)
6(303 487 1904 2227 485 1069)
6(452 489 1599 1922 334 488)
6(454 491 1616 1939 488 490)
6(456 493 1633 1956 490 492)
6(458 495 1650 1973 492 494)
6(460 497 1667 1990 494 496)
6(462 499 1684 2007 496 498)
6(464 501 1701 2024 498 500)
6(466 503 1718 2041 500 502)
6(468 505 1735 2058 502 504)
6(470 507 1752 2075 504 506)
6(472 509 1769 2092 506 508)
6(474 511 1786 2109 508 510)
6(476 513 1803 2126 510 512)
6(478 515 1820 2143 512 514)
6(480 517 1837 2160 514 516)
6(482 519 1854 2177 516 518)
6(484 521 1871 2194 518 520)
6(486 523 1888 2211 520 522)
6(487 524 1905 2228 522 1070)
6(489 526 1600 1923 342 525)
6(491 528 1617 1940 525 527)
6(493 530 1634 1957 527 529)
6(495 532 1651 1974 529 531)
6(497 534 1668 1991 531 533)
6(499 536 1685 2008 533 535)
6(501 538 1702 2025 535 537)
6(503 540 1719 2042 537 539)
6(505 542 1736 2059 539 541)
6(507 544 1753 2076 541 543)
6(509 546 1770 2093 543 545)
6(511 548 1787 2110 545 547)
6(513 550 1804 2127 547 549)
6(515 552 1821 2144 549 551)
6(517 554 1838 2161 551 553)
6(519 556 1855 2178 553 555)
6(521 558 1872 2195 555 557)
6(523 560 1889 2212 557 559)
6(524 561 1906 2229 559 1071)
6(526 563 1601 1924 350 562)
6(528 565 1618 1941 562 564)
6(530 567 1635 1958 564 566)
6(532 569 1652 1975 566 568)
6(534 571 1669 1992 568 570)
6(536 573 1686 2009 570 572)
6(538 575 1703 2026 572 574)
6(540 577 1720 2043 574 576)
6(542 579 1737 2060 576 578)
6(544 581 1754 2077 578 580)
6(546 583 1771 2094 580 582)
6(548 585 1788 2111 582 584)
6(550 587 1805 2128 584 586)
6(552 589 1822 2145 586 588)
6(554 591 1839 2162 588 590)
6(556 593 1856 2179 590 592)
6(558 595 1873 2196 592 594)
6(560 597 1890 2213 594 596)
6(561 598 1907 2230 596 1072)
6(563 600 1602 1925 358 599)
6(565 602 1619 1942 599 601)
6(567 604 1636 1959 601 603)
6(569 606 1653 1976 603 605)
6(571 608 1670 1993 605 607)
6(573 610 1687 2010 607 609)
6(575 612 1704 2027 609 611)
6(577 614 1721 2044 611 613)
6(579 616 1738 2061 613 615)
6(581 618 1755 2078 615 617)
6(583 620 1772 2095 617 619)
6(585 622 1789 2112 619 621)
6(587 624 1806 2129 621 623)
6(589 626 1823 2146 623 625)
6(591 628 1840 2163 625 627)
6(593 630 1857 2180 627 629)
6(595 632 1874 2197 629 631)
6(597 634 1891 2214 631 633)
6(598 635 1908 2231 633 1073)
6(600 637 1603 1926 366 636)
6(602 639 1620 1943 636 638)
6(604 641 1637 1960 638 640)
6(606 643 1654 1977 640 642)
6(608 645 1671 1994 642 644)
6(610 647 1688 2011 644 646)
6(612 649 1705 2028 646 648)
6(614 651 1722 2045 648 650)
6(616 653 1739 2062 650 652)
6(618 655 1756 2079 652 654)
6(620 657 1773 2096 654 656)
6(622 659 1790 2113 656 658)
6(624 661 1807 2130 658 660)
6(626 663 1824 2147 660 662)
6(628 665 1841 2164 662 664)
6(630 667 1858 2181 664 666)
6(632 669 1875 2198 666 668)
6(634 671 1892 2215 668 670)
6(635 672 1909 2232 670 1074)
6(637 674 1604 1927 374 673)
6(639 676 1621 1944 673 675)
6(641 678 1638 1961 675 677)
6(643 680 1655 1978 677 679)
6(645 682 1672 1995 679 681)
6(647 684 1689 2012 681 683)
6(649 686 1706 2029 683 685)
6(651 688 1723 2046 685 687)
6(653 690 1740 2063 687 689)
6(655 692 1757 2080 689 691)
6(657 694 1774 2097 691 693)
6(659 696 1791 2114 693 695)
6(661 698 1808 2131 695 697)
6(663 700 1825 2148 697 699)
6(665 702 1842 2165 699 701)
6(667 704 1859 2182 701 703)
6(669 706 1876 2199 703 705)
6(671 708 1893 2216 705 707)
6(672 709 1910 2233 707 1075)
6(674 711 1605 1928 382 710)
6(676 713 1622 1945 710 712)
6(678 715 1639 1962 712 714)
6(680 717 1656 1979 714 716)
6(682 719 1673 1996 716 718)
6(684 721 1690 2013 718 720)
6(686 723 1707 2030 720 722)
6(688 725 1724 2047 722 724)
6(690 727 1741 2064 724 726)
6(692 729 1758 2081 726 728)
6(694 731 1775 2098 728 730)
6(696 733 1792 2115 730 732)
6(698 735 1809 2132 732 734)
6(700 737 1826 2149 734 736)
6(702 739 1843 2166 736 738)
6(704 741 1860 2183 738 740)
6(706 743 1877 2200 740 742)
6(708 745 1894 2217 742 744)
6(709 746 1911 2234 744 1076)
6(711 748 1606 1929 390 747)
6(713 750 1623 1946 747 749)
6(715 752 1640 1963 749 751)
6(717 754 1657 1980 751 753)
6(719 756 1674 1997 753 755)
6(721 758 1691 2014 755 757)
6(723 760 1708 2031 757 759)
6(725 762 1725 2048 759 761)
6(727 764 1742 2065 761 763)
6(729 766 1759 2082 763 765)
6(731 768 1776 2099 765 767)
6(733 770 1793 2116 767 769)
6(735 772 1810 2133 769 771)
6(737 774 1827 2150 771 773)
6(739 776 1844 2167 773 775)
6(741 778 1861 2184 775 777)
6(743 780 1878 2201 777 779)
6(745 782 1895 2218 779 781)
6(746 783 1912 2235 781 1077)
6(748 785 1607 1930 398 784)
6(750 787 1624 1947 784 786)
6(752 789 1641 1964 786 788)
6(754 791 1658 1981 788 790)
6(756 793 1675 1998 790 792)
6(758 795 1692 2015 792 794)
6(760 797 1709 2032 794 796)
6(762 799 1726 2049 796 798)
6(764 801 1743 2066 798 800)
6(766 803 1760 2083 800 802)
6(768 805 1777 2100 802 804)
6(770 807 1794 2117 804 806)
6(772 809 1811 2134 806 808)
6(774 811 1828 2151 808 810)
6(776 813 1845 2168 810 812)
6(778 815 1862 2185 812 814)
6(780 817 1879 2202 814 816)
6(782 819 1896 2219 816 818)
6(783 820 1913 2236 818 1078)
6(785 822 1608 1931 406 821)
6(787 824 1625 1948 821 823)
6(789 826 1642 1965 823 825)
6(791 828 1659 1982 825 827)
6(793 830 1676 1999 827 829)
6(795 832 1693 2016 829 831)
6(797 834 1710 2033 831 833)
6(799 836 1727 2050 833 835)
6(801 838 1744 2067 835 837)
6(803 840 1761 2084 837 839)
6(805 842 1778 2101 839 841)
6(807 844 1795 2118 841 843)
6(809 846 1812 2135 843 845)
6(811 848 1829 2152 845 847)
6(813 850 1846 2169 847 849)
6(815 852 1863 2186 849 851)
6(817 854 1880 2203 851 853)
6(819 856 1897 2220 853 855)
6(820 857 1914 2237 855 1079)
6(822 859 1609 1932 414 858)
6(824 861 1626 1949 858 860)
6(826 863 1643 1966 860 862)
6(828 865 1660 1983 862 864)
6(830 867 1677 2000 864 866)
6(832 869 1694 2017 866 868)
6(834 871 1711 2034 868 870)
6(836 873 1728 2051 870 872)
6(838 875 1745 2068 872 874)
6(840 877 1762 2085 874 876)
6(842 879 1779 2102 876 878)
6(844 881 1796 2119 878 880)
6(846 883 1813 2136 880 882)
6(848 885 1830 2153 882 884)
6(850 887 1847 2170 884 886)
6(852 889 1864 2187 886 888)
6(854 891 1881 2204 888 890)
6(856 893 1898 2221 890 892)
6(857 894 1915 2238 892 1080)
6(859 896 1610 1933 422 895)
6(861 898 1627 1950 895 897)
6(863 900 1644 1967 897 899)
6(865 902 1661 1984 899 901)
6(867 904 1678 2001 901 903)
6(869 906 1695 2018 903 905)
6(871 908 1712 2035 905 907)
6(873 910 1729 2052 907 909)
6(875 912 1746 2069 909 911)
6(877 914 1763 2086 911 913)
6(879 916 1780 2103 913 915)
6(881 918 1797 2120 915 917)
6(883 920 1814 2137 917 919)
6(885 922 1831 2154 919 921)
6(887 924 1848 2171 921 923)
6(889 926 1865 2188 923 925)
6(891 928 1882 2205 925 927)
6(893 930 1899 2222 927 929)
6(894 931 1916 2239 929 1081)
6(896 933 1611 1934 430 932)
6(898 935 1628 1951 932 934)
6(900 937 1645 1968 934 936)
6(902 939 1662 1985 936 938)
6(904 941 1679 2002 938 940)
6(906 943 1696 2019 940 942)
6(908 945 1713 2036 942 944)
6(910 947 1730 2053 944 946)
6(912 949 1747 2070 946 948)
6(914 951 1764 2087 948 950)
6(916 953 1781 2104 950 952)
6(918 955 1798 2121 952 954)
6(920 957 1815 2138 954 956)
6(922 959 1832 2155 956 958)
6(924 961 1849 2172 958 960)
6(926 963 1866 2189 960 962)
6(928 965 1883 2206 962 964)
6(930 967 1900 2223 964 966)
6(931 968 1917 2240 966 1082)
6(933 970 1612 1935 438 969)
6(935 972 1629 1952 969 971)
6(937 974 1646 1969 971 973)
6(939 976 1663 1986 973 975)
6(941 978 1680 2003 975 977)
6(943 980 1697 2020 977 979)
6(945 982 1714 2037 979 981)
6(947 984 1731 2054 981 983)
6(949 986 1748 2071 983 985)
6(951 988 1765 2088 985 987)
6(953 990 1782 2105 987 989)
6(955 992 1799 2122 989 991)
6(957 994 1816 2139 991 993)
6(959 996 1833 2156 993 995)
6(961 998 1850 2173 995 997)
6(963 1000 1867 2190 997 999)
6(965 1002 1884 2207 999 1001)
6(967 1004 1901 2224 1001 1003)
6(968 1005 1918 2241 1003 1083)
6(970 1007 1613 1936 446 1006)
6(972 1009 1630 1953 1006 1008)
6(974 1011 1647 1970 1008 1010)
6(976 1013 1664 1987 1010 1012)
6(978 1015 1681 2004 1012 1014)
6(980 1017 1698 2021 1014 1016)
6(982 1019 1715 2038 1016 1018)
6(984 1021 1732 2055 1018 1020)
6(986 1023 1749 2072 1020 1022)
6(988 1025 1766 2089 1022 1024)
6(990 1027 1783 2106 1024 1026)
6(992 1029 1800 2123 1026 1028)
6(994 1031 1817 2140 1028 1030)
6(996 1033 1834 2157 1030 1032)
6(998 1035 1851 2174 1032 1034)
6(1000 1037 1868 2191 1034 1036)
6(1002 1039 1885 2208 1036 1038)
6(1004 1041 1902 2225 1038 1040)
6(1005 1042 1919 2242 1040 1084)
6(1007 2274 1614 1937 450 1043)
6(1009 2275 1631 1954 1043 1044)
6(1011 2276 1648 1971 1044 1045)
6(1013 2277 1665 1988 1045 1046)
6(1015 2278 1682 2005 1046 1047)
6(1017 2279 1699 2022 1047 1048)
6(1019 2280 1716 2039 1048 1049)
6(1021 2281 1733 2056 1049 1050)
6(1023 2282 1750 2073 1050 1051)
6(1025 2283 1767 2090 1051 1052)
6(1027 2284 1784 2107 1052 1053)
6(1029 2285 1801 2124 1053 1054)
6(1031 2286 1818 2141 1054 1055)
6(1033 2287 1835 2158 1055 1056)
6(1035 2288 1852 2175 1056 1057)
6(1037 2289 1869 2192 1057 1058)
6(1039 2290 1886 2209 1058 1059)
6(1041 2291 1903 2226 1059 1060)
6(1042 2292 1920 2243 1060 1085)
)


// ************************************************************************* //
