/*---------------------------------------------------------------------------*\
| =========                 |                                                 |
| \\      /  F ield         | OpenFOAM: The Open Source CFD Toolbox           |
|  \\    /   O peration     | Version:  1.3                                   |
|   \\  /    A nd           | Web:      http://www.openfoam.org               |
|    \\/     M anipulation  |                                                 |
\*---------------------------------------------------------------------------*/

FoamFile
{
    version 2.0;
    format ascii;

    root "/home/dm2/henry/OpenFOAM/OpenFOAM-1.2/tutorials/interFoam";
    case "damBreak/processor1";
    instance ""constant"";
    local "polyMesh";

    class faceList;
    object faces;
}

// * * * * * * * * * * * * * * * * * * * * * * * * * * * * * * * * * * * * * //


2293
(
4(2 20 21 3)
4(4 22 23 5)
4(6 24 25 7)
4(8 26 27 9)
4(10 28 29 11)
4(12 30 31 13)
4(14 32 33 15)
4(16 34 35 17)
4(37 57 237 217)
4(56 236 237 57)
4(38 58 238 218)
4(57 237 238 58)
4(39 59 239 219)
4(58 238 239 59)
4(40 60 240 220)
4(59 239 240 60)
4(41 61 241 221)
4(60 240 241 61)
4(42 62 242 222)
4(61 241 242 62)
4(43 63 243 223)
4(62 242 243 63)
4(44 64 244 224)
4(63 243 244 64)
4(45 65 245 225)
4(64 244 245 65)
4(46 66 246 226)
4(65 245 246 66)
4(47 67 247 227)
4(66 246 247 67)
4(48 68 248 228)
4(67 247 248 68)
4(49 69 249 229)
4(68 248 249 69)
4(50 70 250 230)
4(69 249 250 70)
4(51 71 251 231)
4(70 250 251 71)
4(52 72 252 232)
4(71 251 252 72)
4(53 73 253 233)
4(72 252 253 73)
4(54 74 254 234)
4(73 253 254 74)
4(74 254 255 75)
4(57 77 257 237)
4(76 256 257 77)
4(58 78 258 238)
4(77 257 258 78)
4(59 79 259 239)
4(78 258 259 79)
4(60 80 260 240)
4(79 259 260 80)
4(61 81 261 241)
4(80 260 261 81)
4(62 82 262 242)
4(81 261 262 82)
4(63 83 263 243)
4(82 262 263 83)
4(64 84 264 244)
4(83 263 264 84)
4(65 85 265 245)
4(84 264 265 85)
4(66 86 266 246)
4(85 265 266 86)
4(67 87 267 247)
4(86 266 267 87)
4(68 88 268 248)
4(87 267 268 88)
4(69 89 269 249)
4(88 268 269 89)
4(70 90 270 250)
4(89 269 270 90)
4(71 91 271 251)
4(90 270 271 91)
4(72 92 272 252)
4(91 271 272 92)
4(73 93 273 253)
4(92 272 273 93)
4(74 94 274 254)
4(93 273 274 94)
4(94 274 275 95)
4(77 97 277 257)
4(96 276 277 97)
4(78 98 278 258)
4(97 277 278 98)
4(79 99 279 259)
4(98 278 279 99)
4(80 100 280 260)
4(99 279 280 100)
4(81 101 281 261)
4(100 280 281 101)
4(82 102 282 262)
4(101 281 282 102)
4(83 103 283 263)
4(102 282 283 103)
4(84 104 284 264)
4(103 283 284 104)
4(85 105 285 265)
4(104 284 285 105)
4(86 106 286 266)
4(105 285 286 106)
4(87 107 287 267)
4(106 286 287 107)
4(88 108 288 268)
4(107 287 288 108)
4(89 109 289 269)
4(108 288 289 109)
4(90 110 290 270)
4(109 289 290 110)
4(91 111 291 271)
4(110 290 291 111)
4(92 112 292 272)
4(111 291 292 112)
4(93 113 293 273)
4(112 292 293 113)
4(94 114 294 274)
4(113 293 294 114)
4(114 294 295 115)
4(97 117 297 277)
4(116 296 297 117)
4(98 118 298 278)
4(117 297 298 118)
4(99 119 299 279)
4(118 298 299 119)
4(100 120 300 280)
4(119 299 300 120)
4(101 121 301 281)
4(120 300 301 121)
4(102 122 302 282)
4(121 301 302 122)
4(103 123 303 283)
4(122 302 303 123)
4(104 124 304 284)
4(123 303 304 124)
4(105 125 305 285)
4(124 304 305 125)
4(106 126 306 286)
4(125 305 306 126)
4(107 127 307 287)
4(126 306 307 127)
4(108 128 308 288)
4(127 307 308 128)
4(109 129 309 289)
4(128 308 309 129)
4(110 130 310 290)
4(129 309 310 130)
4(111 131 311 291)
4(130 310 311 131)
4(112 132 312 292)
4(131 311 312 132)
4(113 133 313 293)
4(132 312 313 133)
4(114 134 314 294)
4(133 313 314 134)
4(134 314 315 135)
4(117 137 317 297)
4(136 316 317 137)
4(118 138 318 298)
4(137 317 318 138)
4(119 139 319 299)
4(138 318 319 139)
4(120 140 320 300)
4(139 319 320 140)
4(121 141 321 301)
4(140 320 321 141)
4(122 142 322 302)
4(141 321 322 142)
4(123 143 323 303)
4(142 322 323 143)
4(124 144 324 304)
4(143 323 324 144)
4(125 145 325 305)
4(144 324 325 145)
4(126 146 326 306)
4(145 325 326 146)
4(127 147 327 307)
4(146 326 327 147)
4(128 148 328 308)
4(147 327 328 148)
4(129 149 329 309)
4(148 328 329 149)
4(130 150 330 310)
4(149 329 330 150)
4(131 151 331 311)
4(150 330 331 151)
4(132 152 332 312)
4(151 331 332 152)
4(133 153 333 313)
4(152 332 333 153)
4(134 154 334 314)
4(153 333 334 154)
4(154 334 335 155)
4(137 157 337 317)
4(156 336 337 157)
4(138 158 338 318)
4(157 337 338 158)
4(139 159 339 319)
4(158 338 339 159)
4(140 160 340 320)
4(159 339 340 160)
4(141 161 341 321)
4(160 340 341 161)
4(142 162 342 322)
4(161 341 342 162)
4(143 163 343 323)
4(162 342 343 163)
4(144 164 344 324)
4(163 343 344 164)
4(145 165 345 325)
4(164 344 345 165)
4(146 166 346 326)
4(165 345 346 166)
4(147 167 347 327)
4(166 346 347 167)
4(148 168 348 328)
4(167 347 348 168)
4(149 169 349 329)
4(168 348 349 169)
4(150 170 350 330)
4(169 349 350 170)
4(151 171 351 331)
4(170 350 351 171)
4(152 172 352 332)
4(171 351 352 172)
4(153 173 353 333)
4(172 352 353 173)
4(154 174 354 334)
4(173 353 354 174)
4(174 354 355 175)
4(157 177 357 337)
4(176 356 357 177)
4(158 178 358 338)
4(177 357 358 178)
4(159 179 359 339)
4(178 358 359 179)
4(160 180 360 340)
4(179 359 360 180)
4(161 181 361 341)
4(180 360 361 181)
4(162 182 362 342)
4(181 361 362 182)
4(163 183 363 343)
4(182 362 363 183)
4(164 184 364 344)
4(183 363 364 184)
4(165 185 365 345)
4(184 364 365 185)
4(166 186 366 346)
4(185 365 366 186)
4(167 187 367 347)
4(186 366 367 187)
4(168 188 368 348)
4(187 367 368 188)
4(169 189 369 349)
4(188 368 369 189)
4(170 190 370 350)
4(189 369 370 190)
4(171 191 371 351)
4(190 370 371 191)
4(172 192 372 352)
4(191 371 372 192)
4(173 193 373 353)
4(192 372 373 193)
4(174 194 374 354)
4(193 373 374 194)
4(194 374 375 195)
4(177 197 377 357)
4(196 376 377 197)
4(178 198 378 358)
4(197 377 378 198)
4(179 199 379 359)
4(198 378 379 199)
4(180 200 380 360)
4(199 379 380 200)
4(181 201 381 361)
4(200 380 381 201)
4(182 202 382 362)
4(201 381 382 202)
4(183 203 383 363)
4(202 382 383 203)
4(184 204 384 364)
4(203 383 384 204)
4(185 205 385 365)
4(204 384 385 205)
4(186 206 386 366)
4(205 385 386 206)
4(187 207 387 367)
4(206 386 387 207)
4(188 208 388 368)
4(207 387 388 208)
4(189 209 389 369)
4(208 388 389 209)
4(190 210 390 370)
4(209 389 390 210)
4(191 211 391 371)
4(210 390 391 211)
4(192 212 392 372)
4(211 391 392 212)
4(193 213 393 373)
4(212 392 393 213)
4(194 214 394 374)
4(213 393 394 214)
4(214 394 395 215)
4(396 421 422 397)
4(17 397 422 35)
4(398 423 424 399)
4(397 399 424 422)
4(400 425 426 401)
4(399 401 426 424)
4(402 427 428 403)
4(401 403 428 426)
4(404 429 430 405)
4(403 405 430 428)
4(406 431 432 407)
4(405 407 432 430)
4(408 433 434 409)
4(407 409 434 432)
4(409 411 436 434)
4(446 449 520 517)
4(397 422 520 449)
4(447 450 521 518)
4(449 520 521 450)
4(448 451 522 519)
4(450 521 522 451)
4(451 522 523 452)
4(196 452 523 376)
4(449 453 524 520)
4(399 424 524 453)
4(450 454 525 521)
4(453 524 525 454)
4(451 455 526 522)
4(454 525 526 455)
4(455 526 527 456)
4(452 456 527 523)
4(453 457 528 524)
4(401 426 528 457)
4(454 458 529 525)
4(457 528 529 458)
4(455 459 530 526)
4(458 529 530 459)
4(459 530 531 460)
4(456 460 531 527)
4(457 461 532 528)
4(403 428 532 461)
4(458 462 533 529)
4(461 532 533 462)
4(459 463 534 530)
4(462 533 534 463)
4(463 534 535 464)
4(460 464 535 531)
4(461 465 536 532)
4(405 430 536 465)
4(462 466 537 533)
4(465 536 537 466)
4(463 467 538 534)
4(466 537 538 467)
4(467 538 539 468)
4(464 468 539 535)
4(465 469 540 536)
4(407 432 540 469)
4(466 470 541 537)
4(469 540 541 470)
4(467 471 542 538)
4(470 541 542 471)
4(471 542 543 472)
4(468 472 543 539)
4(469 473 544 540)
4(409 434 544 473)
4(470 474 545 541)
4(473 544 545 474)
4(471 475 546 542)
4(474 545 546 475)
4(475 546 547 476)
4(472 476 547 543)
4(473 477 548 544)
4(411 436 548 477)
4(474 478 549 545)
4(477 548 549 478)
4(475 479 550 546)
4(478 549 550 479)
4(479 550 551 480)
4(476 480 551 547)
4(477 481 552 548)
4(412 437 552 481)
4(478 482 553 549)
4(481 552 553 482)
4(479 483 554 550)
4(482 553 554 483)
4(483 554 555 484)
4(480 484 555 551)
4(481 485 556 552)
4(413 438 556 485)
4(482 486 557 553)
4(485 556 557 486)
4(483 487 558 554)
4(486 557 558 487)
4(487 558 559 488)
4(484 488 559 555)
4(485 489 560 556)
4(414 439 560 489)
4(486 490 561 557)
4(489 560 561 490)
4(487 491 562 558)
4(490 561 562 491)
4(491 562 563 492)
4(488 492 563 559)
4(489 493 564 560)
4(415 440 564 493)
4(490 494 565 561)
4(493 564 565 494)
4(491 495 566 562)
4(494 565 566 495)
4(495 566 567 496)
4(492 496 567 563)
4(493 497 568 564)
4(416 441 568 497)
4(494 498 569 565)
4(497 568 569 498)
4(495 499 570 566)
4(498 569 570 499)
4(499 570 571 500)
4(496 500 571 567)
4(497 501 572 568)
4(417 442 572 501)
4(498 502 573 569)
4(501 572 573 502)
4(499 503 574 570)
4(502 573 574 503)
4(503 574 575 504)
4(500 504 575 571)
4(501 505 576 572)
4(418 443 576 505)
4(502 506 577 573)
4(505 576 577 506)
4(503 507 578 574)
4(506 577 578 507)
4(507 578 579 508)
4(504 508 579 575)
4(505 509 580 576)
4(419 444 580 509)
4(506 510 581 577)
4(509 580 581 510)
4(507 511 582 578)
4(510 581 582 511)
4(511 582 583 512)
4(508 512 583 579)
4(509 513 584 580)
4(510 514 585 581)
4(511 515 586 582)
4(512 516 587 583)
4(197 588 911 377)
4(452 523 911 588)
4(198 589 912 378)
4(588 911 912 589)
4(199 590 913 379)
4(589 912 913 590)
4(200 591 914 380)
4(590 913 914 591)
4(201 592 915 381)
4(591 914 915 592)
4(202 593 916 382)
4(592 915 916 593)
4(203 594 917 383)
4(593 916 917 594)
4(204 595 918 384)
4(594 917 918 595)
4(205 596 919 385)
4(595 918 919 596)
4(206 597 920 386)
4(596 919 920 597)
4(207 598 921 387)
4(597 920 921 598)
4(208 599 922 388)
4(598 921 922 599)
4(209 600 923 389)
4(599 922 923 600)
4(210 601 924 390)
4(600 923 924 601)
4(211 602 925 391)
4(601 924 925 602)
4(212 603 926 392)
4(602 925 926 603)
4(213 604 927 393)
4(603 926 927 604)
4(214 605 928 394)
4(604 927 928 605)
4(605 928 929 606)
4(588 607 930 911)
4(456 527 930 607)
4(589 608 931 912)
4(607 930 931 608)
4(590 609 932 913)
4(608 931 932 609)
4(591 610 933 914)
4(609 932 933 610)
4(592 611 934 915)
4(610 933 934 611)
4(593 612 935 916)
4(611 934 935 612)
4(594 613 936 917)
4(612 935 936 613)
4(595 614 937 918)
4(613 936 937 614)
4(596 615 938 919)
4(614 937 938 615)
4(597 616 939 920)
4(615 938 939 616)
4(598 617 940 921)
4(616 939 940 617)
4(599 618 941 922)
4(617 940 941 618)
4(600 619 942 923)
4(618 941 942 619)
4(601 620 943 924)
4(619 942 943 620)
4(602 621 944 925)
4(620 943 944 621)
4(603 622 945 926)
4(621 944 945 622)
4(604 623 946 927)
4(622 945 946 623)
4(605 624 947 928)
4(623 946 947 624)
4(624 947 948 625)
4(607 626 949 930)
4(460 531 949 626)
4(608 627 950 931)
4(626 949 950 627)
4(609 628 951 932)
4(627 950 951 628)
4(610 629 952 933)
4(628 951 952 629)
4(611 630 953 934)
4(629 952 953 630)
4(612 631 954 935)
4(630 953 954 631)
4(613 632 955 936)
4(631 954 955 632)
4(614 633 956 937)
4(632 955 956 633)
4(615 634 957 938)
4(633 956 957 634)
4(616 635 958 939)
4(634 957 958 635)
4(617 636 959 940)
4(635 958 959 636)
4(618 637 960 941)
4(636 959 960 637)
4(619 638 961 942)
4(637 960 961 638)
4(620 639 962 943)
4(638 961 962 639)
4(621 640 963 944)
4(639 962 963 640)
4(622 641 964 945)
4(640 963 964 641)
4(623 642 965 946)
4(641 964 965 642)
4(624 643 966 947)
4(642 965 966 643)
4(643 966 967 644)
4(626 645 968 949)
4(464 535 968 645)
4(627 646 969 950)
4(645 968 969 646)
4(628 647 970 951)
4(646 969 970 647)
4(629 648 971 952)
4(647 970 971 648)
4(630 649 972 953)
4(648 971 972 649)
4(631 650 973 954)
4(649 972 973 650)
4(632 651 974 955)
4(650 973 974 651)
4(633 652 975 956)
4(651 974 975 652)
4(634 653 976 957)
4(652 975 976 653)
4(635 654 977 958)
4(653 976 977 654)
4(636 655 978 959)
4(654 977 978 655)
4(637 656 979 960)
4(655 978 979 656)
4(638 657 980 961)
4(656 979 980 657)
4(639 658 981 962)
4(657 980 981 658)
4(640 659 982 963)
4(658 981 982 659)
4(641 660 983 964)
4(659 982 983 660)
4(642 661 984 965)
4(660 983 984 661)
4(643 662 985 966)
4(661 984 985 662)
4(662 985 986 663)
4(645 664 987 968)
4(468 539 987 664)
4(646 665 988 969)
4(664 987 988 665)
4(647 666 989 970)
4(665 988 989 666)
4(648 667 990 971)
4(666 989 990 667)
4(649 668 991 972)
4(667 990 991 668)
4(650 669 992 973)
4(668 991 992 669)
4(651 670 993 974)
4(669 992 993 670)
4(652 671 994 975)
4(670 993 994 671)
4(653 672 995 976)
4(671 994 995 672)
4(654 673 996 977)
4(672 995 996 673)
4(655 674 997 978)
4(673 996 997 674)
4(656 675 998 979)
4(674 997 998 675)
4(657 676 999 980)
4(675 998 999 676)
4(658 677 1000 981)
4(676 999 1000 677)
4(659 678 1001 982)
4(677 1000 1001 678)
4(660 679 1002 983)
4(678 1001 1002 679)
4(661 680 1003 984)
4(679 1002 1003 680)
4(662 681 1004 985)
4(680 1003 1004 681)
4(681 1004 1005 682)
4(664 683 1006 987)
4(472 543 1006 683)
4(665 684 1007 988)
4(683 1006 1007 684)
4(666 685 1008 989)
4(684 1007 1008 685)
4(667 686 1009 990)
4(685 1008 1009 686)
4(668 687 1010 991)
4(686 1009 1010 687)
4(669 688 1011 992)
4(687 1010 1011 688)
4(670 689 1012 993)
4(688 1011 1012 689)
4(671 690 1013 994)
4(689 1012 1013 690)
4(672 691 1014 995)
4(690 1013 1014 691)
4(673 692 1015 996)
4(691 1014 1015 692)
4(674 693 1016 997)
4(692 1015 1016 693)
4(675 694 1017 998)
4(693 1016 1017 694)
4(676 695 1018 999)
4(694 1017 1018 695)
4(677 696 1019 1000)
4(695 1018 1019 696)
4(678 697 1020 1001)
4(696 1019 1020 697)
4(679 698 1021 1002)
4(697 1020 1021 698)
4(680 699 1022 1003)
4(698 1021 1022 699)
4(681 700 1023 1004)
4(699 1022 1023 700)
4(700 1023 1024 701)
4(683 702 1025 1006)
4(476 547 1025 702)
4(684 703 1026 1007)
4(702 1025 1026 703)
4(685 704 1027 1008)
4(703 1026 1027 704)
4(686 705 1028 1009)
4(704 1027 1028 705)
4(687 706 1029 1010)
4(705 1028 1029 706)
4(688 707 1030 1011)
4(706 1029 1030 707)
4(689 708 1031 1012)
4(707 1030 1031 708)
4(690 709 1032 1013)
4(708 1031 1032 709)
4(691 710 1033 1014)
4(709 1032 1033 710)
4(692 711 1034 1015)
4(710 1033 1034 711)
4(693 712 1035 1016)
4(711 1034 1035 712)
4(694 713 1036 1017)
4(712 1035 1036 713)
4(695 714 1037 1018)
4(713 1036 1037 714)
4(696 715 1038 1019)
4(714 1037 1038 715)
4(697 716 1039 1020)
4(715 1038 1039 716)
4(698 717 1040 1021)
4(716 1039 1040 717)
4(699 718 1041 1022)
4(717 1040 1041 718)
4(700 719 1042 1023)
4(718 1041 1042 719)
4(719 1042 1043 720)
4(702 721 1044 1025)
4(480 551 1044 721)
4(703 722 1045 1026)
4(721 1044 1045 722)
4(704 723 1046 1027)
4(722 1045 1046 723)
4(705 724 1047 1028)
4(723 1046 1047 724)
4(706 725 1048 1029)
4(724 1047 1048 725)
4(707 726 1049 1030)
4(725 1048 1049 726)
4(708 727 1050 1031)
4(726 1049 1050 727)
4(709 728 1051 1032)
4(727 1050 1051 728)
4(710 729 1052 1033)
4(728 1051 1052 729)
4(711 730 1053 1034)
4(729 1052 1053 730)
4(712 731 1054 1035)
4(730 1053 1054 731)
4(713 732 1055 1036)
4(731 1054 1055 732)
4(714 733 1056 1037)
4(732 1055 1056 733)
4(715 734 1057 1038)
4(733 1056 1057 734)
4(716 735 1058 1039)
4(734 1057 1058 735)
4(717 736 1059 1040)
4(735 1058 1059 736)
4(718 737 1060 1041)
4(736 1059 1060 737)
4(719 738 1061 1042)
4(737 1060 1061 738)
4(738 1061 1062 739)
4(721 740 1063 1044)
4(484 555 1063 740)
4(722 741 1064 1045)
4(740 1063 1064 741)
4(723 742 1065 1046)
4(741 1064 1065 742)
4(724 743 1066 1047)
4(742 1065 1066 743)
4(725 744 1067 1048)
4(743 1066 1067 744)
4(726 745 1068 1049)
4(744 1067 1068 745)
4(727 746 1069 1050)
4(745 1068 1069 746)
4(728 747 1070 1051)
4(746 1069 1070 747)
4(729 748 1071 1052)
4(747 1070 1071 748)
4(730 749 1072 1053)
4(748 1071 1072 749)
4(731 750 1073 1054)
4(749 1072 1073 750)
4(732 751 1074 1055)
4(750 1073 1074 751)
4(733 752 1075 1056)
4(751 1074 1075 752)
4(734 753 1076 1057)
4(752 1075 1076 753)
4(735 754 1077 1058)
4(753 1076 1077 754)
4(736 755 1078 1059)
4(754 1077 1078 755)
4(737 756 1079 1060)
4(755 1078 1079 756)
4(738 757 1080 1061)
4(756 1079 1080 757)
4(757 1080 1081 758)
4(740 759 1082 1063)
4(488 559 1082 759)
4(741 760 1083 1064)
4(759 1082 1083 760)
4(742 761 1084 1065)
4(760 1083 1084 761)
4(743 762 1085 1066)
4(761 1084 1085 762)
4(744 763 1086 1067)
4(762 1085 1086 763)
4(745 764 1087 1068)
4(763 1086 1087 764)
4(746 765 1088 1069)
4(764 1087 1088 765)
4(747 766 1089 1070)
4(765 1088 1089 766)
4(748 767 1090 1071)
4(766 1089 1090 767)
4(749 768 1091 1072)
4(767 1090 1091 768)
4(750 769 1092 1073)
4(768 1091 1092 769)
4(751 770 1093 1074)
4(769 1092 1093 770)
4(752 771 1094 1075)
4(770 1093 1094 771)
4(753 772 1095 1076)
4(771 1094 1095 772)
4(754 773 1096 1077)
4(772 1095 1096 773)
4(755 774 1097 1078)
4(773 1096 1097 774)
4(756 775 1098 1079)
4(774 1097 1098 775)
4(757 776 1099 1080)
4(775 1098 1099 776)
4(776 1099 1100 777)
4(759 778 1101 1082)
4(492 563 1101 778)
4(760 779 1102 1083)
4(778 1101 1102 779)
4(761 780 1103 1084)
4(779 1102 1103 780)
4(762 781 1104 1085)
4(780 1103 1104 781)
4(763 782 1105 1086)
4(781 1104 1105 782)
4(764 783 1106 1087)
4(782 1105 1106 783)
4(765 784 1107 1088)
4(783 1106 1107 784)
4(766 785 1108 1089)
4(784 1107 1108 785)
4(767 786 1109 1090)
4(785 1108 1109 786)
4(768 787 1110 1091)
4(786 1109 1110 787)
4(769 788 1111 1092)
4(787 1110 1111 788)
4(770 789 1112 1093)
4(788 1111 1112 789)
4(771 790 1113 1094)
4(789 1112 1113 790)
4(772 791 1114 1095)
4(790 1113 1114 791)
4(773 792 1115 1096)
4(791 1114 1115 792)
4(774 793 1116 1097)
4(792 1115 1116 793)
4(775 794 1117 1098)
4(793 1116 1117 794)
4(776 795 1118 1099)
4(794 1117 1118 795)
4(795 1118 1119 796)
4(778 797 1120 1101)
4(496 567 1120 797)
4(779 798 1121 1102)
4(797 1120 1121 798)
4(780 799 1122 1103)
4(798 1121 1122 799)
4(781 800 1123 1104)
4(799 1122 1123 800)
4(782 801 1124 1105)
4(800 1123 1124 801)
4(783 802 1125 1106)
4(801 1124 1125 802)
4(784 803 1126 1107)
4(802 1125 1126 803)
4(785 804 1127 1108)
4(803 1126 1127 804)
4(786 805 1128 1109)
4(804 1127 1128 805)
4(787 806 1129 1110)
4(805 1128 1129 806)
4(788 807 1130 1111)
4(806 1129 1130 807)
4(789 808 1131 1112)
4(807 1130 1131 808)
4(790 809 1132 1113)
4(808 1131 1132 809)
4(791 810 1133 1114)
4(809 1132 1133 810)
4(792 811 1134 1115)
4(810 1133 1134 811)
4(793 812 1135 1116)
4(811 1134 1135 812)
4(794 813 1136 1117)
4(812 1135 1136 813)
4(795 814 1137 1118)
4(813 1136 1137 814)
4(814 1137 1138 815)
4(797 816 1139 1120)
4(500 571 1139 816)
4(798 817 1140 1121)
4(816 1139 1140 817)
4(799 818 1141 1122)
4(817 1140 1141 818)
4(800 819 1142 1123)
4(818 1141 1142 819)
4(801 820 1143 1124)
4(819 1142 1143 820)
4(802 821 1144 1125)
4(820 1143 1144 821)
4(803 822 1145 1126)
4(821 1144 1145 822)
4(804 823 1146 1127)
4(822 1145 1146 823)
4(805 824 1147 1128)
4(823 1146 1147 824)
4(806 825 1148 1129)
4(824 1147 1148 825)
4(807 826 1149 1130)
4(825 1148 1149 826)
4(808 827 1150 1131)
4(826 1149 1150 827)
4(809 828 1151 1132)
4(827 1150 1151 828)
4(810 829 1152 1133)
4(828 1151 1152 829)
4(811 830 1153 1134)
4(829 1152 1153 830)
4(812 831 1154 1135)
4(830 1153 1154 831)
4(813 832 1155 1136)
4(831 1154 1155 832)
4(814 833 1156 1137)
4(832 1155 1156 833)
4(833 1156 1157 834)
4(816 835 1158 1139)
4(504 575 1158 835)
4(817 836 1159 1140)
4(835 1158 1159 836)
4(818 837 1160 1141)
4(836 1159 1160 837)
4(819 838 1161 1142)
4(837 1160 1161 838)
4(820 839 1162 1143)
4(838 1161 1162 839)
4(821 840 1163 1144)
4(839 1162 1163 840)
4(822 841 1164 1145)
4(840 1163 1164 841)
4(823 842 1165 1146)
4(841 1164 1165 842)
4(824 843 1166 1147)
4(842 1165 1166 843)
4(825 844 1167 1148)
4(843 1166 1167 844)
4(826 845 1168 1149)
4(844 1167 1168 845)
4(827 846 1169 1150)
4(845 1168 1169 846)
4(828 847 1170 1151)
4(846 1169 1170 847)
4(829 848 1171 1152)
4(847 1170 1171 848)
4(830 849 1172 1153)
4(848 1171 1172 849)
4(831 850 1173 1154)
4(849 1172 1173 850)
4(832 851 1174 1155)
4(850 1173 1174 851)
4(833 852 1175 1156)
4(851 1174 1175 852)
4(852 1175 1176 853)
4(835 854 1177 1158)
4(508 579 1177 854)
4(836 855 1178 1159)
4(854 1177 1178 855)
4(837 856 1179 1160)
4(855 1178 1179 856)
4(838 857 1180 1161)
4(856 1179 1180 857)
4(839 858 1181 1162)
4(857 1180 1181 858)
4(840 859 1182 1163)
4(858 1181 1182 859)
4(841 860 1183 1164)
4(859 1182 1183 860)
4(842 861 1184 1165)
4(860 1183 1184 861)
4(843 862 1185 1166)
4(861 1184 1185 862)
4(844 863 1186 1167)
4(862 1185 1186 863)
4(845 864 1187 1168)
4(863 1186 1187 864)
4(846 865 1188 1169)
4(864 1187 1188 865)
4(847 866 1189 1170)
4(865 1188 1189 866)
4(848 867 1190 1171)
4(866 1189 1190 867)
4(849 868 1191 1172)
4(867 1190 1191 868)
4(850 869 1192 1173)
4(868 1191 1192 869)
4(851 870 1193 1174)
4(869 1192 1193 870)
4(852 871 1194 1175)
4(870 1193 1194 871)
4(871 1194 1195 872)
4(854 873 1196 1177)
4(512 583 1196 873)
4(855 874 1197 1178)
4(873 1196 1197 874)
4(856 875 1198 1179)
4(874 1197 1198 875)
4(857 876 1199 1180)
4(875 1198 1199 876)
4(858 877 1200 1181)
4(876 1199 1200 877)
4(859 878 1201 1182)
4(877 1200 1201 878)
4(860 879 1202 1183)
4(878 1201 1202 879)
4(861 880 1203 1184)
4(879 1202 1203 880)
4(862 881 1204 1185)
4(880 1203 1204 881)
4(863 882 1205 1186)
4(881 1204 1205 882)
4(864 883 1206 1187)
4(882 1205 1206 883)
4(865 884 1207 1188)
4(883 1206 1207 884)
4(866 885 1208 1189)
4(884 1207 1208 885)
4(867 886 1209 1190)
4(885 1208 1209 886)
4(868 887 1210 1191)
4(886 1209 1210 887)
4(869 888 1211 1192)
4(887 1210 1211 888)
4(870 889 1212 1193)
4(888 1211 1212 889)
4(871 890 1213 1194)
4(889 1212 1213 890)
4(890 1213 1214 891)
4(873 892 1215 1196)
4(874 893 1216 1197)
4(875 894 1217 1198)
4(876 895 1218 1199)
4(877 896 1219 1200)
4(878 897 1220 1201)
4(879 898 1221 1202)
4(880 899 1222 1203)
4(881 900 1223 1204)
4(882 901 1224 1205)
4(883 902 1225 1206)
4(884 903 1226 1207)
4(885 904 1227 1208)
4(886 905 1228 1209)
4(887 906 1229 1210)
4(888 907 1230 1211)
4(889 908 1231 1212)
4(890 909 1232 1213)
4(55 75 255 235)
4(75 95 275 255)
4(95 115 295 275)
4(115 135 315 295)
4(135 155 335 315)
4(155 175 355 335)
4(175 195 375 355)
4(195 215 395 375)
4(215 606 929 395)
4(606 625 948 929)
4(625 644 967 948)
4(644 663 986 967)
4(663 682 1005 986)
4(682 701 1024 1005)
4(701 720 1043 1024)
4(720 739 1062 1043)
4(739 758 1081 1062)
4(758 777 1100 1081)
4(777 796 1119 1100)
4(796 815 1138 1119)
4(815 834 1157 1138)
4(834 853 1176 1157)
4(853 872 1195 1176)
4(872 891 1214 1195)
4(891 910 1233 1214)
4(0 1 19 18)
4(1 3 21 19)
4(3 5 23 21)
4(5 7 25 23)
4(7 9 27 25)
4(9 11 29 27)
4(11 13 31 29)
4(13 15 33 31)
4(15 17 35 33)
4(17 446 517 35)
4(446 447 518 517)
4(447 448 519 518)
4(448 196 376 519)
4(36 216 236 56)
4(56 236 256 76)
4(76 256 276 96)
4(96 276 296 116)
4(116 296 316 136)
4(136 316 336 156)
4(156 336 356 176)
4(176 356 376 196)
4(36 37 217 216)
4(37 38 218 217)
4(38 39 219 218)
4(39 40 220 219)
4(40 41 221 220)
4(41 42 222 221)
4(42 43 223 222)
4(43 44 224 223)
4(44 45 225 224)
4(45 46 226 225)
4(46 47 227 226)
4(47 48 228 227)
4(48 49 229 228)
4(49 50 230 229)
4(50 51 231 230)
4(51 52 232 231)
4(52 53 233 232)
4(53 54 234 233)
4(54 55 235 234)
4(0 2 3 1)
4(2 4 5 3)
4(4 6 7 5)
4(6 8 9 7)
4(8 10 11 9)
4(10 12 13 11)
4(12 14 15 13)
4(14 16 17 15)
4(18 19 21 20)
4(20 21 23 22)
4(22 23 25 24)
4(24 25 27 26)
4(26 27 29 28)
4(28 29 31 30)
4(30 31 33 32)
4(32 33 35 34)
4(36 56 57 37)
4(56 76 77 57)
4(76 96 97 77)
4(96 116 117 97)
4(116 136 137 117)
4(136 156 157 137)
4(156 176 177 157)
4(176 196 197 177)
4(37 57 58 38)
4(57 77 78 58)
4(77 97 98 78)
4(97 117 118 98)
4(117 137 138 118)
4(137 157 158 138)
4(157 177 178 158)
4(177 197 198 178)
4(38 58 59 39)
4(58 78 79 59)
4(78 98 99 79)
4(98 118 119 99)
4(118 138 139 119)
4(138 158 159 139)
4(158 178 179 159)
4(178 198 199 179)
4(39 59 60 40)
4(59 79 80 60)
4(79 99 100 80)
4(99 119 120 100)
4(119 139 140 120)
4(139 159 160 140)
4(159 179 180 160)
4(179 199 200 180)
4(40 60 61 41)
4(60 80 81 61)
4(80 100 101 81)
4(100 120 121 101)
4(120 140 141 121)
4(140 160 161 141)
4(160 180 181 161)
4(180 200 201 181)
4(41 61 62 42)
4(61 81 82 62)
4(81 101 102 82)
4(101 121 122 102)
4(121 141 142 122)
4(141 161 162 142)
4(161 181 182 162)
4(181 201 202 182)
4(42 62 63 43)
4(62 82 83 63)
4(82 102 103 83)
4(102 122 123 103)
4(122 142 143 123)
4(142 162 163 143)
4(162 182 183 163)
4(182 202 203 183)
4(43 63 64 44)
4(63 83 84 64)
4(83 103 104 84)
4(103 123 124 104)
4(123 143 144 124)
4(143 163 164 144)
4(163 183 184 164)
4(183 203 204 184)
4(44 64 65 45)
4(64 84 85 65)
4(84 104 105 85)
4(104 124 125 105)
4(124 144 145 125)
4(144 164 165 145)
4(164 184 185 165)
4(184 204 205 185)
4(45 65 66 46)
4(65 85 86 66)
4(85 105 106 86)
4(105 125 126 106)
4(125 145 146 126)
4(145 165 166 146)
4(165 185 186 166)
4(185 205 206 186)
4(46 66 67 47)
4(66 86 87 67)
4(86 106 107 87)
4(106 126 127 107)
4(126 146 147 127)
4(146 166 167 147)
4(166 186 187 167)
4(186 206 207 187)
4(47 67 68 48)
4(67 87 88 68)
4(87 107 108 88)
4(107 127 128 108)
4(127 147 148 128)
4(147 167 168 148)
4(167 187 188 168)
4(187 207 208 188)
4(48 68 69 49)
4(68 88 89 69)
4(88 108 109 89)
4(108 128 129 109)
4(128 148 149 129)
4(148 168 169 149)
4(168 188 189 169)
4(188 208 209 189)
4(49 69 70 50)
4(69 89 90 70)
4(89 109 110 90)
4(109 129 130 110)
4(129 149 150 130)
4(149 169 170 150)
4(169 189 190 170)
4(189 209 210 190)
4(50 70 71 51)
4(70 90 91 71)
4(90 110 111 91)
4(110 130 131 111)
4(130 150 151 131)
4(150 170 171 151)
4(170 190 191 171)
4(190 210 211 191)
4(51 71 72 52)
4(71 91 92 72)
4(91 111 112 92)
4(111 131 132 112)
4(131 151 152 132)
4(151 171 172 152)
4(171 191 192 172)
4(191 211 212 192)
4(52 72 73 53)
4(72 92 93 73)
4(92 112 113 93)
4(112 132 133 113)
4(132 152 153 133)
4(152 172 173 153)
4(172 192 193 173)
4(192 212 213 193)
4(53 73 74 54)
4(73 93 94 74)
4(93 113 114 94)
4(113 133 134 114)
4(133 153 154 134)
4(153 173 174 154)
4(173 193 194 174)
4(193 213 214 194)
4(54 74 75 55)
4(74 94 95 75)
4(94 114 115 95)
4(114 134 135 115)
4(134 154 155 135)
4(154 174 175 155)
4(174 194 195 175)
4(194 214 215 195)
4(216 217 237 236)
4(236 237 257 256)
4(256 257 277 276)
4(276 277 297 296)
4(296 297 317 316)
4(316 317 337 336)
4(336 337 357 356)
4(356 357 377 376)
4(217 218 238 237)
4(237 238 258 257)
4(257 258 278 277)
4(277 278 298 297)
4(297 298 318 317)
4(317 318 338 337)
4(337 338 358 357)
4(357 358 378 377)
4(218 219 239 238)
4(238 239 259 258)
4(258 259 279 278)
4(278 279 299 298)
4(298 299 319 318)
4(318 319 339 338)
4(338 339 359 358)
4(358 359 379 378)
4(219 220 240 239)
4(239 240 260 259)
4(259 260 280 279)
4(279 280 300 299)
4(299 300 320 319)
4(319 320 340 339)
4(339 340 360 359)
4(359 360 380 379)
4(220 221 241 240)
4(240 241 261 260)
4(260 261 281 280)
4(280 281 301 300)
4(300 301 321 320)
4(320 321 341 340)
4(340 341 361 360)
4(360 361 381 380)
4(221 222 242 241)
4(241 242 262 261)
4(261 262 282 281)
4(281 282 302 301)
4(301 302 322 321)
4(321 322 342 341)
4(341 342 362 361)
4(361 362 382 381)
4(222 223 243 242)
4(242 243 263 262)
4(262 263 283 282)
4(282 283 303 302)
4(302 303 323 322)
4(322 323 343 342)
4(342 343 363 362)
4(362 363 383 382)
4(223 224 244 243)
4(243 244 264 263)
4(263 264 284 283)
4(283 284 304 303)
4(303 304 324 323)
4(323 324 344 343)
4(343 344 364 363)
4(363 364 384 383)
4(224 225 245 244)
4(244 245 265 264)
4(264 265 285 284)
4(284 285 305 304)
4(304 305 325 324)
4(324 325 345 344)
4(344 345 365 364)
4(364 365 385 384)
4(225 226 246 245)
4(245 246 266 265)
4(265 266 286 285)
4(285 286 306 305)
4(305 306 326 325)
4(325 326 346 345)
4(345 346 366 365)
4(365 366 386 385)
4(226 227 247 246)
4(246 247 267 266)
4(266 267 287 286)
4(286 287 307 306)
4(306 307 327 326)
4(326 327 347 346)
4(346 347 367 366)
4(366 367 387 386)
4(227 228 248 247)
4(247 248 268 267)
4(267 268 288 287)
4(287 288 308 307)
4(307 308 328 327)
4(327 328 348 347)
4(347 348 368 367)
4(367 368 388 387)
4(228 229 249 248)
4(248 249 269 268)
4(268 269 289 288)
4(288 289 309 308)
4(308 309 329 328)
4(328 329 349 348)
4(348 349 369 368)
4(368 369 389 388)
4(229 230 250 249)
4(249 250 270 269)
4(269 270 290 289)
4(289 290 310 309)
4(309 310 330 329)
4(329 330 350 349)
4(349 350 370 369)
4(369 370 390 389)
4(230 231 251 250)
4(250 251 271 270)
4(270 271 291 290)
4(290 291 311 310)
4(310 311 331 330)
4(330 331 351 350)
4(350 351 371 370)
4(370 371 391 390)
4(231 232 252 251)
4(251 252 272 271)
4(271 272 292 291)
4(291 292 312 311)
4(311 312 332 331)
4(331 332 352 351)
4(351 352 372 371)
4(371 372 392 391)
4(232 233 253 252)
4(252 253 273 272)
4(272 273 293 292)
4(292 293 313 312)
4(312 313 333 332)
4(332 333 353 352)
4(352 353 373 372)
4(372 373 393 392)
4(233 234 254 253)
4(253 254 274 273)
4(273 274 294 293)
4(293 294 314 313)
4(313 314 334 333)
4(333 334 354 353)
4(353 354 374 373)
4(373 374 394 393)
4(234 235 255 254)
4(254 255 275 274)
4(274 275 295 294)
4(294 295 315 314)
4(314 315 335 334)
4(334 335 355 354)
4(354 355 375 374)
4(374 375 395 394)
4(16 396 397 17)
4(396 398 399 397)
4(398 400 401 399)
4(400 402 403 401)
4(402 404 405 403)
4(404 406 407 405)
4(406 408 409 407)
4(408 410 411 409)
4(34 35 422 421)
4(421 422 424 423)
4(423 424 426 425)
4(425 426 428 427)
4(427 428 430 429)
4(429 430 432 431)
4(431 432 434 433)
4(433 434 436 435)
4(17 397 449 446)
4(397 399 453 449)
4(399 401 457 453)
4(401 403 461 457)
4(403 405 465 461)
4(405 407 469 465)
4(407 409 473 469)
4(409 411 477 473)
4(411 412 481 477)
4(412 413 485 481)
4(413 414 489 485)
4(414 415 493 489)
4(415 416 497 493)
4(416 417 501 497)
4(417 418 505 501)
4(418 419 509 505)
4(419 420 513 509)
4(446 449 450 447)
4(449 453 454 450)
4(453 457 458 454)
4(457 461 462 458)
4(461 465 466 462)
4(465 469 470 466)
4(469 473 474 470)
4(473 477 478 474)
4(477 481 482 478)
4(481 485 486 482)
4(485 489 490 486)
4(489 493 494 490)
4(493 497 498 494)
4(497 501 502 498)
4(501 505 506 502)
4(505 509 510 506)
4(509 513 514 510)
4(447 450 451 448)
4(450 454 455 451)
4(454 458 459 455)
4(458 462 463 459)
4(462 466 467 463)
4(466 470 471 467)
4(470 474 475 471)
4(474 478 479 475)
4(478 482 483 479)
4(482 486 487 483)
4(486 490 491 487)
4(490 494 495 491)
4(494 498 499 495)
4(498 502 503 499)
4(502 506 507 503)
4(506 510 511 507)
4(510 514 515 511)
4(448 451 452 196)
4(451 455 456 452)
4(455 459 460 456)
4(459 463 464 460)
4(463 467 468 464)
4(467 471 472 468)
4(471 475 476 472)
4(475 479 480 476)
4(479 483 484 480)
4(483 487 488 484)
4(487 491 492 488)
4(491 495 496 492)
4(495 499 500 496)
4(499 503 504 500)
4(503 507 508 504)
4(507 511 512 508)
4(511 515 516 512)
4(35 517 520 422)
4(422 520 524 424)
4(424 524 528 426)
4(426 528 532 428)
4(428 532 536 430)
4(430 536 540 432)
4(432 540 544 434)
4(434 544 548 436)
4(436 548 552 437)
4(437 552 556 438)
4(438 556 560 439)
4(439 560 564 440)
4(440 564 568 441)
4(441 568 572 442)
4(442 572 576 443)
4(443 576 580 444)
4(444 580 584 445)
4(517 518 521 520)
4(520 521 525 524)
4(524 525 529 528)
4(528 529 533 532)
4(532 533 537 536)
4(536 537 541 540)
4(540 541 545 544)
4(544 545 549 548)
4(548 549 553 552)
4(552 553 557 556)
4(556 557 561 560)
4(560 561 565 564)
4(564 565 569 568)
4(568 569 573 572)
4(572 573 577 576)
4(576 577 581 580)
4(580 581 585 584)
4(518 519 522 521)
4(521 522 526 525)
4(525 526 530 529)
4(529 530 534 533)
4(533 534 538 537)
4(537 538 542 541)
4(541 542 546 545)
4(545 546 550 549)
4(549 550 554 553)
4(553 554 558 557)
4(557 558 562 561)
4(561 562 566 565)
4(565 566 570 569)
4(569 570 574 573)
4(573 574 578 577)
4(577 578 582 581)
4(581 582 586 585)
4(519 376 523 522)
4(522 523 527 526)
4(526 527 531 530)
4(530 531 535 534)
4(534 535 539 538)
4(538 539 543 542)
4(542 543 547 546)
4(546 547 551 550)
4(550 551 555 554)
4(554 555 559 558)
4(558 559 563 562)
4(562 563 567 566)
4(566 567 571 570)
4(570 571 575 574)
4(574 575 579 578)
4(578 579 583 582)
4(582 583 587 586)
4(196 452 588 197)
4(452 456 607 588)
4(456 460 626 607)
4(460 464 645 626)
4(464 468 664 645)
4(468 472 683 664)
4(472 476 702 683)
4(476 480 721 702)
4(480 484 740 721)
4(484 488 759 740)
4(488 492 778 759)
4(492 496 797 778)
4(496 500 816 797)
4(500 504 835 816)
4(504 508 854 835)
4(508 512 873 854)
4(512 516 892 873)
4(197 588 589 198)
4(588 607 608 589)
4(607 626 627 608)
4(626 645 646 627)
4(645 664 665 646)
4(664 683 684 665)
4(683 702 703 684)
4(702 721 722 703)
4(721 740 741 722)
4(740 759 760 741)
4(759 778 779 760)
4(778 797 798 779)
4(797 816 817 798)
4(816 835 836 817)
4(835 854 855 836)
4(854 873 874 855)
4(873 892 893 874)
4(198 589 590 199)
4(589 608 609 590)
4(608 627 628 609)
4(627 646 647 628)
4(646 665 666 647)
4(665 684 685 666)
4(684 703 704 685)
4(703 722 723 704)
4(722 741 742 723)
4(741 760 761 742)
4(760 779 780 761)
4(779 798 799 780)
4(798 817 818 799)
4(817 836 837 818)
4(836 855 856 837)
4(855 874 875 856)
4(874 893 894 875)
4(199 590 591 200)
4(590 609 610 591)
4(609 628 629 610)
4(628 647 648 629)
4(647 666 667 648)
4(666 685 686 667)
4(685 704 705 686)
4(704 723 724 705)
4(723 742 743 724)
4(742 761 762 743)
4(761 780 781 762)
4(780 799 800 781)
4(799 818 819 800)
4(818 837 838 819)
4(837 856 857 838)
4(856 875 876 857)
4(875 894 895 876)
4(200 591 592 201)
4(591 610 611 592)
4(610 629 630 611)
4(629 648 649 630)
4(648 667 668 649)
4(667 686 687 668)
4(686 705 706 687)
4(705 724 725 706)
4(724 743 744 725)
4(743 762 763 744)
4(762 781 782 763)
4(781 800 801 782)
4(800 819 820 801)
4(819 838 839 820)
4(838 857 858 839)
4(857 876 877 858)
4(876 895 896 877)
4(201 592 593 202)
4(592 611 612 593)
4(611 630 631 612)
4(630 649 650 631)
4(649 668 669 650)
4(668 687 688 669)
4(687 706 707 688)
4(706 725 726 707)
4(725 744 745 726)
4(744 763 764 745)
4(763 782 783 764)
4(782 801 802 783)
4(801 820 821 802)
4(820 839 840 821)
4(839 858 859 840)
4(858 877 878 859)
4(877 896 897 878)
4(202 593 594 203)
4(593 612 613 594)
4(612 631 632 613)
4(631 650 651 632)
4(650 669 670 651)
4(669 688 689 670)
4(688 707 708 689)
4(707 726 727 708)
4(726 745 746 727)
4(745 764 765 746)
4(764 783 784 765)
4(783 802 803 784)
4(802 821 822 803)
4(821 840 841 822)
4(840 859 860 841)
4(859 878 879 860)
4(878 897 898 879)
4(203 594 595 204)
4(594 613 614 595)
4(613 632 633 614)
4(632 651 652 633)
4(651 670 671 652)
4(670 689 690 671)
4(689 708 709 690)
4(708 727 728 709)
4(727 746 747 728)
4(746 765 766 747)
4(765 784 785 766)
4(784 803 804 785)
4(803 822 823 804)
4(822 841 842 823)
4(841 860 861 842)
4(860 879 880 861)
4(879 898 899 880)
4(204 595 596 205)
4(595 614 615 596)
4(614 633 634 615)
4(633 652 653 634)
4(652 671 672 653)
4(671 690 691 672)
4(690 709 710 691)
4(709 728 729 710)
4(728 747 748 729)
4(747 766 767 748)
4(766 785 786 767)
4(785 804 805 786)
4(804 823 824 805)
4(823 842 843 824)
4(842 861 862 843)
4(861 880 881 862)
4(880 899 900 881)
4(205 596 597 206)
4(596 615 616 597)
4(615 634 635 616)
4(634 653 654 635)
4(653 672 673 654)
4(672 691 692 673)
4(691 710 711 692)
4(710 729 730 711)
4(729 748 749 730)
4(748 767 768 749)
4(767 786 787 768)
4(786 805 806 787)
4(805 824 825 806)
4(824 843 844 825)
4(843 862 863 844)
4(862 881 882 863)
4(881 900 901 882)
4(206 597 598 207)
4(597 616 617 598)
4(616 635 636 617)
4(635 654 655 636)
4(654 673 674 655)
4(673 692 693 674)
4(692 711 712 693)
4(711 730 731 712)
4(730 749 750 731)
4(749 768 769 750)
4(768 787 788 769)
4(787 806 807 788)
4(806 825 826 807)
4(825 844 845 826)
4(844 863 864 845)
4(863 882 883 864)
4(882 901 902 883)
4(207 598 599 208)
4(598 617 618 599)
4(617 636 637 618)
4(636 655 656 637)
4(655 674 675 656)
4(674 693 694 675)
4(693 712 713 694)
4(712 731 732 713)
4(731 750 751 732)
4(750 769 770 751)
4(769 788 789 770)
4(788 807 808 789)
4(807 826 827 808)
4(826 845 846 827)
4(845 864 865 846)
4(864 883 884 865)
4(883 902 903 884)
4(208 599 600 209)
4(599 618 619 600)
4(618 637 638 619)
4(637 656 657 638)
4(656 675 676 657)
4(675 694 695 676)
4(694 713 714 695)
4(713 732 733 714)
4(732 751 752 733)
4(751 770 771 752)
4(770 789 790 771)
4(789 808 809 790)
4(808 827 828 809)
4(827 846 847 828)
4(846 865 866 847)
4(865 884 885 866)
4(884 903 904 885)
4(209 600 601 210)
4(600 619 620 601)
4(619 638 639 620)
4(638 657 658 639)
4(657 676 677 658)
4(676 695 696 677)
4(695 714 715 696)
4(714 733 734 715)
4(733 752 753 734)
4(752 771 772 753)
4(771 790 791 772)
4(790 809 810 791)
4(809 828 829 810)
4(828 847 848 829)
4(847 866 867 848)
4(866 885 886 867)
4(885 904 905 886)
4(210 601 602 211)
4(601 620 621 602)
4(620 639 640 621)
4(639 658 659 640)
4(658 677 678 659)
4(677 696 697 678)
4(696 715 716 697)
4(715 734 735 716)
4(734 753 754 735)
4(753 772 773 754)
4(772 791 792 773)
4(791 810 811 792)
4(810 829 830 811)
4(829 848 849 830)
4(848 867 868 849)
4(867 886 887 868)
4(886 905 906 887)
4(211 602 603 212)
4(602 621 622 603)
4(621 640 641 622)
4(640 659 660 641)
4(659 678 679 660)
4(678 697 698 679)
4(697 716 717 698)
4(716 735 736 717)
4(735 754 755 736)
4(754 773 774 755)
4(773 792 793 774)
4(792 811 812 793)
4(811 830 831 812)
4(830 849 850 831)
4(849 868 869 850)
4(868 887 888 869)
4(887 906 907 888)
4(212 603 604 213)
4(603 622 623 604)
4(622 641 642 623)
4(641 660 661 642)
4(660 679 680 661)
4(679 698 699 680)
4(698 717 718 699)
4(717 736 737 718)
4(736 755 756 737)
4(755 774 775 756)
4(774 793 794 775)
4(793 812 813 794)
4(812 831 832 813)
4(831 850 851 832)
4(850 869 870 851)
4(869 888 889 870)
4(888 907 908 889)
4(213 604 605 214)
4(604 623 624 605)
4(623 642 643 624)
4(642 661 662 643)
4(661 680 681 662)
4(680 699 700 681)
4(699 718 719 700)
4(718 737 738 719)
4(737 756 757 738)
4(756 775 776 757)
4(775 794 795 776)
4(794 813 814 795)
4(813 832 833 814)
4(832 851 852 833)
4(851 870 871 852)
4(870 889 890 871)
4(889 908 909 890)
4(214 605 606 215)
4(605 624 625 606)
4(624 643 644 625)
4(643 662 663 644)
4(662 681 682 663)
4(681 700 701 682)
4(700 719 720 701)
4(719 738 739 720)
4(738 757 758 739)
4(757 776 777 758)
4(776 795 796 777)
4(795 814 815 796)
4(814 833 834 815)
4(833 852 853 834)
4(852 871 872 853)
4(871 890 891 872)
4(890 909 910 891)
4(376 377 911 523)
4(523 911 930 527)
4(527 930 949 531)
4(531 949 968 535)
4(535 968 987 539)
4(539 987 1006 543)
4(543 1006 1025 547)
4(547 1025 1044 551)
4(551 1044 1063 555)
4(555 1063 1082 559)
4(559 1082 1101 563)
4(563 1101 1120 567)
4(567 1120 1139 571)
4(571 1139 1158 575)
4(575 1158 1177 579)
4(579 1177 1196 583)
4(583 1196 1215 587)
4(377 378 912 911)
4(911 912 931 930)
4(930 931 950 949)
4(949 950 969 968)
4(968 969 988 987)
4(987 988 1007 1006)
4(1006 1007 1026 1025)
4(1025 1026 1045 1044)
4(1044 1045 1064 1063)
4(1063 1064 1083 1082)
4(1082 1083 1102 1101)
4(1101 1102 1121 1120)
4(1120 1121 1140 1139)
4(1139 1140 1159 1158)
4(1158 1159 1178 1177)
4(1177 1178 1197 1196)
4(1196 1197 1216 1215)
4(378 379 913 912)
4(912 913 932 931)
4(931 932 951 950)
4(950 951 970 969)
4(969 970 989 988)
4(988 989 1008 1007)
4(1007 1008 1027 1026)
4(1026 1027 1046 1045)
4(1045 1046 1065 1064)
4(1064 1065 1084 1083)
4(1083 1084 1103 1102)
4(1102 1103 1122 1121)
4(1121 1122 1141 1140)
4(1140 1141 1160 1159)
4(1159 1160 1179 1178)
4(1178 1179 1198 1197)
4(1197 1198 1217 1216)
4(379 380 914 913)
4(913 914 933 932)
4(932 933 952 951)
4(951 952 971 970)
4(970 971 990 989)
4(989 990 1009 1008)
4(1008 1009 1028 1027)
4(1027 1028 1047 1046)
4(1046 1047 1066 1065)
4(1065 1066 1085 1084)
4(1084 1085 1104 1103)
4(1103 1104 1123 1122)
4(1122 1123 1142 1141)
4(1141 1142 1161 1160)
4(1160 1161 1180 1179)
4(1179 1180 1199 1198)
4(1198 1199 1218 1217)
4(380 381 915 914)
4(914 915 934 933)
4(933 934 953 952)
4(952 953 972 971)
4(971 972 991 990)
4(990 991 1010 1009)
4(1009 1010 1029 1028)
4(1028 1029 1048 1047)
4(1047 1048 1067 1066)
4(1066 1067 1086 1085)
4(1085 1086 1105 1104)
4(1104 1105 1124 1123)
4(1123 1124 1143 1142)
4(1142 1143 1162 1161)
4(1161 1162 1181 1180)
4(1180 1181 1200 1199)
4(1199 1200 1219 1218)
4(381 382 916 915)
4(915 916 935 934)
4(934 935 954 953)
4(953 954 973 972)
4(972 973 992 991)
4(991 992 1011 1010)
4(1010 1011 1030 1029)
4(1029 1030 1049 1048)
4(1048 1049 1068 1067)
4(1067 1068 1087 1086)
4(1086 1087 1106 1105)
4(1105 1106 1125 1124)
4(1124 1125 1144 1143)
4(1143 1144 1163 1162)
4(1162 1163 1182 1181)
4(1181 1182 1201 1200)
4(1200 1201 1220 1219)
4(382 383 917 916)
4(916 917 936 935)
4(935 936 955 954)
4(954 955 974 973)
4(973 974 993 992)
4(992 993 1012 1011)
4(1011 1012 1031 1030)
4(1030 1031 1050 1049)
4(1049 1050 1069 1068)
4(1068 1069 1088 1087)
4(1087 1088 1107 1106)
4(1106 1107 1126 1125)
4(1125 1126 1145 1144)
4(1144 1145 1164 1163)
4(1163 1164 1183 1182)
4(1182 1183 1202 1201)
4(1201 1202 1221 1220)
4(383 384 918 917)
4(917 918 937 936)
4(936 937 956 955)
4(955 956 975 974)
4(974 975 994 993)
4(993 994 1013 1012)
4(1012 1013 1032 1031)
4(1031 1032 1051 1050)
4(1050 1051 1070 1069)
4(1069 1070 1089 1088)
4(1088 1089 1108 1107)
4(1107 1108 1127 1126)
4(1126 1127 1146 1145)
4(1145 1146 1165 1164)
4(1164 1165 1184 1183)
4(1183 1184 1203 1202)
4(1202 1203 1222 1221)
4(384 385 919 918)
4(918 919 938 937)
4(937 938 957 956)
4(956 957 976 975)
4(975 976 995 994)
4(994 995 1014 1013)
4(1013 1014 1033 1032)
4(1032 1033 1052 1051)
4(1051 1052 1071 1070)
4(1070 1071 1090 1089)
4(1089 1090 1109 1108)
4(1108 1109 1128 1127)
4(1127 1128 1147 1146)
4(1146 1147 1166 1165)
4(1165 1166 1185 1184)
4(1184 1185 1204 1203)
4(1203 1204 1223 1222)
4(385 386 920 919)
4(919 920 939 938)
4(938 939 958 957)
4(957 958 977 976)
4(976 977 996 995)
4(995 996 1015 1014)
4(1014 1015 1034 1033)
4(1033 1034 1053 1052)
4(1052 1053 1072 1071)
4(1071 1072 1091 1090)
4(1090 1091 1110 1109)
4(1109 1110 1129 1128)
4(1128 1129 1148 1147)
4(1147 1148 1167 1166)
4(1166 1167 1186 1185)
4(1185 1186 1205 1204)
4(1204 1205 1224 1223)
4(386 387 921 920)
4(920 921 940 939)
4(939 940 959 958)
4(958 959 978 977)
4(977 978 997 996)
4(996 997 1016 1015)
4(1015 1016 1035 1034)
4(1034 1035 1054 1053)
4(1053 1054 1073 1072)
4(1072 1073 1092 1091)
4(1091 1092 1111 1110)
4(1110 1111 1130 1129)
4(1129 1130 1149 1148)
4(1148 1149 1168 1167)
4(1167 1168 1187 1186)
4(1186 1187 1206 1205)
4(1205 1206 1225 1224)
4(387 388 922 921)
4(921 922 941 940)
4(940 941 960 959)
4(959 960 979 978)
4(978 979 998 997)
4(997 998 1017 1016)
4(1016 1017 1036 1035)
4(1035 1036 1055 1054)
4(1054 1055 1074 1073)
4(1073 1074 1093 1092)
4(1092 1093 1112 1111)
4(1111 1112 1131 1130)
4(1130 1131 1150 1149)
4(1149 1150 1169 1168)
4(1168 1169 1188 1187)
4(1187 1188 1207 1206)
4(1206 1207 1226 1225)
4(388 389 923 922)
4(922 923 942 941)
4(941 942 961 960)
4(960 961 980 979)
4(979 980 999 998)
4(998 999 1018 1017)
4(1017 1018 1037 1036)
4(1036 1037 1056 1055)
4(1055 1056 1075 1074)
4(1074 1075 1094 1093)
4(1093 1094 1113 1112)
4(1112 1113 1132 1131)
4(1131 1132 1151 1150)
4(1150 1151 1170 1169)
4(1169 1170 1189 1188)
4(1188 1189 1208 1207)
4(1207 1208 1227 1226)
4(389 390 924 923)
4(923 924 943 942)
4(942 943 962 961)
4(961 962 981 980)
4(980 981 1000 999)
4(999 1000 1019 1018)
4(1018 1019 1038 1037)
4(1037 1038 1057 1056)
4(1056 1057 1076 1075)
4(1075 1076 1095 1094)
4(1094 1095 1114 1113)
4(1113 1114 1133 1132)
4(1132 1133 1152 1151)
4(1151 1152 1171 1170)
4(1170 1171 1190 1189)
4(1189 1190 1209 1208)
4(1208 1209 1228 1227)
4(390 391 925 924)
4(924 925 944 943)
4(943 944 963 962)
4(962 963 982 981)
4(981 982 1001 1000)
4(1000 1001 1020 1019)
4(1019 1020 1039 1038)
4(1038 1039 1058 1057)
4(1057 1058 1077 1076)
4(1076 1077 1096 1095)
4(1095 1096 1115 1114)
4(1114 1115 1134 1133)
4(1133 1134 1153 1152)
4(1152 1153 1172 1171)
4(1171 1172 1191 1190)
4(1190 1191 1210 1209)
4(1209 1210 1229 1228)
4(391 392 926 925)
4(925 926 945 944)
4(944 945 964 963)
4(963 964 983 982)
4(982 983 1002 1001)
4(1001 1002 1021 1020)
4(1020 1021 1040 1039)
4(1039 1040 1059 1058)
4(1058 1059 1078 1077)
4(1077 1078 1097 1096)
4(1096 1097 1116 1115)
4(1115 1116 1135 1134)
4(1134 1135 1154 1153)
4(1153 1154 1173 1172)
4(1172 1173 1192 1191)
4(1191 1192 1211 1210)
4(1210 1211 1230 1229)
4(392 393 927 926)
4(926 927 946 945)
4(945 946 965 964)
4(964 965 984 983)
4(983 984 1003 1002)
4(1002 1003 1022 1021)
4(1021 1022 1041 1040)
4(1040 1041 1060 1059)
4(1059 1060 1079 1078)
4(1078 1079 1098 1097)
4(1097 1098 1117 1116)
4(1116 1117 1136 1135)
4(1135 1136 1155 1154)
4(1154 1155 1174 1173)
4(1173 1174 1193 1192)
4(1192 1193 1212 1211)
4(1211 1212 1231 1230)
4(393 394 928 927)
4(927 928 947 946)
4(946 947 966 965)
4(965 966 985 984)
4(984 985 1004 1003)
4(1003 1004 1023 1022)
4(1022 1023 1042 1041)
4(1041 1042 1061 1060)
4(1060 1061 1080 1079)
4(1079 1080 1099 1098)
4(1098 1099 1118 1117)
4(1117 1118 1137 1136)
4(1136 1137 1156 1155)
4(1155 1156 1175 1174)
4(1174 1175 1194 1193)
4(1193 1194 1213 1212)
4(1212 1213 1232 1231)
4(394 395 929 928)
4(928 929 948 947)
4(947 948 967 966)
4(966 967 986 985)
4(985 986 1005 1004)
4(1004 1005 1024 1023)
4(1023 1024 1043 1042)
4(1042 1043 1062 1061)
4(1061 1062 1081 1080)
4(1080 1081 1100 1099)
4(1099 1100 1119 1118)
4(1118 1119 1138 1137)
4(1137 1138 1157 1156)
4(1156 1157 1176 1175)
4(1175 1176 1195 1194)
4(1194 1195 1214 1213)
4(1213 1214 1233 1232)
4(0 18 20 2)
4(2 20 22 4)
4(4 22 24 6)
4(6 24 26 8)
4(8 26 28 10)
4(10 28 30 12)
4(12 30 32 14)
4(14 32 34 16)
4(16 34 421 396)
4(396 421 423 398)
4(398 423 425 400)
4(400 425 427 402)
4(402 427 429 404)
4(404 429 431 406)
4(406 431 433 408)
4(408 433 435 410)
4(410 435 436 411)
4(411 436 437 412)
4(412 437 438 413)
4(413 438 439 414)
4(414 439 440 415)
4(415 440 441 416)
4(416 441 442 417)
4(417 442 443 418)
4(418 443 444 419)
4(419 444 445 420)
4(420 445 584 513)
4(513 584 585 514)
4(514 585 586 515)
4(515 586 587 516)
4(516 587 1215 892)
4(892 1215 1216 893)
4(893 1216 1217 894)
4(894 1217 1218 895)
4(895 1218 1219 896)
4(896 1219 1220 897)
4(897 1220 1221 898)
4(898 1221 1222 899)
4(899 1222 1223 900)
4(900 1223 1224 901)
4(901 1224 1225 902)
4(902 1225 1226 903)
4(903 1226 1227 904)
4(904 1227 1228 905)
4(905 1228 1229 906)
4(906 1229 1230 907)
4(907 1230 1231 908)
4(908 1231 1232 909)
4(909 1232 1233 910)
)


// ************************************************************************* //
