/*---------------------------------------------------------------------------*\
| =========                 |                                                 |
| \\      /  F ield         | OpenFOAM: The Open Source CFD Toolbox           |
|  \\    /   O peration     | Version:  1.3                                   |
|   \\  /    A nd           | Web:      http://www.openfoam.org               |
|    \\/     M anipulation  |                                                 |
\*---------------------------------------------------------------------------*/

FoamFile
{
    version 2.0;
    format ascii;

    root "/home/dm2/henry/OpenFOAM/OpenFOAM-1.2/tutorials/interFoam";
    case "damBreak/processor1";
    instance ""constant"";
    local "polyMesh";

    class vectorField;
    object points;
}

// * * * * * * * * * * * * * * * * * * * * * * * * * * * * * * * * * * * * * //


1234
(
(0.2793043478 0 0)
(0.292 0 0)
(0.2793043478 0.00599987 0)
(0.292 0.00599987 0)
(0.2793043478 0.01199974 0)
(0.292 0.01199974 0)
(0.2793043478 0.01799961 0)
(0.292 0.01799961 0)
(0.2793043478 0.02399948 0)
(0.292 0.02399948 0)
(0.2793043478 0.02999935 0)
(0.292 0.02999935 0)
(0.2793043478 0.03599922 0)
(0.292 0.03599922 0)
(0.2793043478 0.04199909 0)
(0.292 0.04199909 0)
(0.2793043478 0.04799896 0)
(0.292 0.04799896 0)
(0.2793043478 0 0.0146)
(0.292 0 0.0146)
(0.2793043478 0.00599987 0.0146)
(0.292 0.00599987 0.0146)
(0.2793043478 0.01199974 0.0146)
(0.292 0.01199974 0.0146)
(0.2793043478 0.01799961 0.0146)
(0.292 0.01799961 0.0146)
(0.2793043478 0.02399948 0.0146)
(0.292 0.02399948 0.0146)
(0.2793043478 0.02999935 0.0146)
(0.292 0.02999935 0.0146)
(0.2793043478 0.03599922 0.0146)
(0.292 0.03599922 0.0146)
(0.2793043478 0.04199909 0.0146)
(0.292 0.04199909 0.0146)
(0.2793043478 0.04799896 0.0146)
(0.292 0.04799896 0.0146)
(0.31599948 0 0)
(0.3301047705 0 0)
(0.3442100611 0 0)
(0.3583153516 0 0)
(0.3724206421 0 0)
(0.3865259326 0 0)
(0.4006312232 0 0)
(0.4147365137 0 0)
(0.4288418042 0 0)
(0.4429470947 0 0)
(0.4570523853 0 0)
(0.4711576758 0 0)
(0.4852629663 0 0)
(0.4993682568 0 0)
(0.5134735474 0 0)
(0.5275788379 0 0)
(0.5416841284 0 0)
(0.5557894189 0 0)
(0.5698947095 0 0)
(0.584 0 0)
(0.31599948 0.00599987 0)
(0.3301047705 0.00599987 0)
(0.3442100611 0.00599987 0)
(0.3583153516 0.00599987 0)
(0.3724206421 0.00599987 0)
(0.3865259326 0.00599987 0)
(0.4006312232 0.00599987 0)
(0.4147365137 0.00599987 0)
(0.4288418042 0.00599987 0)
(0.4429470947 0.00599987 0)
(0.4570523853 0.00599987 0)
(0.4711576758 0.00599987 0)
(0.4852629663 0.00599987 0)
(0.4993682568 0.00599987 0)
(0.5134735474 0.00599987 0)
(0.5275788379 0.00599987 0)
(0.5416841284 0.00599987 0)
(0.5557894189 0.00599987 0)
(0.5698947095 0.00599987 0)
(0.584 0.00599987 0)
(0.31599948 0.01199974 0)
(0.3301047705 0.01199974 0)
(0.3442100611 0.01199974 0)
(0.3583153516 0.01199974 0)
(0.3724206421 0.01199974 0)
(0.3865259326 0.01199974 0)
(0.4006312232 0.01199974 0)
(0.4147365137 0.01199974 0)
(0.4288418042 0.01199974 0)
(0.4429470947 0.01199974 0)
(0.4570523853 0.01199974 0)
(0.4711576758 0.01199974 0)
(0.4852629663 0.01199974 0)
(0.4993682568 0.01199974 0)
(0.5134735474 0.01199974 0)
(0.5275788379 0.01199974 0)
(0.5416841284 0.01199974 0)
(0.5557894189 0.01199974 0)
(0.5698947095 0.01199974 0)
(0.584 0.01199974 0)
(0.31599948 0.01799961 0)
(0.3301047705 0.01799961 0)
(0.3442100611 0.01799961 0)
(0.3583153516 0.01799961 0)
(0.3724206421 0.01799961 0)
(0.3865259326 0.01799961 0)
(0.4006312232 0.01799961 0)
(0.4147365137 0.01799961 0)
(0.4288418042 0.01799961 0)
(0.4429470947 0.01799961 0)
(0.4570523853 0.01799961 0)
(0.4711576758 0.01799961 0)
(0.4852629663 0.01799961 0)
(0.4993682568 0.01799961 0)
(0.5134735474 0.01799961 0)
(0.5275788379 0.01799961 0)
(0.5416841284 0.01799961 0)
(0.5557894189 0.01799961 0)
(0.5698947095 0.01799961 0)
(0.584 0.01799961 0)
(0.31599948 0.02399948 0)
(0.3301047705 0.02399948 0)
(0.3442100611 0.02399948 0)
(0.3583153516 0.02399948 0)
(0.3724206421 0.02399948 0)
(0.3865259326 0.02399948 0)
(0.4006312232 0.02399948 0)
(0.4147365137 0.02399948 0)
(0.4288418042 0.02399948 0)
(0.4429470947 0.02399948 0)
(0.4570523853 0.02399948 0)
(0.4711576758 0.02399948 0)
(0.4852629663 0.02399948 0)
(0.4993682568 0.02399948 0)
(0.5134735474 0.02399948 0)
(0.5275788379 0.02399948 0)
(0.5416841284 0.02399948 0)
(0.5557894189 0.02399948 0)
(0.5698947095 0.02399948 0)
(0.584 0.02399948 0)
(0.31599948 0.02999935 0)
(0.3301047705 0.02999935 0)
(0.3442100611 0.02999935 0)
(0.3583153516 0.02999935 0)
(0.3724206421 0.02999935 0)
(0.3865259326 0.02999935 0)
(0.4006312232 0.02999935 0)
(0.4147365137 0.02999935 0)
(0.4288418042 0.02999935 0)
(0.4429470947 0.02999935 0)
(0.4570523853 0.02999935 0)
(0.4711576758 0.02999935 0)
(0.4852629663 0.02999935 0)
(0.4993682568 0.02999935 0)
(0.5134735474 0.02999935 0)
(0.5275788379 0.02999935 0)
(0.5416841284 0.02999935 0)
(0.5557894189 0.02999935 0)
(0.5698947095 0.02999935 0)
(0.584 0.02999935 0)
(0.31599948 0.03599922 0)
(0.3301047705 0.03599922 0)
(0.3442100611 0.03599922 0)
(0.3583153516 0.03599922 0)
(0.3724206421 0.03599922 0)
(0.3865259326 0.03599922 0)
(0.4006312232 0.03599922 0)
(0.4147365137 0.03599922 0)
(0.4288418042 0.03599922 0)
(0.4429470947 0.03599922 0)
(0.4570523853 0.03599922 0)
(0.4711576758 0.03599922 0)
(0.4852629663 0.03599922 0)
(0.4993682568 0.03599922 0)
(0.5134735474 0.03599922 0)
(0.5275788379 0.03599922 0)
(0.5416841284 0.03599922 0)
(0.5557894189 0.03599922 0)
(0.5698947095 0.03599922 0)
(0.584 0.03599922 0)
(0.31599948 0.04199909 0)
(0.3301047705 0.04199909 0)
(0.3442100611 0.04199909 0)
(0.3583153516 0.04199909 0)
(0.3724206421 0.04199909 0)
(0.3865259326 0.04199909 0)
(0.4006312232 0.04199909 0)
(0.4147365137 0.04199909 0)
(0.4288418042 0.04199909 0)
(0.4429470947 0.04199909 0)
(0.4570523853 0.04199909 0)
(0.4711576758 0.04199909 0)
(0.4852629663 0.04199909 0)
(0.4993682568 0.04199909 0)
(0.5134735474 0.04199909 0)
(0.5275788379 0.04199909 0)
(0.5416841284 0.04199909 0)
(0.5557894189 0.04199909 0)
(0.5698947095 0.04199909 0)
(0.584 0.04199909 0)
(0.31599948 0.04799896 0)
(0.3301047705 0.04799896 0)
(0.3442100611 0.04799896 0)
(0.3583153516 0.04799896 0)
(0.3724206421 0.04799896 0)
(0.3865259326 0.04799896 0)
(0.4006312232 0.04799896 0)
(0.4147365137 0.04799896 0)
(0.4288418042 0.04799896 0)
(0.4429470947 0.04799896 0)
(0.4570523853 0.04799896 0)
(0.4711576758 0.04799896 0)
(0.4852629663 0.04799896 0)
(0.4993682568 0.04799896 0)
(0.5134735474 0.04799896 0)
(0.5275788379 0.04799896 0)
(0.5416841284 0.04799896 0)
(0.5557894189 0.04799896 0)
(0.5698947095 0.04799896 0)
(0.584 0.04799896 0)
(0.31599948 0 0.0146)
(0.3301047705 0 0.0146)
(0.3442100611 0 0.0146)
(0.3583153516 0 0.0146)
(0.3724206421 0 0.0146)
(0.3865259326 0 0.0146)
(0.4006312232 0 0.0146)
(0.4147365137 0 0.0146)
(0.4288418042 0 0.0146)
(0.4429470947 0 0.0146)
(0.4570523853 0 0.0146)
(0.4711576758 0 0.0146)
(0.4852629663 0 0.0146)
(0.4993682568 0 0.0146)
(0.5134735474 0 0.0146)
(0.5275788379 0 0.0146)
(0.5416841284 0 0.0146)
(0.5557894189 0 0.0146)
(0.5698947095 0 0.0146)
(0.584 0 0.0146)
(0.31599948 0.00599987 0.0146)
(0.3301047705 0.00599987 0.0146)
(0.3442100611 0.00599987 0.0146)
(0.3583153516 0.00599987 0.0146)
(0.3724206421 0.00599987 0.0146)
(0.3865259326 0.00599987 0.0146)
(0.4006312232 0.00599987 0.0146)
(0.4147365137 0.00599987 0.0146)
(0.4288418042 0.00599987 0.0146)
(0.4429470947 0.00599987 0.0146)
(0.4570523853 0.00599987 0.0146)
(0.4711576758 0.00599987 0.0146)
(0.4852629663 0.00599987 0.0146)
(0.4993682568 0.00599987 0.0146)
(0.5134735474 0.00599987 0.0146)
(0.5275788379 0.00599987 0.0146)
(0.5416841284 0.00599987 0.0146)
(0.5557894189 0.00599987 0.0146)
(0.5698947095 0.00599987 0.0146)
(0.584 0.00599987 0.0146)
(0.31599948 0.01199974 0.0146)
(0.3301047705 0.01199974 0.0146)
(0.3442100611 0.01199974 0.0146)
(0.3583153516 0.01199974 0.0146)
(0.3724206421 0.01199974 0.0146)
(0.3865259326 0.01199974 0.0146)
(0.4006312232 0.01199974 0.0146)
(0.4147365137 0.01199974 0.0146)
(0.4288418042 0.01199974 0.0146)
(0.4429470947 0.01199974 0.0146)
(0.4570523853 0.01199974 0.0146)
(0.4711576758 0.01199974 0.0146)
(0.4852629663 0.01199974 0.0146)
(0.4993682568 0.01199974 0.0146)
(0.5134735474 0.01199974 0.0146)
(0.5275788379 0.01199974 0.0146)
(0.5416841284 0.01199974 0.0146)
(0.5557894189 0.01199974 0.0146)
(0.5698947095 0.01199974 0.0146)
(0.584 0.01199974 0.0146)
(0.31599948 0.01799961 0.0146)
(0.3301047705 0.01799961 0.0146)
(0.3442100611 0.01799961 0.0146)
(0.3583153516 0.01799961 0.0146)
(0.3724206421 0.01799961 0.0146)
(0.3865259326 0.01799961 0.0146)
(0.4006312232 0.01799961 0.0146)
(0.4147365137 0.01799961 0.0146)
(0.4288418042 0.01799961 0.0146)
(0.4429470947 0.01799961 0.0146)
(0.4570523853 0.01799961 0.0146)
(0.4711576758 0.01799961 0.0146)
(0.4852629663 0.01799961 0.0146)
(0.4993682568 0.01799961 0.0146)
(0.5134735474 0.01799961 0.0146)
(0.5275788379 0.01799961 0.0146)
(0.5416841284 0.01799961 0.0146)
(0.5557894189 0.01799961 0.0146)
(0.5698947095 0.01799961 0.0146)
(0.584 0.01799961 0.0146)
(0.31599948 0.02399948 0.0146)
(0.3301047705 0.02399948 0.0146)
(0.3442100611 0.02399948 0.0146)
(0.3583153516 0.02399948 0.0146)
(0.3724206421 0.02399948 0.0146)
(0.3865259326 0.02399948 0.0146)
(0.4006312232 0.02399948 0.0146)
(0.4147365137 0.02399948 0.0146)
(0.4288418042 0.02399948 0.0146)
(0.4429470947 0.02399948 0.0146)
(0.4570523853 0.02399948 0.0146)
(0.4711576758 0.02399948 0.0146)
(0.4852629663 0.02399948 0.0146)
(0.4993682568 0.02399948 0.0146)
(0.5134735474 0.02399948 0.0146)
(0.5275788379 0.02399948 0.0146)
(0.5416841284 0.02399948 0.0146)
(0.5557894189 0.02399948 0.0146)
(0.5698947095 0.02399948 0.0146)
(0.584 0.02399948 0.0146)
(0.31599948 0.02999935 0.0146)
(0.3301047705 0.02999935 0.0146)
(0.3442100611 0.02999935 0.0146)
(0.3583153516 0.02999935 0.0146)
(0.3724206421 0.02999935 0.0146)
(0.3865259326 0.02999935 0.0146)
(0.4006312232 0.02999935 0.0146)
(0.4147365137 0.02999935 0.0146)
(0.4288418042 0.02999935 0.0146)
(0.4429470947 0.02999935 0.0146)
(0.4570523853 0.02999935 0.0146)
(0.4711576758 0.02999935 0.0146)
(0.4852629663 0.02999935 0.0146)
(0.4993682568 0.02999935 0.0146)
(0.5134735474 0.02999935 0.0146)
(0.5275788379 0.02999935 0.0146)
(0.5416841284 0.02999935 0.0146)
(0.5557894189 0.02999935 0.0146)
(0.5698947095 0.02999935 0.0146)
(0.584 0.02999935 0.0146)
(0.31599948 0.03599922 0.0146)
(0.3301047705 0.03599922 0.0146)
(0.3442100611 0.03599922 0.0146)
(0.3583153516 0.03599922 0.0146)
(0.3724206421 0.03599922 0.0146)
(0.3865259326 0.03599922 0.0146)
(0.4006312232 0.03599922 0.0146)
(0.4147365137 0.03599922 0.0146)
(0.4288418042 0.03599922 0.0146)
(0.4429470947 0.03599922 0.0146)
(0.4570523853 0.03599922 0.0146)
(0.4711576758 0.03599922 0.0146)
(0.4852629663 0.03599922 0.0146)
(0.4993682568 0.03599922 0.0146)
(0.5134735474 0.03599922 0.0146)
(0.5275788379 0.03599922 0.0146)
(0.5416841284 0.03599922 0.0146)
(0.5557894189 0.03599922 0.0146)
(0.5698947095 0.03599922 0.0146)
(0.584 0.03599922 0.0146)
(0.31599948 0.04199909 0.0146)
(0.3301047705 0.04199909 0.0146)
(0.3442100611 0.04199909 0.0146)
(0.3583153516 0.04199909 0.0146)
(0.3724206421 0.04199909 0.0146)
(0.3865259326 0.04199909 0.0146)
(0.4006312232 0.04199909 0.0146)
(0.4147365137 0.04199909 0.0146)
(0.4288418042 0.04199909 0.0146)
(0.4429470947 0.04199909 0.0146)
(0.4570523853 0.04199909 0.0146)
(0.4711576758 0.04199909 0.0146)
(0.4852629663 0.04199909 0.0146)
(0.4993682568 0.04199909 0.0146)
(0.5134735474 0.04199909 0.0146)
(0.5275788379 0.04199909 0.0146)
(0.5416841284 0.04199909 0.0146)
(0.5557894189 0.04199909 0.0146)
(0.5698947095 0.04199909 0.0146)
(0.584 0.04199909 0.0146)
(0.31599948 0.04799896 0.0146)
(0.3301047705 0.04799896 0.0146)
(0.3442100611 0.04799896 0.0146)
(0.3583153516 0.04799896 0.0146)
(0.3724206421 0.04799896 0.0146)
(0.3865259326 0.04799896 0.0146)
(0.4006312232 0.04799896 0.0146)
(0.4147365137 0.04799896 0.0146)
(0.4288418042 0.04799896 0.0146)
(0.4429470947 0.04799896 0.0146)
(0.4570523853 0.04799896 0.0146)
(0.4711576758 0.04799896 0.0146)
(0.4852629663 0.04799896 0.0146)
(0.4993682568 0.04799896 0.0146)
(0.5134735474 0.04799896 0.0146)
(0.5275788379 0.04799896 0.0146)
(0.5416841284 0.04799896 0.0146)
(0.5557894189 0.04799896 0.0146)
(0.5698947095 0.04799896 0.0146)
(0.584 0.04799896 0.0146)
(0.2793043478 0.06076088952 0)
(0.292 0.06076088952 0)
(0.2793043478 0.07352281905 0)
(0.292 0.07352281905 0)
(0.2793043478 0.08628474857 0)
(0.292 0.08628474857 0)
(0.2793043478 0.0990466781 0)
(0.292 0.0990466781 0)
(0.2793043478 0.1118086076 0)
(0.292 0.1118086076 0)
(0.2793043478 0.1245705371 0)
(0.292 0.1245705371 0)
(0.2793043478 0.1373324667 0)
(0.292 0.1373324667 0)
(0.2793043478 0.1500943962 0)
(0.292 0.1500943962 0)
(0.292 0.1628563257 0)
(0.292 0.1756182552 0)
(0.292 0.1883801848 0)
(0.292 0.2011421143 0)
(0.292 0.2139040438 0)
(0.292 0.2266659733 0)
(0.292 0.2394279029 0)
(0.292 0.2521898324 0)
(0.292 0.2649517619 0)
(0.2793043478 0.06076088952 0.0146)
(0.292 0.06076088952 0.0146)
(0.2793043478 0.07352281905 0.0146)
(0.292 0.07352281905 0.0146)
(0.2793043478 0.08628474857 0.0146)
(0.292 0.08628474857 0.0146)
(0.2793043478 0.0990466781 0.0146)
(0.292 0.0990466781 0.0146)
(0.2793043478 0.1118086076 0.0146)
(0.292 0.1118086076 0.0146)
(0.2793043478 0.1245705371 0.0146)
(0.292 0.1245705371 0.0146)
(0.2793043478 0.1373324667 0.0146)
(0.292 0.1373324667 0.0146)
(0.2793043478 0.1500943962 0.0146)
(0.292 0.1500943962 0.0146)
(0.292 0.1628563257 0.0146)
(0.292 0.1756182552 0.0146)
(0.292 0.1883801848 0.0146)
(0.292 0.2011421143 0.0146)
(0.292 0.2139040438 0.0146)
(0.292 0.2266659733 0.0146)
(0.292 0.2394279029 0.0146)
(0.292 0.2521898324 0.0146)
(0.292 0.2649517619 0.0146)
(0.29799987 0.04799896 0)
(0.30399974 0.04799896 0)
(0.30999961 0.04799896 0)
(0.29799987 0.06076088952 0)
(0.30399974 0.06076088952 0)
(0.30999961 0.06076088952 0)
(0.31599948 0.06076088952 0)
(0.29799987 0.07352281905 0)
(0.30399974 0.07352281905 0)
(0.30999961 0.07352281905 0)
(0.31599948 0.07352281905 0)
(0.29799987 0.08628474857 0)
(0.30399974 0.08628474857 0)
(0.30999961 0.08628474857 0)
(0.31599948 0.08628474857 0)
(0.29799987 0.0990466781 0)
(0.30399974 0.0990466781 0)
(0.30999961 0.0990466781 0)
(0.31599948 0.0990466781 0)
(0.29799987 0.1118086076 0)
(0.30399974 0.1118086076 0)
(0.30999961 0.1118086076 0)
(0.31599948 0.1118086076 0)
(0.29799987 0.1245705371 0)
(0.30399974 0.1245705371 0)
(0.30999961 0.1245705371 0)
(0.31599948 0.1245705371 0)
(0.29799987 0.1373324667 0)
(0.30399974 0.1373324667 0)
(0.30999961 0.1373324667 0)
(0.31599948 0.1373324667 0)
(0.29799987 0.1500943962 0)
(0.30399974 0.1500943962 0)
(0.30999961 0.1500943962 0)
(0.31599948 0.1500943962 0)
(0.29799987 0.1628563257 0)
(0.30399974 0.1628563257 0)
(0.30999961 0.1628563257 0)
(0.31599948 0.1628563257 0)
(0.29799987 0.1756182552 0)
(0.30399974 0.1756182552 0)
(0.30999961 0.1756182552 0)
(0.31599948 0.1756182552 0)
(0.29799987 0.1883801848 0)
(0.30399974 0.1883801848 0)
(0.30999961 0.1883801848 0)
(0.31599948 0.1883801848 0)
(0.29799987 0.2011421143 0)
(0.30399974 0.2011421143 0)
(0.30999961 0.2011421143 0)
(0.31599948 0.2011421143 0)
(0.29799987 0.2139040438 0)
(0.30399974 0.2139040438 0)
(0.30999961 0.2139040438 0)
(0.31599948 0.2139040438 0)
(0.29799987 0.2266659733 0)
(0.30399974 0.2266659733 0)
(0.30999961 0.2266659733 0)
(0.31599948 0.2266659733 0)
(0.29799987 0.2394279029 0)
(0.30399974 0.2394279029 0)
(0.30999961 0.2394279029 0)
(0.31599948 0.2394279029 0)
(0.29799987 0.2521898324 0)
(0.30399974 0.2521898324 0)
(0.30999961 0.2521898324 0)
(0.31599948 0.2521898324 0)
(0.29799987 0.2649517619 0)
(0.30399974 0.2649517619 0)
(0.30999961 0.2649517619 0)
(0.31599948 0.2649517619 0)
(0.29799987 0.04799896 0.0146)
(0.30399974 0.04799896 0.0146)
(0.30999961 0.04799896 0.0146)
(0.29799987 0.06076088952 0.0146)
(0.30399974 0.06076088952 0.0146)
(0.30999961 0.06076088952 0.0146)
(0.31599948 0.06076088952 0.0146)
(0.29799987 0.07352281905 0.0146)
(0.30399974 0.07352281905 0.0146)
(0.30999961 0.07352281905 0.0146)
(0.31599948 0.07352281905 0.0146)
(0.29799987 0.08628474857 0.0146)
(0.30399974 0.08628474857 0.0146)
(0.30999961 0.08628474857 0.0146)
(0.31599948 0.08628474857 0.0146)
(0.29799987 0.0990466781 0.0146)
(0.30399974 0.0990466781 0.0146)
(0.30999961 0.0990466781 0.0146)
(0.31599948 0.0990466781 0.0146)
(0.29799987 0.1118086076 0.0146)
(0.30399974 0.1118086076 0.0146)
(0.30999961 0.1118086076 0.0146)
(0.31599948 0.1118086076 0.0146)
(0.29799987 0.1245705371 0.0146)
(0.30399974 0.1245705371 0.0146)
(0.30999961 0.1245705371 0.0146)
(0.31599948 0.1245705371 0.0146)
(0.29799987 0.1373324667 0.0146)
(0.30399974 0.1373324667 0.0146)
(0.30999961 0.1373324667 0.0146)
(0.31599948 0.1373324667 0.0146)
(0.29799987 0.1500943962 0.0146)
(0.30399974 0.1500943962 0.0146)
(0.30999961 0.1500943962 0.0146)
(0.31599948 0.1500943962 0.0146)
(0.29799987 0.1628563257 0.0146)
(0.30399974 0.1628563257 0.0146)
(0.30999961 0.1628563257 0.0146)
(0.31599948 0.1628563257 0.0146)
(0.29799987 0.1756182552 0.0146)
(0.30399974 0.1756182552 0.0146)
(0.30999961 0.1756182552 0.0146)
(0.31599948 0.1756182552 0.0146)
(0.29799987 0.1883801848 0.0146)
(0.30399974 0.1883801848 0.0146)
(0.30999961 0.1883801848 0.0146)
(0.31599948 0.1883801848 0.0146)
(0.29799987 0.2011421143 0.0146)
(0.30399974 0.2011421143 0.0146)
(0.30999961 0.2011421143 0.0146)
(0.31599948 0.2011421143 0.0146)
(0.29799987 0.2139040438 0.0146)
(0.30399974 0.2139040438 0.0146)
(0.30999961 0.2139040438 0.0146)
(0.31599948 0.2139040438 0.0146)
(0.29799987 0.2266659733 0.0146)
(0.30399974 0.2266659733 0.0146)
(0.30999961 0.2266659733 0.0146)
(0.31599948 0.2266659733 0.0146)
(0.29799987 0.2394279029 0.0146)
(0.30399974 0.2394279029 0.0146)
(0.30999961 0.2394279029 0.0146)
(0.31599948 0.2394279029 0.0146)
(0.29799987 0.2521898324 0.0146)
(0.30399974 0.2521898324 0.0146)
(0.30999961 0.2521898324 0.0146)
(0.31599948 0.2521898324 0.0146)
(0.29799987 0.2649517619 0.0146)
(0.30399974 0.2649517619 0.0146)
(0.30999961 0.2649517619 0.0146)
(0.31599948 0.2649517619 0.0146)
(0.3301047705 0.06076088952 0)
(0.3442100611 0.06076088952 0)
(0.3583153516 0.06076088952 0)
(0.3724206421 0.06076088952 0)
(0.3865259326 0.06076088952 0)
(0.4006312232 0.06076088952 0)
(0.4147365137 0.06076088952 0)
(0.4288418042 0.06076088952 0)
(0.4429470947 0.06076088952 0)
(0.4570523853 0.06076088952 0)
(0.4711576758 0.06076088952 0)
(0.4852629663 0.06076088952 0)
(0.4993682568 0.06076088952 0)
(0.5134735474 0.06076088952 0)
(0.5275788379 0.06076088952 0)
(0.5416841284 0.06076088952 0)
(0.5557894189 0.06076088952 0)
(0.5698947095 0.06076088952 0)
(0.584 0.06076088952 0)
(0.3301047705 0.07352281905 0)
(0.3442100611 0.07352281905 0)
(0.3583153516 0.07352281905 0)
(0.3724206421 0.07352281905 0)
(0.3865259326 0.07352281905 0)
(0.4006312232 0.07352281905 0)
(0.4147365137 0.07352281905 0)
(0.4288418042 0.07352281905 0)
(0.4429470947 0.07352281905 0)
(0.4570523853 0.07352281905 0)
(0.4711576758 0.07352281905 0)
(0.4852629663 0.07352281905 0)
(0.4993682568 0.07352281905 0)
(0.5134735474 0.07352281905 0)
(0.5275788379 0.07352281905 0)
(0.5416841284 0.07352281905 0)
(0.5557894189 0.07352281905 0)
(0.5698947095 0.07352281905 0)
(0.584 0.07352281905 0)
(0.3301047705 0.08628474857 0)
(0.3442100611 0.08628474857 0)
(0.3583153516 0.08628474857 0)
(0.3724206421 0.08628474857 0)
(0.3865259326 0.08628474857 0)
(0.4006312232 0.08628474857 0)
(0.4147365137 0.08628474857 0)
(0.4288418042 0.08628474857 0)
(0.4429470947 0.08628474857 0)
(0.4570523853 0.08628474857 0)
(0.4711576758 0.08628474857 0)
(0.4852629663 0.08628474857 0)
(0.4993682568 0.08628474857 0)
(0.5134735474 0.08628474857 0)
(0.5275788379 0.08628474857 0)
(0.5416841284 0.08628474857 0)
(0.5557894189 0.08628474857 0)
(0.5698947095 0.08628474857 0)
(0.584 0.08628474857 0)
(0.3301047705 0.0990466781 0)
(0.3442100611 0.0990466781 0)
(0.3583153516 0.0990466781 0)
(0.3724206421 0.0990466781 0)
(0.3865259326 0.0990466781 0)
(0.4006312232 0.0990466781 0)
(0.4147365137 0.0990466781 0)
(0.4288418042 0.0990466781 0)
(0.4429470947 0.0990466781 0)
(0.4570523853 0.0990466781 0)
(0.4711576758 0.0990466781 0)
(0.4852629663 0.0990466781 0)
(0.4993682568 0.0990466781 0)
(0.5134735474 0.0990466781 0)
(0.5275788379 0.0990466781 0)
(0.5416841284 0.0990466781 0)
(0.5557894189 0.0990466781 0)
(0.5698947095 0.0990466781 0)
(0.584 0.0990466781 0)
(0.3301047705 0.1118086076 0)
(0.3442100611 0.1118086076 0)
(0.3583153516 0.1118086076 0)
(0.3724206421 0.1118086076 0)
(0.3865259326 0.1118086076 0)
(0.4006312232 0.1118086076 0)
(0.4147365137 0.1118086076 0)
(0.4288418042 0.1118086076 0)
(0.4429470947 0.1118086076 0)
(0.4570523853 0.1118086076 0)
(0.4711576758 0.1118086076 0)
(0.4852629663 0.1118086076 0)
(0.4993682568 0.1118086076 0)
(0.5134735474 0.1118086076 0)
(0.5275788379 0.1118086076 0)
(0.5416841284 0.1118086076 0)
(0.5557894189 0.1118086076 0)
(0.5698947095 0.1118086076 0)
(0.584 0.1118086076 0)
(0.3301047705 0.1245705371 0)
(0.3442100611 0.1245705371 0)
(0.3583153516 0.1245705371 0)
(0.3724206421 0.1245705371 0)
(0.3865259326 0.1245705371 0)
(0.4006312232 0.1245705371 0)
(0.4147365137 0.1245705371 0)
(0.4288418042 0.1245705371 0)
(0.4429470947 0.1245705371 0)
(0.4570523853 0.1245705371 0)
(0.4711576758 0.1245705371 0)
(0.4852629663 0.1245705371 0)
(0.4993682568 0.1245705371 0)
(0.5134735474 0.1245705371 0)
(0.5275788379 0.1245705371 0)
(0.5416841284 0.1245705371 0)
(0.5557894189 0.1245705371 0)
(0.5698947095 0.1245705371 0)
(0.584 0.1245705371 0)
(0.3301047705 0.1373324667 0)
(0.3442100611 0.1373324667 0)
(0.3583153516 0.1373324667 0)
(0.3724206421 0.1373324667 0)
(0.3865259326 0.1373324667 0)
(0.4006312232 0.1373324667 0)
(0.4147365137 0.1373324667 0)
(0.4288418042 0.1373324667 0)
(0.4429470947 0.1373324667 0)
(0.4570523853 0.1373324667 0)
(0.4711576758 0.1373324667 0)
(0.4852629663 0.1373324667 0)
(0.4993682568 0.1373324667 0)
(0.5134735474 0.1373324667 0)
(0.5275788379 0.1373324667 0)
(0.5416841284 0.1373324667 0)
(0.5557894189 0.1373324667 0)
(0.5698947095 0.1373324667 0)
(0.584 0.1373324667 0)
(0.3301047705 0.1500943962 0)
(0.3442100611 0.1500943962 0)
(0.3583153516 0.1500943962 0)
(0.3724206421 0.1500943962 0)
(0.3865259326 0.1500943962 0)
(0.4006312232 0.1500943962 0)
(0.4147365137 0.1500943962 0)
(0.4288418042 0.1500943962 0)
(0.4429470947 0.1500943962 0)
(0.4570523853 0.1500943962 0)
(0.4711576758 0.1500943962 0)
(0.4852629663 0.1500943962 0)
(0.4993682568 0.1500943962 0)
(0.5134735474 0.1500943962 0)
(0.5275788379 0.1500943962 0)
(0.5416841284 0.1500943962 0)
(0.5557894189 0.1500943962 0)
(0.5698947095 0.1500943962 0)
(0.584 0.1500943962 0)
(0.3301047705 0.1628563257 0)
(0.3442100611 0.1628563257 0)
(0.3583153516 0.1628563257 0)
(0.3724206421 0.1628563257 0)
(0.3865259326 0.1628563257 0)
(0.4006312232 0.1628563257 0)
(0.4147365137 0.1628563257 0)
(0.4288418042 0.1628563257 0)
(0.4429470947 0.1628563257 0)
(0.4570523853 0.1628563257 0)
(0.4711576758 0.1628563257 0)
(0.4852629663 0.1628563257 0)
(0.4993682568 0.1628563257 0)
(0.5134735474 0.1628563257 0)
(0.5275788379 0.1628563257 0)
(0.5416841284 0.1628563257 0)
(0.5557894189 0.1628563257 0)
(0.5698947095 0.1628563257 0)
(0.584 0.1628563257 0)
(0.3301047705 0.1756182552 0)
(0.3442100611 0.1756182552 0)
(0.3583153516 0.1756182552 0)
(0.3724206421 0.1756182552 0)
(0.3865259326 0.1756182552 0)
(0.4006312232 0.1756182552 0)
(0.4147365137 0.1756182552 0)
(0.4288418042 0.1756182552 0)
(0.4429470947 0.1756182552 0)
(0.4570523853 0.1756182552 0)
(0.4711576758 0.1756182552 0)
(0.4852629663 0.1756182552 0)
(0.4993682568 0.1756182552 0)
(0.5134735474 0.1756182552 0)
(0.5275788379 0.1756182552 0)
(0.5416841284 0.1756182552 0)
(0.5557894189 0.1756182552 0)
(0.5698947095 0.1756182552 0)
(0.584 0.1756182552 0)
(0.3301047705 0.1883801848 0)
(0.3442100611 0.1883801848 0)
(0.3583153516 0.1883801848 0)
(0.3724206421 0.1883801848 0)
(0.3865259326 0.1883801848 0)
(0.4006312232 0.1883801848 0)
(0.4147365137 0.1883801848 0)
(0.4288418042 0.1883801848 0)
(0.4429470947 0.1883801848 0)
(0.4570523853 0.1883801848 0)
(0.4711576758 0.1883801848 0)
(0.4852629663 0.1883801848 0)
(0.4993682568 0.1883801848 0)
(0.5134735474 0.1883801848 0)
(0.5275788379 0.1883801848 0)
(0.5416841284 0.1883801848 0)
(0.5557894189 0.1883801848 0)
(0.5698947095 0.1883801848 0)
(0.584 0.1883801848 0)
(0.3301047705 0.2011421143 0)
(0.3442100611 0.2011421143 0)
(0.3583153516 0.2011421143 0)
(0.3724206421 0.2011421143 0)
(0.3865259326 0.2011421143 0)
(0.4006312232 0.2011421143 0)
(0.4147365137 0.2011421143 0)
(0.4288418042 0.2011421143 0)
(0.4429470947 0.2011421143 0)
(0.4570523853 0.2011421143 0)
(0.4711576758 0.2011421143 0)
(0.4852629663 0.2011421143 0)
(0.4993682568 0.2011421143 0)
(0.5134735474 0.2011421143 0)
(0.5275788379 0.2011421143 0)
(0.5416841284 0.2011421143 0)
(0.5557894189 0.2011421143 0)
(0.5698947095 0.2011421143 0)
(0.584 0.2011421143 0)
(0.3301047705 0.2139040438 0)
(0.3442100611 0.2139040438 0)
(0.3583153516 0.2139040438 0)
(0.3724206421 0.2139040438 0)
(0.3865259326 0.2139040438 0)
(0.4006312232 0.2139040438 0)
(0.4147365137 0.2139040438 0)
(0.4288418042 0.2139040438 0)
(0.4429470947 0.2139040438 0)
(0.4570523853 0.2139040438 0)
(0.4711576758 0.2139040438 0)
(0.4852629663 0.2139040438 0)
(0.4993682568 0.2139040438 0)
(0.5134735474 0.2139040438 0)
(0.5275788379 0.2139040438 0)
(0.5416841284 0.2139040438 0)
(0.5557894189 0.2139040438 0)
(0.5698947095 0.2139040438 0)
(0.584 0.2139040438 0)
(0.3301047705 0.2266659733 0)
(0.3442100611 0.2266659733 0)
(0.3583153516 0.2266659733 0)
(0.3724206421 0.2266659733 0)
(0.3865259326 0.2266659733 0)
(0.4006312232 0.2266659733 0)
(0.4147365137 0.2266659733 0)
(0.4288418042 0.2266659733 0)
(0.4429470947 0.2266659733 0)
(0.4570523853 0.2266659733 0)
(0.4711576758 0.2266659733 0)
(0.4852629663 0.2266659733 0)
(0.4993682568 0.2266659733 0)
(0.5134735474 0.2266659733 0)
(0.5275788379 0.2266659733 0)
(0.5416841284 0.2266659733 0)
(0.5557894189 0.2266659733 0)
(0.5698947095 0.2266659733 0)
(0.584 0.2266659733 0)
(0.3301047705 0.2394279029 0)
(0.3442100611 0.2394279029 0)
(0.3583153516 0.2394279029 0)
(0.3724206421 0.2394279029 0)
(0.3865259326 0.2394279029 0)
(0.4006312232 0.2394279029 0)
(0.4147365137 0.2394279029 0)
(0.4288418042 0.2394279029 0)
(0.4429470947 0.2394279029 0)
(0.4570523853 0.2394279029 0)
(0.4711576758 0.2394279029 0)
(0.4852629663 0.2394279029 0)
(0.4993682568 0.2394279029 0)
(0.5134735474 0.2394279029 0)
(0.5275788379 0.2394279029 0)
(0.5416841284 0.2394279029 0)
(0.5557894189 0.2394279029 0)
(0.5698947095 0.2394279029 0)
(0.584 0.2394279029 0)
(0.3301047705 0.2521898324 0)
(0.3442100611 0.2521898324 0)
(0.3583153516 0.2521898324 0)
(0.3724206421 0.2521898324 0)
(0.3865259326 0.2521898324 0)
(0.4006312232 0.2521898324 0)
(0.4147365137 0.2521898324 0)
(0.4288418042 0.2521898324 0)
(0.4429470947 0.2521898324 0)
(0.4570523853 0.2521898324 0)
(0.4711576758 0.2521898324 0)
(0.4852629663 0.2521898324 0)
(0.4993682568 0.2521898324 0)
(0.5134735474 0.2521898324 0)
(0.5275788379 0.2521898324 0)
(0.5416841284 0.2521898324 0)
(0.5557894189 0.2521898324 0)
(0.5698947095 0.2521898324 0)
(0.584 0.2521898324 0)
(0.3301047705 0.2649517619 0)
(0.3442100611 0.2649517619 0)
(0.3583153516 0.2649517619 0)
(0.3724206421 0.2649517619 0)
(0.3865259326 0.2649517619 0)
(0.4006312232 0.2649517619 0)
(0.4147365137 0.2649517619 0)
(0.4288418042 0.2649517619 0)
(0.4429470947 0.2649517619 0)
(0.4570523853 0.2649517619 0)
(0.4711576758 0.2649517619 0)
(0.4852629663 0.2649517619 0)
(0.4993682568 0.2649517619 0)
(0.5134735474 0.2649517619 0)
(0.5275788379 0.2649517619 0)
(0.5416841284 0.2649517619 0)
(0.5557894189 0.2649517619 0)
(0.5698947095 0.2649517619 0)
(0.584 0.2649517619 0)
(0.3301047705 0.06076088952 0.0146)
(0.3442100611 0.06076088952 0.0146)
(0.3583153516 0.06076088952 0.0146)
(0.3724206421 0.06076088952 0.0146)
(0.3865259326 0.06076088952 0.0146)
(0.4006312232 0.06076088952 0.0146)
(0.4147365137 0.06076088952 0.0146)
(0.4288418042 0.06076088952 0.0146)
(0.4429470947 0.06076088952 0.0146)
(0.4570523853 0.06076088952 0.0146)
(0.4711576758 0.06076088952 0.0146)
(0.4852629663 0.06076088952 0.0146)
(0.4993682568 0.06076088952 0.0146)
(0.5134735474 0.06076088952 0.0146)
(0.5275788379 0.06076088952 0.0146)
(0.5416841284 0.06076088952 0.0146)
(0.5557894189 0.06076088952 0.0146)
(0.5698947095 0.06076088952 0.0146)
(0.584 0.06076088952 0.0146)
(0.3301047705 0.07352281905 0.0146)
(0.3442100611 0.07352281905 0.0146)
(0.3583153516 0.07352281905 0.0146)
(0.3724206421 0.07352281905 0.0146)
(0.3865259326 0.07352281905 0.0146)
(0.4006312232 0.07352281905 0.0146)
(0.4147365137 0.07352281905 0.0146)
(0.4288418042 0.07352281905 0.0146)
(0.4429470947 0.07352281905 0.0146)
(0.4570523853 0.07352281905 0.0146)
(0.4711576758 0.07352281905 0.0146)
(0.4852629663 0.07352281905 0.0146)
(0.4993682568 0.07352281905 0.0146)
(0.5134735474 0.07352281905 0.0146)
(0.5275788379 0.07352281905 0.0146)
(0.5416841284 0.07352281905 0.0146)
(0.5557894189 0.07352281905 0.0146)
(0.5698947095 0.07352281905 0.0146)
(0.584 0.07352281905 0.0146)
(0.3301047705 0.08628474857 0.0146)
(0.3442100611 0.08628474857 0.0146)
(0.3583153516 0.08628474857 0.0146)
(0.3724206421 0.08628474857 0.0146)
(0.3865259326 0.08628474857 0.0146)
(0.4006312232 0.08628474857 0.0146)
(0.4147365137 0.08628474857 0.0146)
(0.4288418042 0.08628474857 0.0146)
(0.4429470947 0.08628474857 0.0146)
(0.4570523853 0.08628474857 0.0146)
(0.4711576758 0.08628474857 0.0146)
(0.4852629663 0.08628474857 0.0146)
(0.4993682568 0.08628474857 0.0146)
(0.5134735474 0.08628474857 0.0146)
(0.5275788379 0.08628474857 0.0146)
(0.5416841284 0.08628474857 0.0146)
(0.5557894189 0.08628474857 0.0146)
(0.5698947095 0.08628474857 0.0146)
(0.584 0.08628474857 0.0146)
(0.3301047705 0.0990466781 0.0146)
(0.3442100611 0.0990466781 0.0146)
(0.3583153516 0.0990466781 0.0146)
(0.3724206421 0.0990466781 0.0146)
(0.3865259326 0.0990466781 0.0146)
(0.4006312232 0.0990466781 0.0146)
(0.4147365137 0.0990466781 0.0146)
(0.4288418042 0.0990466781 0.0146)
(0.4429470947 0.0990466781 0.0146)
(0.4570523853 0.0990466781 0.0146)
(0.4711576758 0.0990466781 0.0146)
(0.4852629663 0.0990466781 0.0146)
(0.4993682568 0.0990466781 0.0146)
(0.5134735474 0.0990466781 0.0146)
(0.5275788379 0.0990466781 0.0146)
(0.5416841284 0.0990466781 0.0146)
(0.5557894189 0.0990466781 0.0146)
(0.5698947095 0.0990466781 0.0146)
(0.584 0.0990466781 0.0146)
(0.3301047705 0.1118086076 0.0146)
(0.3442100611 0.1118086076 0.0146)
(0.3583153516 0.1118086076 0.0146)
(0.3724206421 0.1118086076 0.0146)
(0.3865259326 0.1118086076 0.0146)
(0.4006312232 0.1118086076 0.0146)
(0.4147365137 0.1118086076 0.0146)
(0.4288418042 0.1118086076 0.0146)
(0.4429470947 0.1118086076 0.0146)
(0.4570523853 0.1118086076 0.0146)
(0.4711576758 0.1118086076 0.0146)
(0.4852629663 0.1118086076 0.0146)
(0.4993682568 0.1118086076 0.0146)
(0.5134735474 0.1118086076 0.0146)
(0.5275788379 0.1118086076 0.0146)
(0.5416841284 0.1118086076 0.0146)
(0.5557894189 0.1118086076 0.0146)
(0.5698947095 0.1118086076 0.0146)
(0.584 0.1118086076 0.0146)
(0.3301047705 0.1245705371 0.0146)
(0.3442100611 0.1245705371 0.0146)
(0.3583153516 0.1245705371 0.0146)
(0.3724206421 0.1245705371 0.0146)
(0.3865259326 0.1245705371 0.0146)
(0.4006312232 0.1245705371 0.0146)
(0.4147365137 0.1245705371 0.0146)
(0.4288418042 0.1245705371 0.0146)
(0.4429470947 0.1245705371 0.0146)
(0.4570523853 0.1245705371 0.0146)
(0.4711576758 0.1245705371 0.0146)
(0.4852629663 0.1245705371 0.0146)
(0.4993682568 0.1245705371 0.0146)
(0.5134735474 0.1245705371 0.0146)
(0.5275788379 0.1245705371 0.0146)
(0.5416841284 0.1245705371 0.0146)
(0.5557894189 0.1245705371 0.0146)
(0.5698947095 0.1245705371 0.0146)
(0.584 0.1245705371 0.0146)
(0.3301047705 0.1373324667 0.0146)
(0.3442100611 0.1373324667 0.0146)
(0.3583153516 0.1373324667 0.0146)
(0.3724206421 0.1373324667 0.0146)
(0.3865259326 0.1373324667 0.0146)
(0.4006312232 0.1373324667 0.0146)
(0.4147365137 0.1373324667 0.0146)
(0.4288418042 0.1373324667 0.0146)
(0.4429470947 0.1373324667 0.0146)
(0.4570523853 0.1373324667 0.0146)
(0.4711576758 0.1373324667 0.0146)
(0.4852629663 0.1373324667 0.0146)
(0.4993682568 0.1373324667 0.0146)
(0.5134735474 0.1373324667 0.0146)
(0.5275788379 0.1373324667 0.0146)
(0.5416841284 0.1373324667 0.0146)
(0.5557894189 0.1373324667 0.0146)
(0.5698947095 0.1373324667 0.0146)
(0.584 0.1373324667 0.0146)
(0.3301047705 0.1500943962 0.0146)
(0.3442100611 0.1500943962 0.0146)
(0.3583153516 0.1500943962 0.0146)
(0.3724206421 0.1500943962 0.0146)
(0.3865259326 0.1500943962 0.0146)
(0.4006312232 0.1500943962 0.0146)
(0.4147365137 0.1500943962 0.0146)
(0.4288418042 0.1500943962 0.0146)
(0.4429470947 0.1500943962 0.0146)
(0.4570523853 0.1500943962 0.0146)
(0.4711576758 0.1500943962 0.0146)
(0.4852629663 0.1500943962 0.0146)
(0.4993682568 0.1500943962 0.0146)
(0.5134735474 0.1500943962 0.0146)
(0.5275788379 0.1500943962 0.0146)
(0.5416841284 0.1500943962 0.0146)
(0.5557894189 0.1500943962 0.0146)
(0.5698947095 0.1500943962 0.0146)
(0.584 0.1500943962 0.0146)
(0.3301047705 0.1628563257 0.0146)
(0.3442100611 0.1628563257 0.0146)
(0.3583153516 0.1628563257 0.0146)
(0.3724206421 0.1628563257 0.0146)
(0.3865259326 0.1628563257 0.0146)
(0.4006312232 0.1628563257 0.0146)
(0.4147365137 0.1628563257 0.0146)
(0.4288418042 0.1628563257 0.0146)
(0.4429470947 0.1628563257 0.0146)
(0.4570523853 0.1628563257 0.0146)
(0.4711576758 0.1628563257 0.0146)
(0.4852629663 0.1628563257 0.0146)
(0.4993682568 0.1628563257 0.0146)
(0.5134735474 0.1628563257 0.0146)
(0.5275788379 0.1628563257 0.0146)
(0.5416841284 0.1628563257 0.0146)
(0.5557894189 0.1628563257 0.0146)
(0.5698947095 0.1628563257 0.0146)
(0.584 0.1628563257 0.0146)
(0.3301047705 0.1756182552 0.0146)
(0.3442100611 0.1756182552 0.0146)
(0.3583153516 0.1756182552 0.0146)
(0.3724206421 0.1756182552 0.0146)
(0.3865259326 0.1756182552 0.0146)
(0.4006312232 0.1756182552 0.0146)
(0.4147365137 0.1756182552 0.0146)
(0.4288418042 0.1756182552 0.0146)
(0.4429470947 0.1756182552 0.0146)
(0.4570523853 0.1756182552 0.0146)
(0.4711576758 0.1756182552 0.0146)
(0.4852629663 0.1756182552 0.0146)
(0.4993682568 0.1756182552 0.0146)
(0.5134735474 0.1756182552 0.0146)
(0.5275788379 0.1756182552 0.0146)
(0.5416841284 0.1756182552 0.0146)
(0.5557894189 0.1756182552 0.0146)
(0.5698947095 0.1756182552 0.0146)
(0.584 0.1756182552 0.0146)
(0.3301047705 0.1883801848 0.0146)
(0.3442100611 0.1883801848 0.0146)
(0.3583153516 0.1883801848 0.0146)
(0.3724206421 0.1883801848 0.0146)
(0.3865259326 0.1883801848 0.0146)
(0.4006312232 0.1883801848 0.0146)
(0.4147365137 0.1883801848 0.0146)
(0.4288418042 0.1883801848 0.0146)
(0.4429470947 0.1883801848 0.0146)
(0.4570523853 0.1883801848 0.0146)
(0.4711576758 0.1883801848 0.0146)
(0.4852629663 0.1883801848 0.0146)
(0.4993682568 0.1883801848 0.0146)
(0.5134735474 0.1883801848 0.0146)
(0.5275788379 0.1883801848 0.0146)
(0.5416841284 0.1883801848 0.0146)
(0.5557894189 0.1883801848 0.0146)
(0.5698947095 0.1883801848 0.0146)
(0.584 0.1883801848 0.0146)
(0.3301047705 0.2011421143 0.0146)
(0.3442100611 0.2011421143 0.0146)
(0.3583153516 0.2011421143 0.0146)
(0.3724206421 0.2011421143 0.0146)
(0.3865259326 0.2011421143 0.0146)
(0.4006312232 0.2011421143 0.0146)
(0.4147365137 0.2011421143 0.0146)
(0.4288418042 0.2011421143 0.0146)
(0.4429470947 0.2011421143 0.0146)
(0.4570523853 0.2011421143 0.0146)
(0.4711576758 0.2011421143 0.0146)
(0.4852629663 0.2011421143 0.0146)
(0.4993682568 0.2011421143 0.0146)
(0.5134735474 0.2011421143 0.0146)
(0.5275788379 0.2011421143 0.0146)
(0.5416841284 0.2011421143 0.0146)
(0.5557894189 0.2011421143 0.0146)
(0.5698947095 0.2011421143 0.0146)
(0.584 0.2011421143 0.0146)
(0.3301047705 0.2139040438 0.0146)
(0.3442100611 0.2139040438 0.0146)
(0.3583153516 0.2139040438 0.0146)
(0.3724206421 0.2139040438 0.0146)
(0.3865259326 0.2139040438 0.0146)
(0.4006312232 0.2139040438 0.0146)
(0.4147365137 0.2139040438 0.0146)
(0.4288418042 0.2139040438 0.0146)
(0.4429470947 0.2139040438 0.0146)
(0.4570523853 0.2139040438 0.0146)
(0.4711576758 0.2139040438 0.0146)
(0.4852629663 0.2139040438 0.0146)
(0.4993682568 0.2139040438 0.0146)
(0.5134735474 0.2139040438 0.0146)
(0.5275788379 0.2139040438 0.0146)
(0.5416841284 0.2139040438 0.0146)
(0.5557894189 0.2139040438 0.0146)
(0.5698947095 0.2139040438 0.0146)
(0.584 0.2139040438 0.0146)
(0.3301047705 0.2266659733 0.0146)
(0.3442100611 0.2266659733 0.0146)
(0.3583153516 0.2266659733 0.0146)
(0.3724206421 0.2266659733 0.0146)
(0.3865259326 0.2266659733 0.0146)
(0.4006312232 0.2266659733 0.0146)
(0.4147365137 0.2266659733 0.0146)
(0.4288418042 0.2266659733 0.0146)
(0.4429470947 0.2266659733 0.0146)
(0.4570523853 0.2266659733 0.0146)
(0.4711576758 0.2266659733 0.0146)
(0.4852629663 0.2266659733 0.0146)
(0.4993682568 0.2266659733 0.0146)
(0.5134735474 0.2266659733 0.0146)
(0.5275788379 0.2266659733 0.0146)
(0.5416841284 0.2266659733 0.0146)
(0.5557894189 0.2266659733 0.0146)
(0.5698947095 0.2266659733 0.0146)
(0.584 0.2266659733 0.0146)
(0.3301047705 0.2394279029 0.0146)
(0.3442100611 0.2394279029 0.0146)
(0.3583153516 0.2394279029 0.0146)
(0.3724206421 0.2394279029 0.0146)
(0.3865259326 0.2394279029 0.0146)
(0.4006312232 0.2394279029 0.0146)
(0.4147365137 0.2394279029 0.0146)
(0.4288418042 0.2394279029 0.0146)
(0.4429470947 0.2394279029 0.0146)
(0.4570523853 0.2394279029 0.0146)
(0.4711576758 0.2394279029 0.0146)
(0.4852629663 0.2394279029 0.0146)
(0.4993682568 0.2394279029 0.0146)
(0.5134735474 0.2394279029 0.0146)
(0.5275788379 0.2394279029 0.0146)
(0.5416841284 0.2394279029 0.0146)
(0.5557894189 0.2394279029 0.0146)
(0.5698947095 0.2394279029 0.0146)
(0.584 0.2394279029 0.0146)
(0.3301047705 0.2521898324 0.0146)
(0.3442100611 0.2521898324 0.0146)
(0.3583153516 0.2521898324 0.0146)
(0.3724206421 0.2521898324 0.0146)
(0.3865259326 0.2521898324 0.0146)
(0.4006312232 0.2521898324 0.0146)
(0.4147365137 0.2521898324 0.0146)
(0.4288418042 0.2521898324 0.0146)
(0.4429470947 0.2521898324 0.0146)
(0.4570523853 0.2521898324 0.0146)
(0.4711576758 0.2521898324 0.0146)
(0.4852629663 0.2521898324 0.0146)
(0.4993682568 0.2521898324 0.0146)
(0.5134735474 0.2521898324 0.0146)
(0.5275788379 0.2521898324 0.0146)
(0.5416841284 0.2521898324 0.0146)
(0.5557894189 0.2521898324 0.0146)
(0.5698947095 0.2521898324 0.0146)
(0.584 0.2521898324 0.0146)
(0.3301047705 0.2649517619 0.0146)
(0.3442100611 0.2649517619 0.0146)
(0.3583153516 0.2649517619 0.0146)
(0.3724206421 0.2649517619 0.0146)
(0.3865259326 0.2649517619 0.0146)
(0.4006312232 0.2649517619 0.0146)
(0.4147365137 0.2649517619 0.0146)
(0.4288418042 0.2649517619 0.0146)
(0.4429470947 0.2649517619 0.0146)
(0.4570523853 0.2649517619 0.0146)
(0.4711576758 0.2649517619 0.0146)
(0.4852629663 0.2649517619 0.0146)
(0.4993682568 0.2649517619 0.0146)
(0.5134735474 0.2649517619 0.0146)
(0.5275788379 0.2649517619 0.0146)
(0.5416841284 0.2649517619 0.0146)
(0.5557894189 0.2649517619 0.0146)
(0.5698947095 0.2649517619 0.0146)
(0.584 0.2649517619 0.0146)
)


// ************************************************************************* //
