/*---------------------------------------------------------------------------*\
| =========                 |                                                 |
| \\      /  F ield         | OpenFOAM: The Open Source CFD Toolbox           |
|  \\    /   O peration     | Version:  1.3                                   |
|   \\  /    A nd           | Web:      http://www.openfoam.org               |
|    \\/     M anipulation  |                                                 |
\*---------------------------------------------------------------------------*/

FoamFile
{
    version 2.0;
    format ascii;

    root "/home/dm2/henry/OpenFOAM/OpenFOAM-1.2/tutorials/interFoam";
    case "damBreak/processor3";
    instance ""constant"";
    local "polyMesh";

    class cellList;
    object cells;
}

// * * * * * * * * * * * * * * * * * * * * * * * * * * * * * * * * * * * * * //


575
(
6(2325 1 1150 1250 2300 0)
6(2326 3 1175 1275 0 2)
6(2327 5 1200 1300 2 4)
6(2328 6 1225 1325 4 7)
6(1 9 1151 1251 2301 8)
6(3 11 1176 1276 8 10)
6(5 13 1201 1301 10 12)
6(6 14 1226 1326 12 15)
6(9 17 1152 1252 2302 16)
6(11 19 1177 1277 16 18)
6(13 21 1202 1302 18 20)
6(14 22 1227 1327 20 23)
6(17 25 1153 1253 2303 24)
6(19 27 1178 1278 24 26)
6(21 29 1203 1303 26 28)
6(22 30 1228 1328 28 31)
6(25 33 1154 1254 2304 32)
6(27 35 1179 1279 32 34)
6(29 37 1204 1304 34 36)
6(30 38 1229 1329 36 39)
6(33 41 1155 1255 2305 40)
6(35 43 1180 1280 40 42)
6(37 45 1205 1305 42 44)
6(38 46 1230 1330 44 47)
6(41 49 1156 1256 2306 48)
6(43 51 1181 1281 48 50)
6(45 53 1206 1306 50 52)
6(46 54 1231 1331 52 55)
6(49 57 1157 1257 2307 56)
6(51 59 1182 1282 56 58)
6(53 61 1207 1307 58 60)
6(54 62 1232 1332 60 63)
6(57 65 1158 1258 2308 64)
6(59 67 1183 1283 64 66)
6(61 69 1208 1308 66 68)
6(62 70 1233 1333 68 71)
6(65 73 1159 1259 2309 72)
6(67 75 1184 1284 72 74)
6(69 77 1209 1309 74 76)
6(70 78 1234 1334 76 79)
6(73 81 1160 1260 2310 80)
6(75 83 1185 1285 80 82)
6(77 85 1210 1310 82 84)
6(78 86 1235 1335 84 87)
6(81 89 1161 1261 2311 88)
6(83 91 1186 1286 88 90)
6(85 93 1211 1311 90 92)
6(86 94 1236 1336 92 95)
6(89 97 1162 1262 2312 96)
6(91 99 1187 1287 96 98)
6(93 101 1212 1312 98 100)
6(94 102 1237 1337 100 103)
6(97 105 1163 1263 2313 104)
6(99 107 1188 1288 104 106)
6(101 109 1213 1313 106 108)
6(102 110 1238 1338 108 111)
6(105 113 1164 1264 2314 112)
6(107 115 1189 1289 112 114)
6(109 117 1214 1314 114 116)
6(110 118 1239 1339 116 119)
6(113 121 1165 1265 2315 120)
6(115 123 1190 1290 120 122)
6(117 125 1215 1315 122 124)
6(118 126 1240 1340 124 127)
6(121 129 1166 1266 2316 128)
6(123 131 1191 1291 128 130)
6(125 133 1216 1316 130 132)
6(126 134 1241 1341 132 135)
6(129 137 1167 1267 2317 136)
6(131 139 1192 1292 136 138)
6(133 141 1217 1317 138 140)
6(134 142 1242 1342 140 143)
6(137 145 1168 1268 2318 144)
6(139 147 1193 1293 144 146)
6(141 149 1218 1318 146 148)
6(142 150 1243 1343 148 151)
6(145 153 1169 1269 2319 152)
6(147 155 1194 1294 152 154)
6(149 157 1219 1319 154 156)
6(150 158 1244 1344 156 159)
6(153 161 1170 1270 2320 160)
6(155 163 1195 1295 160 162)
6(157 165 1220 1320 162 164)
6(158 166 1245 1345 164 167)
6(161 169 1171 1271 2321 168)
6(163 171 1196 1296 168 170)
6(165 173 1221 1321 170 172)
6(166 174 1246 1346 172 175)
6(169 177 1172 1272 2322 176)
6(171 179 1197 1297 176 178)
6(173 181 1222 1322 178 180)
6(174 182 1247 1347 180 183)
6(177 185 1173 1273 2323 184)
6(179 187 1198 1298 184 186)
6(181 189 1223 1323 186 188)
6(182 190 1248 1348 188 191)
6(185 1127 1174 1274 2324 192)
6(187 1128 1199 1299 192 193)
6(189 1129 1224 1324 193 194)
6(190 1130 1249 1349 194 195)
6(2329 197 1350 1825 7 196)
6(2330 199 1375 1850 196 198)
6(2331 201 1400 1875 198 200)
6(2332 203 1425 1900 200 202)
6(2333 205 1450 1925 202 204)
6(2334 207 1475 1950 204 206)
6(2335 209 1500 1975 206 208)
6(2336 211 1525 2000 208 210)
6(2337 213 1550 2025 210 212)
6(2338 215 1575 2050 212 214)
6(2339 217 1600 2075 214 216)
6(2340 219 1625 2100 216 218)
6(2341 221 1650 2125 218 220)
6(2342 223 1675 2150 220 222)
6(2343 225 1700 2175 222 224)
6(2344 227 1725 2200 224 226)
6(2345 229 1750 2225 226 228)
6(2346 231 1775 2250 228 230)
6(2347 232 1800 2275 230 1102)
6(197 234 1351 1826 15 233)
6(199 236 1376 1851 233 235)
6(201 238 1401 1876 235 237)
6(203 240 1426 1901 237 239)
6(205 242 1451 1926 239 241)
6(207 244 1476 1951 241 243)
6(209 246 1501 1976 243 245)
6(211 248 1526 2001 245 247)
6(213 250 1551 2026 247 249)
6(215 252 1576 2051 249 251)
6(217 254 1601 2076 251 253)
6(219 256 1626 2101 253 255)
6(221 258 1651 2126 255 257)
6(223 260 1676 2151 257 259)
6(225 262 1701 2176 259 261)
6(227 264 1726 2201 261 263)
6(229 266 1751 2226 263 265)
6(231 268 1776 2251 265 267)
6(232 269 1801 2276 267 1103)
6(234 271 1352 1827 23 270)
6(236 273 1377 1852 270 272)
6(238 275 1402 1877 272 274)
6(240 277 1427 1902 274 276)
6(242 279 1452 1927 276 278)
6(244 281 1477 1952 278 280)
6(246 283 1502 1977 280 282)
6(248 285 1527 2002 282 284)
6(250 287 1552 2027 284 286)
6(252 289 1577 2052 286 288)
6(254 291 1602 2077 288 290)
6(256 293 1627 2102 290 292)
6(258 295 1652 2127 292 294)
6(260 297 1677 2152 294 296)
6(262 299 1702 2177 296 298)
6(264 301 1727 2202 298 300)
6(266 303 1752 2227 300 302)
6(268 305 1777 2252 302 304)
6(269 306 1802 2277 304 1104)
6(271 308 1353 1828 31 307)
6(273 310 1378 1853 307 309)
6(275 312 1403 1878 309 311)
6(277 314 1428 1903 311 313)
6(279 316 1453 1928 313 315)
6(281 318 1478 1953 315 317)
6(283 320 1503 1978 317 319)
6(285 322 1528 2003 319 321)
6(287 324 1553 2028 321 323)
6(289 326 1578 2053 323 325)
6(291 328 1603 2078 325 327)
6(293 330 1628 2103 327 329)
6(295 332 1653 2128 329 331)
6(297 334 1678 2153 331 333)
6(299 336 1703 2178 333 335)
6(301 338 1728 2203 335 337)
6(303 340 1753 2228 337 339)
6(305 342 1778 2253 339 341)
6(306 343 1803 2278 341 1105)
6(308 345 1354 1829 39 344)
6(310 347 1379 1854 344 346)
6(312 349 1404 1879 346 348)
6(314 351 1429 1904 348 350)
6(316 353 1454 1929 350 352)
6(318 355 1479 1954 352 354)
6(320 357 1504 1979 354 356)
6(322 359 1529 2004 356 358)
6(324 361 1554 2029 358 360)
6(326 363 1579 2054 360 362)
6(328 365 1604 2079 362 364)
6(330 367 1629 2104 364 366)
6(332 369 1654 2129 366 368)
6(334 371 1679 2154 368 370)
6(336 373 1704 2179 370 372)
6(338 375 1729 2204 372 374)
6(340 377 1754 2229 374 376)
6(342 379 1779 2254 376 378)
6(343 380 1804 2279 378 1106)
6(345 382 1355 1830 47 381)
6(347 384 1380 1855 381 383)
6(349 386 1405 1880 383 385)
6(351 388 1430 1905 385 387)
6(353 390 1455 1930 387 389)
6(355 392 1480 1955 389 391)
6(357 394 1505 1980 391 393)
6(359 396 1530 2005 393 395)
6(361 398 1555 2030 395 397)
6(363 400 1580 2055 397 399)
6(365 402 1605 2080 399 401)
6(367 404 1630 2105 401 403)
6(369 406 1655 2130 403 405)
6(371 408 1680 2155 405 407)
6(373 410 1705 2180 407 409)
6(375 412 1730 2205 409 411)
6(377 414 1755 2230 411 413)
6(379 416 1780 2255 413 415)
6(380 417 1805 2280 415 1107)
6(382 419 1356 1831 55 418)
6(384 421 1381 1856 418 420)
6(386 423 1406 1881 420 422)
6(388 425 1431 1906 422 424)
6(390 427 1456 1931 424 426)
6(392 429 1481 1956 426 428)
6(394 431 1506 1981 428 430)
6(396 433 1531 2006 430 432)
6(398 435 1556 2031 432 434)
6(400 437 1581 2056 434 436)
6(402 439 1606 2081 436 438)
6(404 441 1631 2106 438 440)
6(406 443 1656 2131 440 442)
6(408 445 1681 2156 442 444)
6(410 447 1706 2181 444 446)
6(412 449 1731 2206 446 448)
6(414 451 1756 2231 448 450)
6(416 453 1781 2256 450 452)
6(417 454 1806 2281 452 1108)
6(419 456 1357 1832 63 455)
6(421 458 1382 1857 455 457)
6(423 460 1407 1882 457 459)
6(425 462 1432 1907 459 461)
6(427 464 1457 1932 461 463)
6(429 466 1482 1957 463 465)
6(431 468 1507 1982 465 467)
6(433 470 1532 2007 467 469)
6(435 472 1557 2032 469 471)
6(437 474 1582 2057 471 473)
6(439 476 1607 2082 473 475)
6(441 478 1632 2107 475 477)
6(443 480 1657 2132 477 479)
6(445 482 1682 2157 479 481)
6(447 484 1707 2182 481 483)
6(449 486 1732 2207 483 485)
6(451 488 1757 2232 485 487)
6(453 490 1782 2257 487 489)
6(454 491 1807 2282 489 1109)
6(456 493 1358 1833 71 492)
6(458 495 1383 1858 492 494)
6(460 497 1408 1883 494 496)
6(462 499 1433 1908 496 498)
6(464 501 1458 1933 498 500)
6(466 503 1483 1958 500 502)
6(468 505 1508 1983 502 504)
6(470 507 1533 2008 504 506)
6(472 509 1558 2033 506 508)
6(474 511 1583 2058 508 510)
6(476 513 1608 2083 510 512)
6(478 515 1633 2108 512 514)
6(480 517 1658 2133 514 516)
6(482 519 1683 2158 516 518)
6(484 521 1708 2183 518 520)
6(486 523 1733 2208 520 522)
6(488 525 1758 2233 522 524)
6(490 527 1783 2258 524 526)
6(491 528 1808 2283 526 1110)
6(493 530 1359 1834 79 529)
6(495 532 1384 1859 529 531)
6(497 534 1409 1884 531 533)
6(499 536 1434 1909 533 535)
6(501 538 1459 1934 535 537)
6(503 540 1484 1959 537 539)
6(505 542 1509 1984 539 541)
6(507 544 1534 2009 541 543)
6(509 546 1559 2034 543 545)
6(511 548 1584 2059 545 547)
6(513 550 1609 2084 547 549)
6(515 552 1634 2109 549 551)
6(517 554 1659 2134 551 553)
6(519 556 1684 2159 553 555)
6(521 558 1709 2184 555 557)
6(523 560 1734 2209 557 559)
6(525 562 1759 2234 559 561)
6(527 564 1784 2259 561 563)
6(528 565 1809 2284 563 1111)
6(530 567 1360 1835 87 566)
6(532 569 1385 1860 566 568)
6(534 571 1410 1885 568 570)
6(536 573 1435 1910 570 572)
6(538 575 1460 1935 572 574)
6(540 577 1485 1960 574 576)
6(542 579 1510 1985 576 578)
6(544 581 1535 2010 578 580)
6(546 583 1560 2035 580 582)
6(548 585 1585 2060 582 584)
6(550 587 1610 2085 584 586)
6(552 589 1635 2110 586 588)
6(554 591 1660 2135 588 590)
6(556 593 1685 2160 590 592)
6(558 595 1710 2185 592 594)
6(560 597 1735 2210 594 596)
6(562 599 1760 2235 596 598)
6(564 601 1785 2260 598 600)
6(565 602 1810 2285 600 1112)
6(567 604 1361 1836 95 603)
6(569 606 1386 1861 603 605)
6(571 608 1411 1886 605 607)
6(573 610 1436 1911 607 609)
6(575 612 1461 1936 609 611)
6(577 614 1486 1961 611 613)
6(579 616 1511 1986 613 615)
6(581 618 1536 2011 615 617)
6(583 620 1561 2036 617 619)
6(585 622 1586 2061 619 621)
6(587 624 1611 2086 621 623)
6(589 626 1636 2111 623 625)
6(591 628 1661 2136 625 627)
6(593 630 1686 2161 627 629)
6(595 632 1711 2186 629 631)
6(597 634 1736 2211 631 633)
6(599 636 1761 2236 633 635)
6(601 638 1786 2261 635 637)
6(602 639 1811 2286 637 1113)
6(604 641 1362 1837 103 640)
6(606 643 1387 1862 640 642)
6(608 645 1412 1887 642 644)
6(610 647 1437 1912 644 646)
6(612 649 1462 1937 646 648)
6(614 651 1487 1962 648 650)
6(616 653 1512 1987 650 652)
6(618 655 1537 2012 652 654)
6(620 657 1562 2037 654 656)
6(622 659 1587 2062 656 658)
6(624 661 1612 2087 658 660)
6(626 663 1637 2112 660 662)
6(628 665 1662 2137 662 664)
6(630 667 1687 2162 664 666)
6(632 669 1712 2187 666 668)
6(634 671 1737 2212 668 670)
6(636 673 1762 2237 670 672)
6(638 675 1787 2262 672 674)
6(639 676 1812 2287 674 1114)
6(641 678 1363 1838 111 677)
6(643 680 1388 1863 677 679)
6(645 682 1413 1888 679 681)
6(647 684 1438 1913 681 683)
6(649 686 1463 1938 683 685)
6(651 688 1488 1963 685 687)
6(653 690 1513 1988 687 689)
6(655 692 1538 2013 689 691)
6(657 694 1563 2038 691 693)
6(659 696 1588 2063 693 695)
6(661 698 1613 2088 695 697)
6(663 700 1638 2113 697 699)
6(665 702 1663 2138 699 701)
6(667 704 1688 2163 701 703)
6(669 706 1713 2188 703 705)
6(671 708 1738 2213 705 707)
6(673 710 1763 2238 707 709)
6(675 712 1788 2263 709 711)
6(676 713 1813 2288 711 1115)
6(678 715 1364 1839 119 714)
6(680 717 1389 1864 714 716)
6(682 719 1414 1889 716 718)
6(684 721 1439 1914 718 720)
6(686 723 1464 1939 720 722)
6(688 725 1489 1964 722 724)
6(690 727 1514 1989 724 726)
6(692 729 1539 2014 726 728)
6(694 731 1564 2039 728 730)
6(696 733 1589 2064 730 732)
6(698 735 1614 2089 732 734)
6(700 737 1639 2114 734 736)
6(702 739 1664 2139 736 738)
6(704 741 1689 2164 738 740)
6(706 743 1714 2189 740 742)
6(708 745 1739 2214 742 744)
6(710 747 1764 2239 744 746)
6(712 749 1789 2264 746 748)
6(713 750 1814 2289 748 1116)
6(715 752 1365 1840 127 751)
6(717 754 1390 1865 751 753)
6(719 756 1415 1890 753 755)
6(721 758 1440 1915 755 757)
6(723 760 1465 1940 757 759)
6(725 762 1490 1965 759 761)
6(727 764 1515 1990 761 763)
6(729 766 1540 2015 763 765)
6(731 768 1565 2040 765 767)
6(733 770 1590 2065 767 769)
6(735 772 1615 2090 769 771)
6(737 774 1640 2115 771 773)
6(739 776 1665 2140 773 775)
6(741 778 1690 2165 775 777)
6(743 780 1715 2190 777 779)
6(745 782 1740 2215 779 781)
6(747 784 1765 2240 781 783)
6(749 786 1790 2265 783 785)
6(750 787 1815 2290 785 1117)
6(752 789 1366 1841 135 788)
6(754 791 1391 1866 788 790)
6(756 793 1416 1891 790 792)
6(758 795 1441 1916 792 794)
6(760 797 1466 1941 794 796)
6(762 799 1491 1966 796 798)
6(764 801 1516 1991 798 800)
6(766 803 1541 2016 800 802)
6(768 805 1566 2041 802 804)
6(770 807 1591 2066 804 806)
6(772 809 1616 2091 806 808)
6(774 811 1641 2116 808 810)
6(776 813 1666 2141 810 812)
6(778 815 1691 2166 812 814)
6(780 817 1716 2191 814 816)
6(782 819 1741 2216 816 818)
6(784 821 1766 2241 818 820)
6(786 823 1791 2266 820 822)
6(787 824 1816 2291 822 1118)
6(789 826 1367 1842 143 825)
6(791 828 1392 1867 825 827)
6(793 830 1417 1892 827 829)
6(795 832 1442 1917 829 831)
6(797 834 1467 1942 831 833)
6(799 836 1492 1967 833 835)
6(801 838 1517 1992 835 837)
6(803 840 1542 2017 837 839)
6(805 842 1567 2042 839 841)
6(807 844 1592 2067 841 843)
6(809 846 1617 2092 843 845)
6(811 848 1642 2117 845 847)
6(813 850 1667 2142 847 849)
6(815 852 1692 2167 849 851)
6(817 854 1717 2192 851 853)
6(819 856 1742 2217 853 855)
6(821 858 1767 2242 855 857)
6(823 860 1792 2267 857 859)
6(824 861 1817 2292 859 1119)
6(826 863 1368 1843 151 862)
6(828 865 1393 1868 862 864)
6(830 867 1418 1893 864 866)
6(832 869 1443 1918 866 868)
6(834 871 1468 1943 868 870)
6(836 873 1493 1968 870 872)
6(838 875 1518 1993 872 874)
6(840 877 1543 2018 874 876)
6(842 879 1568 2043 876 878)
6(844 881 1593 2068 878 880)
6(846 883 1618 2093 880 882)
6(848 885 1643 2118 882 884)
6(850 887 1668 2143 884 886)
6(852 889 1693 2168 886 888)
6(854 891 1718 2193 888 890)
6(856 893 1743 2218 890 892)
6(858 895 1768 2243 892 894)
6(860 897 1793 2268 894 896)
6(861 898 1818 2293 896 1120)
6(863 900 1369 1844 159 899)
6(865 902 1394 1869 899 901)
6(867 904 1419 1894 901 903)
6(869 906 1444 1919 903 905)
6(871 908 1469 1944 905 907)
6(873 910 1494 1969 907 909)
6(875 912 1519 1994 909 911)
6(877 914 1544 2019 911 913)
6(879 916 1569 2044 913 915)
6(881 918 1594 2069 915 917)
6(883 920 1619 2094 917 919)
6(885 922 1644 2119 919 921)
6(887 924 1669 2144 921 923)
6(889 926 1694 2169 923 925)
6(891 928 1719 2194 925 927)
6(893 930 1744 2219 927 929)
6(895 932 1769 2244 929 931)
6(897 934 1794 2269 931 933)
6(898 935 1819 2294 933 1121)
6(900 937 1370 1845 167 936)
6(902 939 1395 1870 936 938)
6(904 941 1420 1895 938 940)
6(906 943 1445 1920 940 942)
6(908 945 1470 1945 942 944)
6(910 947 1495 1970 944 946)
6(912 949 1520 1995 946 948)
6(914 951 1545 2020 948 950)
6(916 953 1570 2045 950 952)
6(918 955 1595 2070 952 954)
6(920 957 1620 2095 954 956)
6(922 959 1645 2120 956 958)
6(924 961 1670 2145 958 960)
6(926 963 1695 2170 960 962)
6(928 965 1720 2195 962 964)
6(930 967 1745 2220 964 966)
6(932 969 1770 2245 966 968)
6(934 971 1795 2270 968 970)
6(935 972 1820 2295 970 1122)
6(937 974 1371 1846 175 973)
6(939 976 1396 1871 973 975)
6(941 978 1421 1896 975 977)
6(943 980 1446 1921 977 979)
6(945 982 1471 1946 979 981)
6(947 984 1496 1971 981 983)
6(949 986 1521 1996 983 985)
6(951 988 1546 2021 985 987)
6(953 990 1571 2046 987 989)
6(955 992 1596 2071 989 991)
6(957 994 1621 2096 991 993)
6(959 996 1646 2121 993 995)
6(961 998 1671 2146 995 997)
6(963 1000 1696 2171 997 999)
6(965 1002 1721 2196 999 1001)
6(967 1004 1746 2221 1001 1003)
6(969 1006 1771 2246 1003 1005)
6(971 1008 1796 2271 1005 1007)
6(972 1009 1821 2296 1007 1123)
6(974 1011 1372 1847 183 1010)
6(976 1013 1397 1872 1010 1012)
6(978 1015 1422 1897 1012 1014)
6(980 1017 1447 1922 1014 1016)
6(982 1019 1472 1947 1016 1018)
6(984 1021 1497 1972 1018 1020)
6(986 1023 1522 1997 1020 1022)
6(988 1025 1547 2022 1022 1024)
6(990 1027 1572 2047 1024 1026)
6(992 1029 1597 2072 1026 1028)
6(994 1031 1622 2097 1028 1030)
6(996 1033 1647 2122 1030 1032)
6(998 1035 1672 2147 1032 1034)
6(1000 1037 1697 2172 1034 1036)
6(1002 1039 1722 2197 1036 1038)
6(1004 1041 1747 2222 1038 1040)
6(1006 1043 1772 2247 1040 1042)
6(1008 1045 1797 2272 1042 1044)
6(1009 1046 1822 2297 1044 1124)
6(1011 1048 1373 1848 191 1047)
6(1013 1050 1398 1873 1047 1049)
6(1015 1052 1423 1898 1049 1051)
6(1017 1054 1448 1923 1051 1053)
6(1019 1056 1473 1948 1053 1055)
6(1021 1058 1498 1973 1055 1057)
6(1023 1060 1523 1998 1057 1059)
6(1025 1062 1548 2023 1059 1061)
6(1027 1064 1573 2048 1061 1063)
6(1029 1066 1598 2073 1063 1065)
6(1031 1068 1623 2098 1065 1067)
6(1033 1070 1648 2123 1067 1069)
6(1035 1072 1673 2148 1069 1071)
6(1037 1074 1698 2173 1071 1073)
6(1039 1076 1723 2198 1073 1075)
6(1041 1078 1748 2223 1075 1077)
6(1043 1080 1773 2248 1077 1079)
6(1045 1082 1798 2273 1079 1081)
6(1046 1083 1823 2298 1081 1125)
6(1048 1131 1374 1849 195 1084)
6(1050 1132 1399 1874 1084 1085)
6(1052 1133 1424 1899 1085 1086)
6(1054 1134 1449 1924 1086 1087)
6(1056 1135 1474 1949 1087 1088)
6(1058 1136 1499 1974 1088 1089)
6(1060 1137 1524 1999 1089 1090)
6(1062 1138 1549 2024 1090 1091)
6(1064 1139 1574 2049 1091 1092)
6(1066 1140 1599 2074 1092 1093)
6(1068 1141 1624 2099 1093 1094)
6(1070 1142 1649 2124 1094 1095)
6(1072 1143 1674 2149 1095 1096)
6(1074 1144 1699 2174 1096 1097)
6(1076 1145 1724 2199 1097 1098)
6(1078 1146 1749 2224 1098 1099)
6(1080 1147 1774 2249 1099 1100)
6(1082 1148 1799 2274 1100 1101)
6(1083 1149 1824 2299 1101 1126)
)


// ************************************************************************* //
