/*---------------------------------------------------------------------------*\
| =========                 |                                                 |
| \\      /  F ield         | OpenFOAM: The Open Source CFD Toolbox           |
|  \\    /   O peration     | Version:  1.3                                   |
|   \\  /    A nd           | Web:      http://www.openfoam.org               |
|    \\/     M anipulation  |                                                 |
\*---------------------------------------------------------------------------*/

FoamFile
{
    version 2.0;
    format ascii;

    root "/home/dm2/henry/OpenFOAM/OpenFOAM-1.2/tutorials/interFoam";
    case "damBreak/processor3";
    instance ""constant"";
    local "polyMesh";

    class faceList;
    object faces;
}

// * * * * * * * * * * * * * * * * * * * * * * * * * * * * * * * * * * * * * //


2348
(
4(52 56 160 156)
4(1 27 160 56)
4(53 57 161 157)
4(56 160 161 57)
4(54 58 162 158)
4(57 161 162 58)
4(58 162 163 59)
4(55 59 163 159)
4(56 60 164 160)
4(2 28 164 60)
4(57 61 165 161)
4(60 164 165 61)
4(58 62 166 162)
4(61 165 166 62)
4(62 166 167 63)
4(59 63 167 163)
4(60 64 168 164)
4(3 29 168 64)
4(61 65 169 165)
4(64 168 169 65)
4(62 66 170 166)
4(65 169 170 66)
4(66 170 171 67)
4(63 67 171 167)
4(64 68 172 168)
4(4 30 172 68)
4(65 69 173 169)
4(68 172 173 69)
4(66 70 174 170)
4(69 173 174 70)
4(70 174 175 71)
4(67 71 175 171)
4(68 72 176 172)
4(5 31 176 72)
4(69 73 177 173)
4(72 176 177 73)
4(70 74 178 174)
4(73 177 178 74)
4(74 178 179 75)
4(71 75 179 175)
4(72 76 180 176)
4(6 32 180 76)
4(73 77 181 177)
4(76 180 181 77)
4(74 78 182 178)
4(77 181 182 78)
4(78 182 183 79)
4(75 79 183 179)
4(76 80 184 180)
4(7 33 184 80)
4(77 81 185 181)
4(80 184 185 81)
4(78 82 186 182)
4(81 185 186 82)
4(82 186 187 83)
4(79 83 187 183)
4(80 84 188 184)
4(8 34 188 84)
4(81 85 189 185)
4(84 188 189 85)
4(82 86 190 186)
4(85 189 190 86)
4(86 190 191 87)
4(83 87 191 187)
4(84 88 192 188)
4(9 35 192 88)
4(85 89 193 189)
4(88 192 193 89)
4(86 90 194 190)
4(89 193 194 90)
4(90 194 195 91)
4(87 91 195 191)
4(88 92 196 192)
4(10 36 196 92)
4(89 93 197 193)
4(92 196 197 93)
4(90 94 198 194)
4(93 197 198 94)
4(94 198 199 95)
4(91 95 199 195)
4(92 96 200 196)
4(11 37 200 96)
4(93 97 201 197)
4(96 200 201 97)
4(94 98 202 198)
4(97 201 202 98)
4(98 202 203 99)
4(95 99 203 199)
4(96 100 204 200)
4(12 38 204 100)
4(97 101 205 201)
4(100 204 205 101)
4(98 102 206 202)
4(101 205 206 102)
4(102 206 207 103)
4(99 103 207 203)
4(100 104 208 204)
4(13 39 208 104)
4(101 105 209 205)
4(104 208 209 105)
4(102 106 210 206)
4(105 209 210 106)
4(106 210 211 107)
4(103 107 211 207)
4(104 108 212 208)
4(14 40 212 108)
4(105 109 213 209)
4(108 212 213 109)
4(106 110 214 210)
4(109 213 214 110)
4(110 214 215 111)
4(107 111 215 211)
4(108 112 216 212)
4(15 41 216 112)
4(109 113 217 213)
4(112 216 217 113)
4(110 114 218 214)
4(113 217 218 114)
4(114 218 219 115)
4(111 115 219 215)
4(112 116 220 216)
4(16 42 220 116)
4(113 117 221 217)
4(116 220 221 117)
4(114 118 222 218)
4(117 221 222 118)
4(118 222 223 119)
4(115 119 223 219)
4(116 120 224 220)
4(17 43 224 120)
4(117 121 225 221)
4(120 224 225 121)
4(118 122 226 222)
4(121 225 226 122)
4(122 226 227 123)
4(119 123 227 223)
4(120 124 228 224)
4(18 44 228 124)
4(121 125 229 225)
4(124 228 229 125)
4(122 126 230 226)
4(125 229 230 126)
4(126 230 231 127)
4(123 127 231 227)
4(124 128 232 228)
4(19 45 232 128)
4(125 129 233 229)
4(128 232 233 129)
4(126 130 234 230)
4(129 233 234 130)
4(130 234 235 131)
4(127 131 235 231)
4(128 132 236 232)
4(20 46 236 132)
4(129 133 237 233)
4(132 236 237 133)
4(130 134 238 234)
4(133 237 238 134)
4(134 238 239 135)
4(131 135 239 235)
4(132 136 240 236)
4(21 47 240 136)
4(133 137 241 237)
4(136 240 241 137)
4(134 138 242 238)
4(137 241 242 138)
4(138 242 243 139)
4(135 139 243 239)
4(136 140 244 240)
4(22 48 244 140)
4(137 141 245 241)
4(140 244 245 141)
4(138 142 246 242)
4(141 245 246 142)
4(142 246 247 143)
4(139 143 247 243)
4(140 144 248 244)
4(23 49 248 144)
4(141 145 249 245)
4(144 248 249 145)
4(142 146 250 246)
4(145 249 250 146)
4(146 250 251 147)
4(143 147 251 247)
4(144 148 252 248)
4(24 50 252 148)
4(145 149 253 249)
4(148 252 253 149)
4(146 150 254 250)
4(149 253 254 150)
4(150 254 255 151)
4(147 151 255 251)
4(148 152 256 252)
4(149 153 257 253)
4(150 154 258 254)
4(151 155 259 255)
4(260 279 773 754)
4(59 163 773 279)
4(261 280 774 755)
4(279 773 774 280)
4(262 281 775 756)
4(280 774 775 281)
4(263 282 776 757)
4(281 775 776 282)
4(264 283 777 758)
4(282 776 777 283)
4(265 284 778 759)
4(283 777 778 284)
4(266 285 779 760)
4(284 778 779 285)
4(267 286 780 761)
4(285 779 780 286)
4(268 287 781 762)
4(286 780 781 287)
4(269 288 782 763)
4(287 781 782 288)
4(270 289 783 764)
4(288 782 783 289)
4(271 290 784 765)
4(289 783 784 290)
4(272 291 785 766)
4(290 784 785 291)
4(273 292 786 767)
4(291 785 786 292)
4(274 293 787 768)
4(292 786 787 293)
4(275 294 788 769)
4(293 787 788 294)
4(276 295 789 770)
4(294 788 789 295)
4(277 296 790 771)
4(295 789 790 296)
4(296 790 791 297)
4(279 298 792 773)
4(63 167 792 298)
4(280 299 793 774)
4(298 792 793 299)
4(281 300 794 775)
4(299 793 794 300)
4(282 301 795 776)
4(300 794 795 301)
4(283 302 796 777)
4(301 795 796 302)
4(284 303 797 778)
4(302 796 797 303)
4(285 304 798 779)
4(303 797 798 304)
4(286 305 799 780)
4(304 798 799 305)
4(287 306 800 781)
4(305 799 800 306)
4(288 307 801 782)
4(306 800 801 307)
4(289 308 802 783)
4(307 801 802 308)
4(290 309 803 784)
4(308 802 803 309)
4(291 310 804 785)
4(309 803 804 310)
4(292 311 805 786)
4(310 804 805 311)
4(293 312 806 787)
4(311 805 806 312)
4(294 313 807 788)
4(312 806 807 313)
4(295 314 808 789)
4(313 807 808 314)
4(296 315 809 790)
4(314 808 809 315)
4(315 809 810 316)
4(298 317 811 792)
4(67 171 811 317)
4(299 318 812 793)
4(317 811 812 318)
4(300 319 813 794)
4(318 812 813 319)
4(301 320 814 795)
4(319 813 814 320)
4(302 321 815 796)
4(320 814 815 321)
4(303 322 816 797)
4(321 815 816 322)
4(304 323 817 798)
4(322 816 817 323)
4(305 324 818 799)
4(323 817 818 324)
4(306 325 819 800)
4(324 818 819 325)
4(307 326 820 801)
4(325 819 820 326)
4(308 327 821 802)
4(326 820 821 327)
4(309 328 822 803)
4(327 821 822 328)
4(310 329 823 804)
4(328 822 823 329)
4(311 330 824 805)
4(329 823 824 330)
4(312 331 825 806)
4(330 824 825 331)
4(313 332 826 807)
4(331 825 826 332)
4(314 333 827 808)
4(332 826 827 333)
4(315 334 828 809)
4(333 827 828 334)
4(334 828 829 335)
4(317 336 830 811)
4(71 175 830 336)
4(318 337 831 812)
4(336 830 831 337)
4(319 338 832 813)
4(337 831 832 338)
4(320 339 833 814)
4(338 832 833 339)
4(321 340 834 815)
4(339 833 834 340)
4(322 341 835 816)
4(340 834 835 341)
4(323 342 836 817)
4(341 835 836 342)
4(324 343 837 818)
4(342 836 837 343)
4(325 344 838 819)
4(343 837 838 344)
4(326 345 839 820)
4(344 838 839 345)
4(327 346 840 821)
4(345 839 840 346)
4(328 347 841 822)
4(346 840 841 347)
4(329 348 842 823)
4(347 841 842 348)
4(330 349 843 824)
4(348 842 843 349)
4(331 350 844 825)
4(349 843 844 350)
4(332 351 845 826)
4(350 844 845 351)
4(333 352 846 827)
4(351 845 846 352)
4(334 353 847 828)
4(352 846 847 353)
4(353 847 848 354)
4(336 355 849 830)
4(75 179 849 355)
4(337 356 850 831)
4(355 849 850 356)
4(338 357 851 832)
4(356 850 851 357)
4(339 358 852 833)
4(357 851 852 358)
4(340 359 853 834)
4(358 852 853 359)
4(341 360 854 835)
4(359 853 854 360)
4(342 361 855 836)
4(360 854 855 361)
4(343 362 856 837)
4(361 855 856 362)
4(344 363 857 838)
4(362 856 857 363)
4(345 364 858 839)
4(363 857 858 364)
4(346 365 859 840)
4(364 858 859 365)
4(347 366 860 841)
4(365 859 860 366)
4(348 367 861 842)
4(366 860 861 367)
4(349 368 862 843)
4(367 861 862 368)
4(350 369 863 844)
4(368 862 863 369)
4(351 370 864 845)
4(369 863 864 370)
4(352 371 865 846)
4(370 864 865 371)
4(353 372 866 847)
4(371 865 866 372)
4(372 866 867 373)
4(355 374 868 849)
4(79 183 868 374)
4(356 375 869 850)
4(374 868 869 375)
4(357 376 870 851)
4(375 869 870 376)
4(358 377 871 852)
4(376 870 871 377)
4(359 378 872 853)
4(377 871 872 378)
4(360 379 873 854)
4(378 872 873 379)
4(361 380 874 855)
4(379 873 874 380)
4(362 381 875 856)
4(380 874 875 381)
4(363 382 876 857)
4(381 875 876 382)
4(364 383 877 858)
4(382 876 877 383)
4(365 384 878 859)
4(383 877 878 384)
4(366 385 879 860)
4(384 878 879 385)
4(367 386 880 861)
4(385 879 880 386)
4(368 387 881 862)
4(386 880 881 387)
4(369 388 882 863)
4(387 881 882 388)
4(370 389 883 864)
4(388 882 883 389)
4(371 390 884 865)
4(389 883 884 390)
4(372 391 885 866)
4(390 884 885 391)
4(391 885 886 392)
4(374 393 887 868)
4(83 187 887 393)
4(375 394 888 869)
4(393 887 888 394)
4(376 395 889 870)
4(394 888 889 395)
4(377 396 890 871)
4(395 889 890 396)
4(378 397 891 872)
4(396 890 891 397)
4(379 398 892 873)
4(397 891 892 398)
4(380 399 893 874)
4(398 892 893 399)
4(381 400 894 875)
4(399 893 894 400)
4(382 401 895 876)
4(400 894 895 401)
4(383 402 896 877)
4(401 895 896 402)
4(384 403 897 878)
4(402 896 897 403)
4(385 404 898 879)
4(403 897 898 404)
4(386 405 899 880)
4(404 898 899 405)
4(387 406 900 881)
4(405 899 900 406)
4(388 407 901 882)
4(406 900 901 407)
4(389 408 902 883)
4(407 901 902 408)
4(390 409 903 884)
4(408 902 903 409)
4(391 410 904 885)
4(409 903 904 410)
4(410 904 905 411)
4(393 412 906 887)
4(87 191 906 412)
4(394 413 907 888)
4(412 906 907 413)
4(395 414 908 889)
4(413 907 908 414)
4(396 415 909 890)
4(414 908 909 415)
4(397 416 910 891)
4(415 909 910 416)
4(398 417 911 892)
4(416 910 911 417)
4(399 418 912 893)
4(417 911 912 418)
4(400 419 913 894)
4(418 912 913 419)
4(401 420 914 895)
4(419 913 914 420)
4(402 421 915 896)
4(420 914 915 421)
4(403 422 916 897)
4(421 915 916 422)
4(404 423 917 898)
4(422 916 917 423)
4(405 424 918 899)
4(423 917 918 424)
4(406 425 919 900)
4(424 918 919 425)
4(407 426 920 901)
4(425 919 920 426)
4(408 427 921 902)
4(426 920 921 427)
4(409 428 922 903)
4(427 921 922 428)
4(410 429 923 904)
4(428 922 923 429)
4(429 923 924 430)
4(412 431 925 906)
4(91 195 925 431)
4(413 432 926 907)
4(431 925 926 432)
4(414 433 927 908)
4(432 926 927 433)
4(415 434 928 909)
4(433 927 928 434)
4(416 435 929 910)
4(434 928 929 435)
4(417 436 930 911)
4(435 929 930 436)
4(418 437 931 912)
4(436 930 931 437)
4(419 438 932 913)
4(437 931 932 438)
4(420 439 933 914)
4(438 932 933 439)
4(421 440 934 915)
4(439 933 934 440)
4(422 441 935 916)
4(440 934 935 441)
4(423 442 936 917)
4(441 935 936 442)
4(424 443 937 918)
4(442 936 937 443)
4(425 444 938 919)
4(443 937 938 444)
4(426 445 939 920)
4(444 938 939 445)
4(427 446 940 921)
4(445 939 940 446)
4(428 447 941 922)
4(446 940 941 447)
4(429 448 942 923)
4(447 941 942 448)
4(448 942 943 449)
4(431 450 944 925)
4(95 199 944 450)
4(432 451 945 926)
4(450 944 945 451)
4(433 452 946 927)
4(451 945 946 452)
4(434 453 947 928)
4(452 946 947 453)
4(435 454 948 929)
4(453 947 948 454)
4(436 455 949 930)
4(454 948 949 455)
4(437 456 950 931)
4(455 949 950 456)
4(438 457 951 932)
4(456 950 951 457)
4(439 458 952 933)
4(457 951 952 458)
4(440 459 953 934)
4(458 952 953 459)
4(441 460 954 935)
4(459 953 954 460)
4(442 461 955 936)
4(460 954 955 461)
4(443 462 956 937)
4(461 955 956 462)
4(444 463 957 938)
4(462 956 957 463)
4(445 464 958 939)
4(463 957 958 464)
4(446 465 959 940)
4(464 958 959 465)
4(447 466 960 941)
4(465 959 960 466)
4(448 467 961 942)
4(466 960 961 467)
4(467 961 962 468)
4(450 469 963 944)
4(99 203 963 469)
4(451 470 964 945)
4(469 963 964 470)
4(452 471 965 946)
4(470 964 965 471)
4(453 472 966 947)
4(471 965 966 472)
4(454 473 967 948)
4(472 966 967 473)
4(455 474 968 949)
4(473 967 968 474)
4(456 475 969 950)
4(474 968 969 475)
4(457 476 970 951)
4(475 969 970 476)
4(458 477 971 952)
4(476 970 971 477)
4(459 478 972 953)
4(477 971 972 478)
4(460 479 973 954)
4(478 972 973 479)
4(461 480 974 955)
4(479 973 974 480)
4(462 481 975 956)
4(480 974 975 481)
4(463 482 976 957)
4(481 975 976 482)
4(464 483 977 958)
4(482 976 977 483)
4(465 484 978 959)
4(483 977 978 484)
4(466 485 979 960)
4(484 978 979 485)
4(467 486 980 961)
4(485 979 980 486)
4(486 980 981 487)
4(469 488 982 963)
4(103 207 982 488)
4(470 489 983 964)
4(488 982 983 489)
4(471 490 984 965)
4(489 983 984 490)
4(472 491 985 966)
4(490 984 985 491)
4(473 492 986 967)
4(491 985 986 492)
4(474 493 987 968)
4(492 986 987 493)
4(475 494 988 969)
4(493 987 988 494)
4(476 495 989 970)
4(494 988 989 495)
4(477 496 990 971)
4(495 989 990 496)
4(478 497 991 972)
4(496 990 991 497)
4(479 498 992 973)
4(497 991 992 498)
4(480 499 993 974)
4(498 992 993 499)
4(481 500 994 975)
4(499 993 994 500)
4(482 501 995 976)
4(500 994 995 501)
4(483 502 996 977)
4(501 995 996 502)
4(484 503 997 978)
4(502 996 997 503)
4(485 504 998 979)
4(503 997 998 504)
4(486 505 999 980)
4(504 998 999 505)
4(505 999 1000 506)
4(488 507 1001 982)
4(107 211 1001 507)
4(489 508 1002 983)
4(507 1001 1002 508)
4(490 509 1003 984)
4(508 1002 1003 509)
4(491 510 1004 985)
4(509 1003 1004 510)
4(492 511 1005 986)
4(510 1004 1005 511)
4(493 512 1006 987)
4(511 1005 1006 512)
4(494 513 1007 988)
4(512 1006 1007 513)
4(495 514 1008 989)
4(513 1007 1008 514)
4(496 515 1009 990)
4(514 1008 1009 515)
4(497 516 1010 991)
4(515 1009 1010 516)
4(498 517 1011 992)
4(516 1010 1011 517)
4(499 518 1012 993)
4(517 1011 1012 518)
4(500 519 1013 994)
4(518 1012 1013 519)
4(501 520 1014 995)
4(519 1013 1014 520)
4(502 521 1015 996)
4(520 1014 1015 521)
4(503 522 1016 997)
4(521 1015 1016 522)
4(504 523 1017 998)
4(522 1016 1017 523)
4(505 524 1018 999)
4(523 1017 1018 524)
4(524 1018 1019 525)
4(507 526 1020 1001)
4(111 215 1020 526)
4(508 527 1021 1002)
4(526 1020 1021 527)
4(509 528 1022 1003)
4(527 1021 1022 528)
4(510 529 1023 1004)
4(528 1022 1023 529)
4(511 530 1024 1005)
4(529 1023 1024 530)
4(512 531 1025 1006)
4(530 1024 1025 531)
4(513 532 1026 1007)
4(531 1025 1026 532)
4(514 533 1027 1008)
4(532 1026 1027 533)
4(515 534 1028 1009)
4(533 1027 1028 534)
4(516 535 1029 1010)
4(534 1028 1029 535)
4(517 536 1030 1011)
4(535 1029 1030 536)
4(518 537 1031 1012)
4(536 1030 1031 537)
4(519 538 1032 1013)
4(537 1031 1032 538)
4(520 539 1033 1014)
4(538 1032 1033 539)
4(521 540 1034 1015)
4(539 1033 1034 540)
4(522 541 1035 1016)
4(540 1034 1035 541)
4(523 542 1036 1017)
4(541 1035 1036 542)
4(524 543 1037 1018)
4(542 1036 1037 543)
4(543 1037 1038 544)
4(526 545 1039 1020)
4(115 219 1039 545)
4(527 546 1040 1021)
4(545 1039 1040 546)
4(528 547 1041 1022)
4(546 1040 1041 547)
4(529 548 1042 1023)
4(547 1041 1042 548)
4(530 549 1043 1024)
4(548 1042 1043 549)
4(531 550 1044 1025)
4(549 1043 1044 550)
4(532 551 1045 1026)
4(550 1044 1045 551)
4(533 552 1046 1027)
4(551 1045 1046 552)
4(534 553 1047 1028)
4(552 1046 1047 553)
4(535 554 1048 1029)
4(553 1047 1048 554)
4(536 555 1049 1030)
4(554 1048 1049 555)
4(537 556 1050 1031)
4(555 1049 1050 556)
4(538 557 1051 1032)
4(556 1050 1051 557)
4(539 558 1052 1033)
4(557 1051 1052 558)
4(540 559 1053 1034)
4(558 1052 1053 559)
4(541 560 1054 1035)
4(559 1053 1054 560)
4(542 561 1055 1036)
4(560 1054 1055 561)
4(543 562 1056 1037)
4(561 1055 1056 562)
4(562 1056 1057 563)
4(545 564 1058 1039)
4(119 223 1058 564)
4(546 565 1059 1040)
4(564 1058 1059 565)
4(547 566 1060 1041)
4(565 1059 1060 566)
4(548 567 1061 1042)
4(566 1060 1061 567)
4(549 568 1062 1043)
4(567 1061 1062 568)
4(550 569 1063 1044)
4(568 1062 1063 569)
4(551 570 1064 1045)
4(569 1063 1064 570)
4(552 571 1065 1046)
4(570 1064 1065 571)
4(553 572 1066 1047)
4(571 1065 1066 572)
4(554 573 1067 1048)
4(572 1066 1067 573)
4(555 574 1068 1049)
4(573 1067 1068 574)
4(556 575 1069 1050)
4(574 1068 1069 575)
4(557 576 1070 1051)
4(575 1069 1070 576)
4(558 577 1071 1052)
4(576 1070 1071 577)
4(559 578 1072 1053)
4(577 1071 1072 578)
4(560 579 1073 1054)
4(578 1072 1073 579)
4(561 580 1074 1055)
4(579 1073 1074 580)
4(562 581 1075 1056)
4(580 1074 1075 581)
4(581 1075 1076 582)
4(564 583 1077 1058)
4(123 227 1077 583)
4(565 584 1078 1059)
4(583 1077 1078 584)
4(566 585 1079 1060)
4(584 1078 1079 585)
4(567 586 1080 1061)
4(585 1079 1080 586)
4(568 587 1081 1062)
4(586 1080 1081 587)
4(569 588 1082 1063)
4(587 1081 1082 588)
4(570 589 1083 1064)
4(588 1082 1083 589)
4(571 590 1084 1065)
4(589 1083 1084 590)
4(572 591 1085 1066)
4(590 1084 1085 591)
4(573 592 1086 1067)
4(591 1085 1086 592)
4(574 593 1087 1068)
4(592 1086 1087 593)
4(575 594 1088 1069)
4(593 1087 1088 594)
4(576 595 1089 1070)
4(594 1088 1089 595)
4(577 596 1090 1071)
4(595 1089 1090 596)
4(578 597 1091 1072)
4(596 1090 1091 597)
4(579 598 1092 1073)
4(597 1091 1092 598)
4(580 599 1093 1074)
4(598 1092 1093 599)
4(581 600 1094 1075)
4(599 1093 1094 600)
4(600 1094 1095 601)
4(583 602 1096 1077)
4(127 231 1096 602)
4(584 603 1097 1078)
4(602 1096 1097 603)
4(585 604 1098 1079)
4(603 1097 1098 604)
4(586 605 1099 1080)
4(604 1098 1099 605)
4(587 606 1100 1081)
4(605 1099 1100 606)
4(588 607 1101 1082)
4(606 1100 1101 607)
4(589 608 1102 1083)
4(607 1101 1102 608)
4(590 609 1103 1084)
4(608 1102 1103 609)
4(591 610 1104 1085)
4(609 1103 1104 610)
4(592 611 1105 1086)
4(610 1104 1105 611)
4(593 612 1106 1087)
4(611 1105 1106 612)
4(594 613 1107 1088)
4(612 1106 1107 613)
4(595 614 1108 1089)
4(613 1107 1108 614)
4(596 615 1109 1090)
4(614 1108 1109 615)
4(597 616 1110 1091)
4(615 1109 1110 616)
4(598 617 1111 1092)
4(616 1110 1111 617)
4(599 618 1112 1093)
4(617 1111 1112 618)
4(600 619 1113 1094)
4(618 1112 1113 619)
4(619 1113 1114 620)
4(602 621 1115 1096)
4(131 235 1115 621)
4(603 622 1116 1097)
4(621 1115 1116 622)
4(604 623 1117 1098)
4(622 1116 1117 623)
4(605 624 1118 1099)
4(623 1117 1118 624)
4(606 625 1119 1100)
4(624 1118 1119 625)
4(607 626 1120 1101)
4(625 1119 1120 626)
4(608 627 1121 1102)
4(626 1120 1121 627)
4(609 628 1122 1103)
4(627 1121 1122 628)
4(610 629 1123 1104)
4(628 1122 1123 629)
4(611 630 1124 1105)
4(629 1123 1124 630)
4(612 631 1125 1106)
4(630 1124 1125 631)
4(613 632 1126 1107)
4(631 1125 1126 632)
4(614 633 1127 1108)
4(632 1126 1127 633)
4(615 634 1128 1109)
4(633 1127 1128 634)
4(616 635 1129 1110)
4(634 1128 1129 635)
4(617 636 1130 1111)
4(635 1129 1130 636)
4(618 637 1131 1112)
4(636 1130 1131 637)
4(619 638 1132 1113)
4(637 1131 1132 638)
4(638 1132 1133 639)
4(621 640 1134 1115)
4(135 239 1134 640)
4(622 641 1135 1116)
4(640 1134 1135 641)
4(623 642 1136 1117)
4(641 1135 1136 642)
4(624 643 1137 1118)
4(642 1136 1137 643)
4(625 644 1138 1119)
4(643 1137 1138 644)
4(626 645 1139 1120)
4(644 1138 1139 645)
4(627 646 1140 1121)
4(645 1139 1140 646)
4(628 647 1141 1122)
4(646 1140 1141 647)
4(629 648 1142 1123)
4(647 1141 1142 648)
4(630 649 1143 1124)
4(648 1142 1143 649)
4(631 650 1144 1125)
4(649 1143 1144 650)
4(632 651 1145 1126)
4(650 1144 1145 651)
4(633 652 1146 1127)
4(651 1145 1146 652)
4(634 653 1147 1128)
4(652 1146 1147 653)
4(635 654 1148 1129)
4(653 1147 1148 654)
4(636 655 1149 1130)
4(654 1148 1149 655)
4(637 656 1150 1131)
4(655 1149 1150 656)
4(638 657 1151 1132)
4(656 1150 1151 657)
4(657 1151 1152 658)
4(640 659 1153 1134)
4(139 243 1153 659)
4(641 660 1154 1135)
4(659 1153 1154 660)
4(642 661 1155 1136)
4(660 1154 1155 661)
4(643 662 1156 1137)
4(661 1155 1156 662)
4(644 663 1157 1138)
4(662 1156 1157 663)
4(645 664 1158 1139)
4(663 1157 1158 664)
4(646 665 1159 1140)
4(664 1158 1159 665)
4(647 666 1160 1141)
4(665 1159 1160 666)
4(648 667 1161 1142)
4(666 1160 1161 667)
4(649 668 1162 1143)
4(667 1161 1162 668)
4(650 669 1163 1144)
4(668 1162 1163 669)
4(651 670 1164 1145)
4(669 1163 1164 670)
4(652 671 1165 1146)
4(670 1164 1165 671)
4(653 672 1166 1147)
4(671 1165 1166 672)
4(654 673 1167 1148)
4(672 1166 1167 673)
4(655 674 1168 1149)
4(673 1167 1168 674)
4(656 675 1169 1150)
4(674 1168 1169 675)
4(657 676 1170 1151)
4(675 1169 1170 676)
4(676 1170 1171 677)
4(659 678 1172 1153)
4(143 247 1172 678)
4(660 679 1173 1154)
4(678 1172 1173 679)
4(661 680 1174 1155)
4(679 1173 1174 680)
4(662 681 1175 1156)
4(680 1174 1175 681)
4(663 682 1176 1157)
4(681 1175 1176 682)
4(664 683 1177 1158)
4(682 1176 1177 683)
4(665 684 1178 1159)
4(683 1177 1178 684)
4(666 685 1179 1160)
4(684 1178 1179 685)
4(667 686 1180 1161)
4(685 1179 1180 686)
4(668 687 1181 1162)
4(686 1180 1181 687)
4(669 688 1182 1163)
4(687 1181 1182 688)
4(670 689 1183 1164)
4(688 1182 1183 689)
4(671 690 1184 1165)
4(689 1183 1184 690)
4(672 691 1185 1166)
4(690 1184 1185 691)
4(673 692 1186 1167)
4(691 1185 1186 692)
4(674 693 1187 1168)
4(692 1186 1187 693)
4(675 694 1188 1169)
4(693 1187 1188 694)
4(676 695 1189 1170)
4(694 1188 1189 695)
4(695 1189 1190 696)
4(678 697 1191 1172)
4(147 251 1191 697)
4(679 698 1192 1173)
4(697 1191 1192 698)
4(680 699 1193 1174)
4(698 1192 1193 699)
4(681 700 1194 1175)
4(699 1193 1194 700)
4(682 701 1195 1176)
4(700 1194 1195 701)
4(683 702 1196 1177)
4(701 1195 1196 702)
4(684 703 1197 1178)
4(702 1196 1197 703)
4(685 704 1198 1179)
4(703 1197 1198 704)
4(686 705 1199 1180)
4(704 1198 1199 705)
4(687 706 1200 1181)
4(705 1199 1200 706)
4(688 707 1201 1182)
4(706 1200 1201 707)
4(689 708 1202 1183)
4(707 1201 1202 708)
4(690 709 1203 1184)
4(708 1202 1203 709)
4(691 710 1204 1185)
4(709 1203 1204 710)
4(692 711 1205 1186)
4(710 1204 1205 711)
4(693 712 1206 1187)
4(711 1205 1206 712)
4(694 713 1207 1188)
4(712 1206 1207 713)
4(695 714 1208 1189)
4(713 1207 1208 714)
4(714 1208 1209 715)
4(697 716 1210 1191)
4(151 255 1210 716)
4(698 717 1211 1192)
4(716 1210 1211 717)
4(699 718 1212 1193)
4(717 1211 1212 718)
4(700 719 1213 1194)
4(718 1212 1213 719)
4(701 720 1214 1195)
4(719 1213 1214 720)
4(702 721 1215 1196)
4(720 1214 1215 721)
4(703 722 1216 1197)
4(721 1215 1216 722)
4(704 723 1217 1198)
4(722 1216 1217 723)
4(705 724 1218 1199)
4(723 1217 1218 724)
4(706 725 1219 1200)
4(724 1218 1219 725)
4(707 726 1220 1201)
4(725 1219 1220 726)
4(708 727 1221 1202)
4(726 1220 1221 727)
4(709 728 1222 1203)
4(727 1221 1222 728)
4(710 729 1223 1204)
4(728 1222 1223 729)
4(711 730 1224 1205)
4(729 1223 1224 730)
4(712 731 1225 1206)
4(730 1224 1225 731)
4(713 732 1226 1207)
4(731 1225 1226 732)
4(714 733 1227 1208)
4(732 1226 1227 733)
4(733 1227 1228 734)
4(716 735 1229 1210)
4(717 736 1230 1211)
4(718 737 1231 1212)
4(719 738 1232 1213)
4(720 739 1233 1214)
4(721 740 1234 1215)
4(722 741 1235 1216)
4(723 742 1236 1217)
4(724 743 1237 1218)
4(725 744 1238 1219)
4(726 745 1239 1220)
4(727 746 1240 1221)
4(728 747 1241 1222)
4(729 748 1242 1223)
4(730 749 1243 1224)
4(731 750 1244 1225)
4(732 751 1245 1226)
4(733 752 1246 1227)
4(278 297 791 772)
4(297 316 810 791)
4(316 335 829 810)
4(335 354 848 829)
4(354 373 867 848)
4(373 392 886 867)
4(392 411 905 886)
4(411 430 924 905)
4(430 449 943 924)
4(449 468 962 943)
4(468 487 981 962)
4(487 506 1000 981)
4(506 525 1019 1000)
4(525 544 1038 1019)
4(544 563 1057 1038)
4(563 582 1076 1057)
4(582 601 1095 1076)
4(601 620 1114 1095)
4(620 639 1133 1114)
4(639 658 1152 1133)
4(658 677 1171 1152)
4(677 696 1190 1171)
4(696 715 1209 1190)
4(715 734 1228 1209)
4(734 753 1247 1228)
4(25 51 256 152)
4(152 256 257 153)
4(153 257 258 154)
4(154 258 259 155)
4(155 259 1229 735)
4(735 1229 1230 736)
4(736 1230 1231 737)
4(737 1231 1232 738)
4(738 1232 1233 739)
4(739 1233 1234 740)
4(740 1234 1235 741)
4(741 1235 1236 742)
4(742 1236 1237 743)
4(743 1237 1238 744)
4(744 1238 1239 745)
4(745 1239 1240 746)
4(746 1240 1241 747)
4(747 1241 1242 748)
4(748 1242 1243 749)
4(749 1243 1244 750)
4(750 1244 1245 751)
4(751 1245 1246 752)
4(752 1246 1247 753)
4(0 1 56 52)
4(1 2 60 56)
4(2 3 64 60)
4(3 4 68 64)
4(4 5 72 68)
4(5 6 76 72)
4(6 7 80 76)
4(7 8 84 80)
4(8 9 88 84)
4(9 10 92 88)
4(10 11 96 92)
4(11 12 100 96)
4(12 13 104 100)
4(13 14 108 104)
4(14 15 112 108)
4(15 16 116 112)
4(16 17 120 116)
4(17 18 124 120)
4(18 19 128 124)
4(19 20 132 128)
4(20 21 136 132)
4(21 22 140 136)
4(22 23 144 140)
4(23 24 148 144)
4(24 25 152 148)
4(52 56 57 53)
4(56 60 61 57)
4(60 64 65 61)
4(64 68 69 65)
4(68 72 73 69)
4(72 76 77 73)
4(76 80 81 77)
4(80 84 85 81)
4(84 88 89 85)
4(88 92 93 89)
4(92 96 97 93)
4(96 100 101 97)
4(100 104 105 101)
4(104 108 109 105)
4(108 112 113 109)
4(112 116 117 113)
4(116 120 121 117)
4(120 124 125 121)
4(124 128 129 125)
4(128 132 133 129)
4(132 136 137 133)
4(136 140 141 137)
4(140 144 145 141)
4(144 148 149 145)
4(148 152 153 149)
4(53 57 58 54)
4(57 61 62 58)
4(61 65 66 62)
4(65 69 70 66)
4(69 73 74 70)
4(73 77 78 74)
4(77 81 82 78)
4(81 85 86 82)
4(85 89 90 86)
4(89 93 94 90)
4(93 97 98 94)
4(97 101 102 98)
4(101 105 106 102)
4(105 109 110 106)
4(109 113 114 110)
4(113 117 118 114)
4(117 121 122 118)
4(121 125 126 122)
4(125 129 130 126)
4(129 133 134 130)
4(133 137 138 134)
4(137 141 142 138)
4(141 145 146 142)
4(145 149 150 146)
4(149 153 154 150)
4(54 58 59 55)
4(58 62 63 59)
4(62 66 67 63)
4(66 70 71 67)
4(70 74 75 71)
4(74 78 79 75)
4(78 82 83 79)
4(82 86 87 83)
4(86 90 91 87)
4(90 94 95 91)
4(94 98 99 95)
4(98 102 103 99)
4(102 106 107 103)
4(106 110 111 107)
4(110 114 115 111)
4(114 118 119 115)
4(118 122 123 119)
4(122 126 127 123)
4(126 130 131 127)
4(130 134 135 131)
4(134 138 139 135)
4(138 142 143 139)
4(142 146 147 143)
4(146 150 151 147)
4(150 154 155 151)
4(26 156 160 27)
4(27 160 164 28)
4(28 164 168 29)
4(29 168 172 30)
4(30 172 176 31)
4(31 176 180 32)
4(32 180 184 33)
4(33 184 188 34)
4(34 188 192 35)
4(35 192 196 36)
4(36 196 200 37)
4(37 200 204 38)
4(38 204 208 39)
4(39 208 212 40)
4(40 212 216 41)
4(41 216 220 42)
4(42 220 224 43)
4(43 224 228 44)
4(44 228 232 45)
4(45 232 236 46)
4(46 236 240 47)
4(47 240 244 48)
4(48 244 248 49)
4(49 248 252 50)
4(50 252 256 51)
4(156 157 161 160)
4(160 161 165 164)
4(164 165 169 168)
4(168 169 173 172)
4(172 173 177 176)
4(176 177 181 180)
4(180 181 185 184)
4(184 185 189 188)
4(188 189 193 192)
4(192 193 197 196)
4(196 197 201 200)
4(200 201 205 204)
4(204 205 209 208)
4(208 209 213 212)
4(212 213 217 216)
4(216 217 221 220)
4(220 221 225 224)
4(224 225 229 228)
4(228 229 233 232)
4(232 233 237 236)
4(236 237 241 240)
4(240 241 245 244)
4(244 245 249 248)
4(248 249 253 252)
4(252 253 257 256)
4(157 158 162 161)
4(161 162 166 165)
4(165 166 170 169)
4(169 170 174 173)
4(173 174 178 177)
4(177 178 182 181)
4(181 182 186 185)
4(185 186 190 189)
4(189 190 194 193)
4(193 194 198 197)
4(197 198 202 201)
4(201 202 206 205)
4(205 206 210 209)
4(209 210 214 213)
4(213 214 218 217)
4(217 218 222 221)
4(221 222 226 225)
4(225 226 230 229)
4(229 230 234 233)
4(233 234 238 237)
4(237 238 242 241)
4(241 242 246 245)
4(245 246 250 249)
4(249 250 254 253)
4(253 254 258 257)
4(158 159 163 162)
4(162 163 167 166)
4(166 167 171 170)
4(170 171 175 174)
4(174 175 179 178)
4(178 179 183 182)
4(182 183 187 186)
4(186 187 191 190)
4(190 191 195 194)
4(194 195 199 198)
4(198 199 203 202)
4(202 203 207 206)
4(206 207 211 210)
4(210 211 215 214)
4(214 215 219 218)
4(218 219 223 222)
4(222 223 227 226)
4(226 227 231 230)
4(230 231 235 234)
4(234 235 239 238)
4(238 239 243 242)
4(242 243 247 246)
4(246 247 251 250)
4(250 251 255 254)
4(254 255 259 258)
4(55 59 279 260)
4(59 63 298 279)
4(63 67 317 298)
4(67 71 336 317)
4(71 75 355 336)
4(75 79 374 355)
4(79 83 393 374)
4(83 87 412 393)
4(87 91 431 412)
4(91 95 450 431)
4(95 99 469 450)
4(99 103 488 469)
4(103 107 507 488)
4(107 111 526 507)
4(111 115 545 526)
4(115 119 564 545)
4(119 123 583 564)
4(123 127 602 583)
4(127 131 621 602)
4(131 135 640 621)
4(135 139 659 640)
4(139 143 678 659)
4(143 147 697 678)
4(147 151 716 697)
4(151 155 735 716)
4(260 279 280 261)
4(279 298 299 280)
4(298 317 318 299)
4(317 336 337 318)
4(336 355 356 337)
4(355 374 375 356)
4(374 393 394 375)
4(393 412 413 394)
4(412 431 432 413)
4(431 450 451 432)
4(450 469 470 451)
4(469 488 489 470)
4(488 507 508 489)
4(507 526 527 508)
4(526 545 546 527)
4(545 564 565 546)
4(564 583 584 565)
4(583 602 603 584)
4(602 621 622 603)
4(621 640 641 622)
4(640 659 660 641)
4(659 678 679 660)
4(678 697 698 679)
4(697 716 717 698)
4(716 735 736 717)
4(261 280 281 262)
4(280 299 300 281)
4(299 318 319 300)
4(318 337 338 319)
4(337 356 357 338)
4(356 375 376 357)
4(375 394 395 376)
4(394 413 414 395)
4(413 432 433 414)
4(432 451 452 433)
4(451 470 471 452)
4(470 489 490 471)
4(489 508 509 490)
4(508 527 528 509)
4(527 546 547 528)
4(546 565 566 547)
4(565 584 585 566)
4(584 603 604 585)
4(603 622 623 604)
4(622 641 642 623)
4(641 660 661 642)
4(660 679 680 661)
4(679 698 699 680)
4(698 717 718 699)
4(717 736 737 718)
4(262 281 282 263)
4(281 300 301 282)
4(300 319 320 301)
4(319 338 339 320)
4(338 357 358 339)
4(357 376 377 358)
4(376 395 396 377)
4(395 414 415 396)
4(414 433 434 415)
4(433 452 453 434)
4(452 471 472 453)
4(471 490 491 472)
4(490 509 510 491)
4(509 528 529 510)
4(528 547 548 529)
4(547 566 567 548)
4(566 585 586 567)
4(585 604 605 586)
4(604 623 624 605)
4(623 642 643 624)
4(642 661 662 643)
4(661 680 681 662)
4(680 699 700 681)
4(699 718 719 700)
4(718 737 738 719)
4(263 282 283 264)
4(282 301 302 283)
4(301 320 321 302)
4(320 339 340 321)
4(339 358 359 340)
4(358 377 378 359)
4(377 396 397 378)
4(396 415 416 397)
4(415 434 435 416)
4(434 453 454 435)
4(453 472 473 454)
4(472 491 492 473)
4(491 510 511 492)
4(510 529 530 511)
4(529 548 549 530)
4(548 567 568 549)
4(567 586 587 568)
4(586 605 606 587)
4(605 624 625 606)
4(624 643 644 625)
4(643 662 663 644)
4(662 681 682 663)
4(681 700 701 682)
4(700 719 720 701)
4(719 738 739 720)
4(264 283 284 265)
4(283 302 303 284)
4(302 321 322 303)
4(321 340 341 322)
4(340 359 360 341)
4(359 378 379 360)
4(378 397 398 379)
4(397 416 417 398)
4(416 435 436 417)
4(435 454 455 436)
4(454 473 474 455)
4(473 492 493 474)
4(492 511 512 493)
4(511 530 531 512)
4(530 549 550 531)
4(549 568 569 550)
4(568 587 588 569)
4(587 606 607 588)
4(606 625 626 607)
4(625 644 645 626)
4(644 663 664 645)
4(663 682 683 664)
4(682 701 702 683)
4(701 720 721 702)
4(720 739 740 721)
4(265 284 285 266)
4(284 303 304 285)
4(303 322 323 304)
4(322 341 342 323)
4(341 360 361 342)
4(360 379 380 361)
4(379 398 399 380)
4(398 417 418 399)
4(417 436 437 418)
4(436 455 456 437)
4(455 474 475 456)
4(474 493 494 475)
4(493 512 513 494)
4(512 531 532 513)
4(531 550 551 532)
4(550 569 570 551)
4(569 588 589 570)
4(588 607 608 589)
4(607 626 627 608)
4(626 645 646 627)
4(645 664 665 646)
4(664 683 684 665)
4(683 702 703 684)
4(702 721 722 703)
4(721 740 741 722)
4(266 285 286 267)
4(285 304 305 286)
4(304 323 324 305)
4(323 342 343 324)
4(342 361 362 343)
4(361 380 381 362)
4(380 399 400 381)
4(399 418 419 400)
4(418 437 438 419)
4(437 456 457 438)
4(456 475 476 457)
4(475 494 495 476)
4(494 513 514 495)
4(513 532 533 514)
4(532 551 552 533)
4(551 570 571 552)
4(570 589 590 571)
4(589 608 609 590)
4(608 627 628 609)
4(627 646 647 628)
4(646 665 666 647)
4(665 684 685 666)
4(684 703 704 685)
4(703 722 723 704)
4(722 741 742 723)
4(267 286 287 268)
4(286 305 306 287)
4(305 324 325 306)
4(324 343 344 325)
4(343 362 363 344)
4(362 381 382 363)
4(381 400 401 382)
4(400 419 420 401)
4(419 438 439 420)
4(438 457 458 439)
4(457 476 477 458)
4(476 495 496 477)
4(495 514 515 496)
4(514 533 534 515)
4(533 552 553 534)
4(552 571 572 553)
4(571 590 591 572)
4(590 609 610 591)
4(609 628 629 610)
4(628 647 648 629)
4(647 666 667 648)
4(666 685 686 667)
4(685 704 705 686)
4(704 723 724 705)
4(723 742 743 724)
4(268 287 288 269)
4(287 306 307 288)
4(306 325 326 307)
4(325 344 345 326)
4(344 363 364 345)
4(363 382 383 364)
4(382 401 402 383)
4(401 420 421 402)
4(420 439 440 421)
4(439 458 459 440)
4(458 477 478 459)
4(477 496 497 478)
4(496 515 516 497)
4(515 534 535 516)
4(534 553 554 535)
4(553 572 573 554)
4(572 591 592 573)
4(591 610 611 592)
4(610 629 630 611)
4(629 648 649 630)
4(648 667 668 649)
4(667 686 687 668)
4(686 705 706 687)
4(705 724 725 706)
4(724 743 744 725)
4(269 288 289 270)
4(288 307 308 289)
4(307 326 327 308)
4(326 345 346 327)
4(345 364 365 346)
4(364 383 384 365)
4(383 402 403 384)
4(402 421 422 403)
4(421 440 441 422)
4(440 459 460 441)
4(459 478 479 460)
4(478 497 498 479)
4(497 516 517 498)
4(516 535 536 517)
4(535 554 555 536)
4(554 573 574 555)
4(573 592 593 574)
4(592 611 612 593)
4(611 630 631 612)
4(630 649 650 631)
4(649 668 669 650)
4(668 687 688 669)
4(687 706 707 688)
4(706 725 726 707)
4(725 744 745 726)
4(270 289 290 271)
4(289 308 309 290)
4(308 327 328 309)
4(327 346 347 328)
4(346 365 366 347)
4(365 384 385 366)
4(384 403 404 385)
4(403 422 423 404)
4(422 441 442 423)
4(441 460 461 442)
4(460 479 480 461)
4(479 498 499 480)
4(498 517 518 499)
4(517 536 537 518)
4(536 555 556 537)
4(555 574 575 556)
4(574 593 594 575)
4(593 612 613 594)
4(612 631 632 613)
4(631 650 651 632)
4(650 669 670 651)
4(669 688 689 670)
4(688 707 708 689)
4(707 726 727 708)
4(726 745 746 727)
4(271 290 291 272)
4(290 309 310 291)
4(309 328 329 310)
4(328 347 348 329)
4(347 366 367 348)
4(366 385 386 367)
4(385 404 405 386)
4(404 423 424 405)
4(423 442 443 424)
4(442 461 462 443)
4(461 480 481 462)
4(480 499 500 481)
4(499 518 519 500)
4(518 537 538 519)
4(537 556 557 538)
4(556 575 576 557)
4(575 594 595 576)
4(594 613 614 595)
4(613 632 633 614)
4(632 651 652 633)
4(651 670 671 652)
4(670 689 690 671)
4(689 708 709 690)
4(708 727 728 709)
4(727 746 747 728)
4(272 291 292 273)
4(291 310 311 292)
4(310 329 330 311)
4(329 348 349 330)
4(348 367 368 349)
4(367 386 387 368)
4(386 405 406 387)
4(405 424 425 406)
4(424 443 444 425)
4(443 462 463 444)
4(462 481 482 463)
4(481 500 501 482)
4(500 519 520 501)
4(519 538 539 520)
4(538 557 558 539)
4(557 576 577 558)
4(576 595 596 577)
4(595 614 615 596)
4(614 633 634 615)
4(633 652 653 634)
4(652 671 672 653)
4(671 690 691 672)
4(690 709 710 691)
4(709 728 729 710)
4(728 747 748 729)
4(273 292 293 274)
4(292 311 312 293)
4(311 330 331 312)
4(330 349 350 331)
4(349 368 369 350)
4(368 387 388 369)
4(387 406 407 388)
4(406 425 426 407)
4(425 444 445 426)
4(444 463 464 445)
4(463 482 483 464)
4(482 501 502 483)
4(501 520 521 502)
4(520 539 540 521)
4(539 558 559 540)
4(558 577 578 559)
4(577 596 597 578)
4(596 615 616 597)
4(615 634 635 616)
4(634 653 654 635)
4(653 672 673 654)
4(672 691 692 673)
4(691 710 711 692)
4(710 729 730 711)
4(729 748 749 730)
4(274 293 294 275)
4(293 312 313 294)
4(312 331 332 313)
4(331 350 351 332)
4(350 369 370 351)
4(369 388 389 370)
4(388 407 408 389)
4(407 426 427 408)
4(426 445 446 427)
4(445 464 465 446)
4(464 483 484 465)
4(483 502 503 484)
4(502 521 522 503)
4(521 540 541 522)
4(540 559 560 541)
4(559 578 579 560)
4(578 597 598 579)
4(597 616 617 598)
4(616 635 636 617)
4(635 654 655 636)
4(654 673 674 655)
4(673 692 693 674)
4(692 711 712 693)
4(711 730 731 712)
4(730 749 750 731)
4(275 294 295 276)
4(294 313 314 295)
4(313 332 333 314)
4(332 351 352 333)
4(351 370 371 352)
4(370 389 390 371)
4(389 408 409 390)
4(408 427 428 409)
4(427 446 447 428)
4(446 465 466 447)
4(465 484 485 466)
4(484 503 504 485)
4(503 522 523 504)
4(522 541 542 523)
4(541 560 561 542)
4(560 579 580 561)
4(579 598 599 580)
4(598 617 618 599)
4(617 636 637 618)
4(636 655 656 637)
4(655 674 675 656)
4(674 693 694 675)
4(693 712 713 694)
4(712 731 732 713)
4(731 750 751 732)
4(276 295 296 277)
4(295 314 315 296)
4(314 333 334 315)
4(333 352 353 334)
4(352 371 372 353)
4(371 390 391 372)
4(390 409 410 391)
4(409 428 429 410)
4(428 447 448 429)
4(447 466 467 448)
4(466 485 486 467)
4(485 504 505 486)
4(504 523 524 505)
4(523 542 543 524)
4(542 561 562 543)
4(561 580 581 562)
4(580 599 600 581)
4(599 618 619 600)
4(618 637 638 619)
4(637 656 657 638)
4(656 675 676 657)
4(675 694 695 676)
4(694 713 714 695)
4(713 732 733 714)
4(732 751 752 733)
4(277 296 297 278)
4(296 315 316 297)
4(315 334 335 316)
4(334 353 354 335)
4(353 372 373 354)
4(372 391 392 373)
4(391 410 411 392)
4(410 429 430 411)
4(429 448 449 430)
4(448 467 468 449)
4(467 486 487 468)
4(486 505 506 487)
4(505 524 525 506)
4(524 543 544 525)
4(543 562 563 544)
4(562 581 582 563)
4(581 600 601 582)
4(600 619 620 601)
4(619 638 639 620)
4(638 657 658 639)
4(657 676 677 658)
4(676 695 696 677)
4(695 714 715 696)
4(714 733 734 715)
4(733 752 753 734)
4(159 754 773 163)
4(163 773 792 167)
4(167 792 811 171)
4(171 811 830 175)
4(175 830 849 179)
4(179 849 868 183)
4(183 868 887 187)
4(187 887 906 191)
4(191 906 925 195)
4(195 925 944 199)
4(199 944 963 203)
4(203 963 982 207)
4(207 982 1001 211)
4(211 1001 1020 215)
4(215 1020 1039 219)
4(219 1039 1058 223)
4(223 1058 1077 227)
4(227 1077 1096 231)
4(231 1096 1115 235)
4(235 1115 1134 239)
4(239 1134 1153 243)
4(243 1153 1172 247)
4(247 1172 1191 251)
4(251 1191 1210 255)
4(255 1210 1229 259)
4(754 755 774 773)
4(773 774 793 792)
4(792 793 812 811)
4(811 812 831 830)
4(830 831 850 849)
4(849 850 869 868)
4(868 869 888 887)
4(887 888 907 906)
4(906 907 926 925)
4(925 926 945 944)
4(944 945 964 963)
4(963 964 983 982)
4(982 983 1002 1001)
4(1001 1002 1021 1020)
4(1020 1021 1040 1039)
4(1039 1040 1059 1058)
4(1058 1059 1078 1077)
4(1077 1078 1097 1096)
4(1096 1097 1116 1115)
4(1115 1116 1135 1134)
4(1134 1135 1154 1153)
4(1153 1154 1173 1172)
4(1172 1173 1192 1191)
4(1191 1192 1211 1210)
4(1210 1211 1230 1229)
4(755 756 775 774)
4(774 775 794 793)
4(793 794 813 812)
4(812 813 832 831)
4(831 832 851 850)
4(850 851 870 869)
4(869 870 889 888)
4(888 889 908 907)
4(907 908 927 926)
4(926 927 946 945)
4(945 946 965 964)
4(964 965 984 983)
4(983 984 1003 1002)
4(1002 1003 1022 1021)
4(1021 1022 1041 1040)
4(1040 1041 1060 1059)
4(1059 1060 1079 1078)
4(1078 1079 1098 1097)
4(1097 1098 1117 1116)
4(1116 1117 1136 1135)
4(1135 1136 1155 1154)
4(1154 1155 1174 1173)
4(1173 1174 1193 1192)
4(1192 1193 1212 1211)
4(1211 1212 1231 1230)
4(756 757 776 775)
4(775 776 795 794)
4(794 795 814 813)
4(813 814 833 832)
4(832 833 852 851)
4(851 852 871 870)
4(870 871 890 889)
4(889 890 909 908)
4(908 909 928 927)
4(927 928 947 946)
4(946 947 966 965)
4(965 966 985 984)
4(984 985 1004 1003)
4(1003 1004 1023 1022)
4(1022 1023 1042 1041)
4(1041 1042 1061 1060)
4(1060 1061 1080 1079)
4(1079 1080 1099 1098)
4(1098 1099 1118 1117)
4(1117 1118 1137 1136)
4(1136 1137 1156 1155)
4(1155 1156 1175 1174)
4(1174 1175 1194 1193)
4(1193 1194 1213 1212)
4(1212 1213 1232 1231)
4(757 758 777 776)
4(776 777 796 795)
4(795 796 815 814)
4(814 815 834 833)
4(833 834 853 852)
4(852 853 872 871)
4(871 872 891 890)
4(890 891 910 909)
4(909 910 929 928)
4(928 929 948 947)
4(947 948 967 966)
4(966 967 986 985)
4(985 986 1005 1004)
4(1004 1005 1024 1023)
4(1023 1024 1043 1042)
4(1042 1043 1062 1061)
4(1061 1062 1081 1080)
4(1080 1081 1100 1099)
4(1099 1100 1119 1118)
4(1118 1119 1138 1137)
4(1137 1138 1157 1156)
4(1156 1157 1176 1175)
4(1175 1176 1195 1194)
4(1194 1195 1214 1213)
4(1213 1214 1233 1232)
4(758 759 778 777)
4(777 778 797 796)
4(796 797 816 815)
4(815 816 835 834)
4(834 835 854 853)
4(853 854 873 872)
4(872 873 892 891)
4(891 892 911 910)
4(910 911 930 929)
4(929 930 949 948)
4(948 949 968 967)
4(967 968 987 986)
4(986 987 1006 1005)
4(1005 1006 1025 1024)
4(1024 1025 1044 1043)
4(1043 1044 1063 1062)
4(1062 1063 1082 1081)
4(1081 1082 1101 1100)
4(1100 1101 1120 1119)
4(1119 1120 1139 1138)
4(1138 1139 1158 1157)
4(1157 1158 1177 1176)
4(1176 1177 1196 1195)
4(1195 1196 1215 1214)
4(1214 1215 1234 1233)
4(759 760 779 778)
4(778 779 798 797)
4(797 798 817 816)
4(816 817 836 835)
4(835 836 855 854)
4(854 855 874 873)
4(873 874 893 892)
4(892 893 912 911)
4(911 912 931 930)
4(930 931 950 949)
4(949 950 969 968)
4(968 969 988 987)
4(987 988 1007 1006)
4(1006 1007 1026 1025)
4(1025 1026 1045 1044)
4(1044 1045 1064 1063)
4(1063 1064 1083 1082)
4(1082 1083 1102 1101)
4(1101 1102 1121 1120)
4(1120 1121 1140 1139)
4(1139 1140 1159 1158)
4(1158 1159 1178 1177)
4(1177 1178 1197 1196)
4(1196 1197 1216 1215)
4(1215 1216 1235 1234)
4(760 761 780 779)
4(779 780 799 798)
4(798 799 818 817)
4(817 818 837 836)
4(836 837 856 855)
4(855 856 875 874)
4(874 875 894 893)
4(893 894 913 912)
4(912 913 932 931)
4(931 932 951 950)
4(950 951 970 969)
4(969 970 989 988)
4(988 989 1008 1007)
4(1007 1008 1027 1026)
4(1026 1027 1046 1045)
4(1045 1046 1065 1064)
4(1064 1065 1084 1083)
4(1083 1084 1103 1102)
4(1102 1103 1122 1121)
4(1121 1122 1141 1140)
4(1140 1141 1160 1159)
4(1159 1160 1179 1178)
4(1178 1179 1198 1197)
4(1197 1198 1217 1216)
4(1216 1217 1236 1235)
4(761 762 781 780)
4(780 781 800 799)
4(799 800 819 818)
4(818 819 838 837)
4(837 838 857 856)
4(856 857 876 875)
4(875 876 895 894)
4(894 895 914 913)
4(913 914 933 932)
4(932 933 952 951)
4(951 952 971 970)
4(970 971 990 989)
4(989 990 1009 1008)
4(1008 1009 1028 1027)
4(1027 1028 1047 1046)
4(1046 1047 1066 1065)
4(1065 1066 1085 1084)
4(1084 1085 1104 1103)
4(1103 1104 1123 1122)
4(1122 1123 1142 1141)
4(1141 1142 1161 1160)
4(1160 1161 1180 1179)
4(1179 1180 1199 1198)
4(1198 1199 1218 1217)
4(1217 1218 1237 1236)
4(762 763 782 781)
4(781 782 801 800)
4(800 801 820 819)
4(819 820 839 838)
4(838 839 858 857)
4(857 858 877 876)
4(876 877 896 895)
4(895 896 915 914)
4(914 915 934 933)
4(933 934 953 952)
4(952 953 972 971)
4(971 972 991 990)
4(990 991 1010 1009)
4(1009 1010 1029 1028)
4(1028 1029 1048 1047)
4(1047 1048 1067 1066)
4(1066 1067 1086 1085)
4(1085 1086 1105 1104)
4(1104 1105 1124 1123)
4(1123 1124 1143 1142)
4(1142 1143 1162 1161)
4(1161 1162 1181 1180)
4(1180 1181 1200 1199)
4(1199 1200 1219 1218)
4(1218 1219 1238 1237)
4(763 764 783 782)
4(782 783 802 801)
4(801 802 821 820)
4(820 821 840 839)
4(839 840 859 858)
4(858 859 878 877)
4(877 878 897 896)
4(896 897 916 915)
4(915 916 935 934)
4(934 935 954 953)
4(953 954 973 972)
4(972 973 992 991)
4(991 992 1011 1010)
4(1010 1011 1030 1029)
4(1029 1030 1049 1048)
4(1048 1049 1068 1067)
4(1067 1068 1087 1086)
4(1086 1087 1106 1105)
4(1105 1106 1125 1124)
4(1124 1125 1144 1143)
4(1143 1144 1163 1162)
4(1162 1163 1182 1181)
4(1181 1182 1201 1200)
4(1200 1201 1220 1219)
4(1219 1220 1239 1238)
4(764 765 784 783)
4(783 784 803 802)
4(802 803 822 821)
4(821 822 841 840)
4(840 841 860 859)
4(859 860 879 878)
4(878 879 898 897)
4(897 898 917 916)
4(916 917 936 935)
4(935 936 955 954)
4(954 955 974 973)
4(973 974 993 992)
4(992 993 1012 1011)
4(1011 1012 1031 1030)
4(1030 1031 1050 1049)
4(1049 1050 1069 1068)
4(1068 1069 1088 1087)
4(1087 1088 1107 1106)
4(1106 1107 1126 1125)
4(1125 1126 1145 1144)
4(1144 1145 1164 1163)
4(1163 1164 1183 1182)
4(1182 1183 1202 1201)
4(1201 1202 1221 1220)
4(1220 1221 1240 1239)
4(765 766 785 784)
4(784 785 804 803)
4(803 804 823 822)
4(822 823 842 841)
4(841 842 861 860)
4(860 861 880 879)
4(879 880 899 898)
4(898 899 918 917)
4(917 918 937 936)
4(936 937 956 955)
4(955 956 975 974)
4(974 975 994 993)
4(993 994 1013 1012)
4(1012 1013 1032 1031)
4(1031 1032 1051 1050)
4(1050 1051 1070 1069)
4(1069 1070 1089 1088)
4(1088 1089 1108 1107)
4(1107 1108 1127 1126)
4(1126 1127 1146 1145)
4(1145 1146 1165 1164)
4(1164 1165 1184 1183)
4(1183 1184 1203 1202)
4(1202 1203 1222 1221)
4(1221 1222 1241 1240)
4(766 767 786 785)
4(785 786 805 804)
4(804 805 824 823)
4(823 824 843 842)
4(842 843 862 861)
4(861 862 881 880)
4(880 881 900 899)
4(899 900 919 918)
4(918 919 938 937)
4(937 938 957 956)
4(956 957 976 975)
4(975 976 995 994)
4(994 995 1014 1013)
4(1013 1014 1033 1032)
4(1032 1033 1052 1051)
4(1051 1052 1071 1070)
4(1070 1071 1090 1089)
4(1089 1090 1109 1108)
4(1108 1109 1128 1127)
4(1127 1128 1147 1146)
4(1146 1147 1166 1165)
4(1165 1166 1185 1184)
4(1184 1185 1204 1203)
4(1203 1204 1223 1222)
4(1222 1223 1242 1241)
4(767 768 787 786)
4(786 787 806 805)
4(805 806 825 824)
4(824 825 844 843)
4(843 844 863 862)
4(862 863 882 881)
4(881 882 901 900)
4(900 901 920 919)
4(919 920 939 938)
4(938 939 958 957)
4(957 958 977 976)
4(976 977 996 995)
4(995 996 1015 1014)
4(1014 1015 1034 1033)
4(1033 1034 1053 1052)
4(1052 1053 1072 1071)
4(1071 1072 1091 1090)
4(1090 1091 1110 1109)
4(1109 1110 1129 1128)
4(1128 1129 1148 1147)
4(1147 1148 1167 1166)
4(1166 1167 1186 1185)
4(1185 1186 1205 1204)
4(1204 1205 1224 1223)
4(1223 1224 1243 1242)
4(768 769 788 787)
4(787 788 807 806)
4(806 807 826 825)
4(825 826 845 844)
4(844 845 864 863)
4(863 864 883 882)
4(882 883 902 901)
4(901 902 921 920)
4(920 921 940 939)
4(939 940 959 958)
4(958 959 978 977)
4(977 978 997 996)
4(996 997 1016 1015)
4(1015 1016 1035 1034)
4(1034 1035 1054 1053)
4(1053 1054 1073 1072)
4(1072 1073 1092 1091)
4(1091 1092 1111 1110)
4(1110 1111 1130 1129)
4(1129 1130 1149 1148)
4(1148 1149 1168 1167)
4(1167 1168 1187 1186)
4(1186 1187 1206 1205)
4(1205 1206 1225 1224)
4(1224 1225 1244 1243)
4(769 770 789 788)
4(788 789 808 807)
4(807 808 827 826)
4(826 827 846 845)
4(845 846 865 864)
4(864 865 884 883)
4(883 884 903 902)
4(902 903 922 921)
4(921 922 941 940)
4(940 941 960 959)
4(959 960 979 978)
4(978 979 998 997)
4(997 998 1017 1016)
4(1016 1017 1036 1035)
4(1035 1036 1055 1054)
4(1054 1055 1074 1073)
4(1073 1074 1093 1092)
4(1092 1093 1112 1111)
4(1111 1112 1131 1130)
4(1130 1131 1150 1149)
4(1149 1150 1169 1168)
4(1168 1169 1188 1187)
4(1187 1188 1207 1206)
4(1206 1207 1226 1225)
4(1225 1226 1245 1244)
4(770 771 790 789)
4(789 790 809 808)
4(808 809 828 827)
4(827 828 847 846)
4(846 847 866 865)
4(865 866 885 884)
4(884 885 904 903)
4(903 904 923 922)
4(922 923 942 941)
4(941 942 961 960)
4(960 961 980 979)
4(979 980 999 998)
4(998 999 1018 1017)
4(1017 1018 1037 1036)
4(1036 1037 1056 1055)
4(1055 1056 1075 1074)
4(1074 1075 1094 1093)
4(1093 1094 1113 1112)
4(1112 1113 1132 1131)
4(1131 1132 1151 1150)
4(1150 1151 1170 1169)
4(1169 1170 1189 1188)
4(1188 1189 1208 1207)
4(1207 1208 1227 1226)
4(1226 1227 1246 1245)
4(771 772 791 790)
4(790 791 810 809)
4(809 810 829 828)
4(828 829 848 847)
4(847 848 867 866)
4(866 867 886 885)
4(885 886 905 904)
4(904 905 924 923)
4(923 924 943 942)
4(942 943 962 961)
4(961 962 981 980)
4(980 981 1000 999)
4(999 1000 1019 1018)
4(1018 1019 1038 1037)
4(1037 1038 1057 1056)
4(1056 1057 1076 1075)
4(1075 1076 1095 1094)
4(1094 1095 1114 1113)
4(1113 1114 1133 1132)
4(1132 1133 1152 1151)
4(1151 1152 1171 1170)
4(1170 1171 1190 1189)
4(1189 1190 1209 1208)
4(1208 1209 1228 1227)
4(1227 1228 1247 1246)
4(0 26 27 1)
4(1 27 28 2)
4(2 28 29 3)
4(3 29 30 4)
4(4 30 31 5)
4(5 31 32 6)
4(6 32 33 7)
4(7 33 34 8)
4(8 34 35 9)
4(9 35 36 10)
4(10 36 37 11)
4(11 37 38 12)
4(12 38 39 13)
4(13 39 40 14)
4(14 40 41 15)
4(15 41 42 16)
4(16 42 43 17)
4(17 43 44 18)
4(18 44 45 19)
4(19 45 46 20)
4(20 46 47 21)
4(21 47 48 22)
4(22 48 49 23)
4(23 49 50 24)
4(24 50 51 25)
4(0 52 156 26)
4(52 53 157 156)
4(53 54 158 157)
4(54 55 159 158)
4(55 260 754 159)
4(260 261 755 754)
4(261 262 756 755)
4(262 263 757 756)
4(263 264 758 757)
4(264 265 759 758)
4(265 266 760 759)
4(266 267 761 760)
4(267 268 762 761)
4(268 269 763 762)
4(269 270 764 763)
4(270 271 765 764)
4(271 272 766 765)
4(272 273 767 766)
4(273 274 768 767)
4(274 275 769 768)
4(275 276 770 769)
4(276 277 771 770)
4(277 278 772 771)
)


// ************************************************************************* //
