/*---------------------------------------------------------------------------*\
| =========                 |                                                 |
| \\      /  F ield         | OpenFOAM: The Open Source CFD Toolbox           |
|  \\    /   O peration     | Version:  1.3                                   |
|   \\  /    A nd           | Web:      http://www.openfoam.org               |
|    \\/     M anipulation  |                                                 |
\*---------------------------------------------------------------------------*/

FoamFile
{
    version 2.0;
    format ascii;

    root "/home/dm2/henry/OpenFOAM/OpenFOAM-1.2/tutorials/interFoam";
    case "damBreak/processor3";
    instance ""constant"";
    local "polyMesh";

    class vectorField;
    object points;
}

// * * * * * * * * * * * * * * * * * * * * * * * * * * * * * * * * * * * * * //


1248
(
(0.292 0.2649517619 0)
(0.292 0.2777136914 0)
(0.292 0.290475621 0)
(0.292 0.3032375505 0)
(0.292 0.31599948 0)
(0.292 0.3287614095 0)
(0.292 0.341523339 0)
(0.292 0.3542852686 0)
(0.292 0.3670471981 0)
(0.292 0.3798091276 0)
(0.292 0.3925710571 0)
(0.292 0.4053329867 0)
(0.292 0.4180949162 0)
(0.292 0.4308568457 0)
(0.292 0.4436187752 0)
(0.292 0.4563807048 0)
(0.292 0.4691426343 0)
(0.292 0.4819045638 0)
(0.292 0.4946664933 0)
(0.292 0.5074284229 0)
(0.292 0.5201903524 0)
(0.292 0.5329522819 0)
(0.292 0.5457142114 0)
(0.292 0.558476141 0)
(0.292 0.5712380705 0)
(0.292 0.584 0)
(0.292 0.2649517619 0.0146)
(0.292 0.2777136914 0.0146)
(0.292 0.290475621 0.0146)
(0.292 0.3032375505 0.0146)
(0.292 0.31599948 0.0146)
(0.292 0.3287614095 0.0146)
(0.292 0.341523339 0.0146)
(0.292 0.3542852686 0.0146)
(0.292 0.3670471981 0.0146)
(0.292 0.3798091276 0.0146)
(0.292 0.3925710571 0.0146)
(0.292 0.4053329867 0.0146)
(0.292 0.4180949162 0.0146)
(0.292 0.4308568457 0.0146)
(0.292 0.4436187752 0.0146)
(0.292 0.4563807048 0.0146)
(0.292 0.4691426343 0.0146)
(0.292 0.4819045638 0.0146)
(0.292 0.4946664933 0.0146)
(0.292 0.5074284229 0.0146)
(0.292 0.5201903524 0.0146)
(0.292 0.5329522819 0.0146)
(0.292 0.5457142114 0.0146)
(0.292 0.558476141 0.0146)
(0.292 0.5712380705 0.0146)
(0.292 0.584 0.0146)
(0.29799987 0.2649517619 0)
(0.30399974 0.2649517619 0)
(0.30999961 0.2649517619 0)
(0.31599948 0.2649517619 0)
(0.29799987 0.2777136914 0)
(0.30399974 0.2777136914 0)
(0.30999961 0.2777136914 0)
(0.31599948 0.2777136914 0)
(0.29799987 0.290475621 0)
(0.30399974 0.290475621 0)
(0.30999961 0.290475621 0)
(0.31599948 0.290475621 0)
(0.29799987 0.3032375505 0)
(0.30399974 0.3032375505 0)
(0.30999961 0.3032375505 0)
(0.31599948 0.3032375505 0)
(0.29799987 0.31599948 0)
(0.30399974 0.31599948 0)
(0.30999961 0.31599948 0)
(0.31599948 0.31599948 0)
(0.29799987 0.3287614095 0)
(0.30399974 0.3287614095 0)
(0.30999961 0.3287614095 0)
(0.31599948 0.3287614095 0)
(0.29799987 0.341523339 0)
(0.30399974 0.341523339 0)
(0.30999961 0.341523339 0)
(0.31599948 0.341523339 0)
(0.29799987 0.3542852686 0)
(0.30399974 0.3542852686 0)
(0.30999961 0.3542852686 0)
(0.31599948 0.3542852686 0)
(0.29799987 0.3670471981 0)
(0.30399974 0.3670471981 0)
(0.30999961 0.3670471981 0)
(0.31599948 0.3670471981 0)
(0.29799987 0.3798091276 0)
(0.30399974 0.3798091276 0)
(0.30999961 0.3798091276 0)
(0.31599948 0.3798091276 0)
(0.29799987 0.3925710571 0)
(0.30399974 0.3925710571 0)
(0.30999961 0.3925710571 0)
(0.31599948 0.3925710571 0)
(0.29799987 0.4053329867 0)
(0.30399974 0.4053329867 0)
(0.30999961 0.4053329867 0)
(0.31599948 0.4053329867 0)
(0.29799987 0.4180949162 0)
(0.30399974 0.4180949162 0)
(0.30999961 0.4180949162 0)
(0.31599948 0.4180949162 0)
(0.29799987 0.4308568457 0)
(0.30399974 0.4308568457 0)
(0.30999961 0.4308568457 0)
(0.31599948 0.4308568457 0)
(0.29799987 0.4436187752 0)
(0.30399974 0.4436187752 0)
(0.30999961 0.4436187752 0)
(0.31599948 0.4436187752 0)
(0.29799987 0.4563807048 0)
(0.30399974 0.4563807048 0)
(0.30999961 0.4563807048 0)
(0.31599948 0.4563807048 0)
(0.29799987 0.4691426343 0)
(0.30399974 0.4691426343 0)
(0.30999961 0.4691426343 0)
(0.31599948 0.4691426343 0)
(0.29799987 0.4819045638 0)
(0.30399974 0.4819045638 0)
(0.30999961 0.4819045638 0)
(0.31599948 0.4819045638 0)
(0.29799987 0.4946664933 0)
(0.30399974 0.4946664933 0)
(0.30999961 0.4946664933 0)
(0.31599948 0.4946664933 0)
(0.29799987 0.5074284229 0)
(0.30399974 0.5074284229 0)
(0.30999961 0.5074284229 0)
(0.31599948 0.5074284229 0)
(0.29799987 0.5201903524 0)
(0.30399974 0.5201903524 0)
(0.30999961 0.5201903524 0)
(0.31599948 0.5201903524 0)
(0.29799987 0.5329522819 0)
(0.30399974 0.5329522819 0)
(0.30999961 0.5329522819 0)
(0.31599948 0.5329522819 0)
(0.29799987 0.5457142114 0)
(0.30399974 0.5457142114 0)
(0.30999961 0.5457142114 0)
(0.31599948 0.5457142114 0)
(0.29799987 0.558476141 0)
(0.30399974 0.558476141 0)
(0.30999961 0.558476141 0)
(0.31599948 0.558476141 0)
(0.29799987 0.5712380705 0)
(0.30399974 0.5712380705 0)
(0.30999961 0.5712380705 0)
(0.31599948 0.5712380705 0)
(0.29799987 0.584 0)
(0.30399974 0.584 0)
(0.30999961 0.584 0)
(0.31599948 0.584 0)
(0.29799987 0.2649517619 0.0146)
(0.30399974 0.2649517619 0.0146)
(0.30999961 0.2649517619 0.0146)
(0.31599948 0.2649517619 0.0146)
(0.29799987 0.2777136914 0.0146)
(0.30399974 0.2777136914 0.0146)
(0.30999961 0.2777136914 0.0146)
(0.31599948 0.2777136914 0.0146)
(0.29799987 0.290475621 0.0146)
(0.30399974 0.290475621 0.0146)
(0.30999961 0.290475621 0.0146)
(0.31599948 0.290475621 0.0146)
(0.29799987 0.3032375505 0.0146)
(0.30399974 0.3032375505 0.0146)
(0.30999961 0.3032375505 0.0146)
(0.31599948 0.3032375505 0.0146)
(0.29799987 0.31599948 0.0146)
(0.30399974 0.31599948 0.0146)
(0.30999961 0.31599948 0.0146)
(0.31599948 0.31599948 0.0146)
(0.29799987 0.3287614095 0.0146)
(0.30399974 0.3287614095 0.0146)
(0.30999961 0.3287614095 0.0146)
(0.31599948 0.3287614095 0.0146)
(0.29799987 0.341523339 0.0146)
(0.30399974 0.341523339 0.0146)
(0.30999961 0.341523339 0.0146)
(0.31599948 0.341523339 0.0146)
(0.29799987 0.3542852686 0.0146)
(0.30399974 0.3542852686 0.0146)
(0.30999961 0.3542852686 0.0146)
(0.31599948 0.3542852686 0.0146)
(0.29799987 0.3670471981 0.0146)
(0.30399974 0.3670471981 0.0146)
(0.30999961 0.3670471981 0.0146)
(0.31599948 0.3670471981 0.0146)
(0.29799987 0.3798091276 0.0146)
(0.30399974 0.3798091276 0.0146)
(0.30999961 0.3798091276 0.0146)
(0.31599948 0.3798091276 0.0146)
(0.29799987 0.3925710571 0.0146)
(0.30399974 0.3925710571 0.0146)
(0.30999961 0.3925710571 0.0146)
(0.31599948 0.3925710571 0.0146)
(0.29799987 0.4053329867 0.0146)
(0.30399974 0.4053329867 0.0146)
(0.30999961 0.4053329867 0.0146)
(0.31599948 0.4053329867 0.0146)
(0.29799987 0.4180949162 0.0146)
(0.30399974 0.4180949162 0.0146)
(0.30999961 0.4180949162 0.0146)
(0.31599948 0.4180949162 0.0146)
(0.29799987 0.4308568457 0.0146)
(0.30399974 0.4308568457 0.0146)
(0.30999961 0.4308568457 0.0146)
(0.31599948 0.4308568457 0.0146)
(0.29799987 0.4436187752 0.0146)
(0.30399974 0.4436187752 0.0146)
(0.30999961 0.4436187752 0.0146)
(0.31599948 0.4436187752 0.0146)
(0.29799987 0.4563807048 0.0146)
(0.30399974 0.4563807048 0.0146)
(0.30999961 0.4563807048 0.0146)
(0.31599948 0.4563807048 0.0146)
(0.29799987 0.4691426343 0.0146)
(0.30399974 0.4691426343 0.0146)
(0.30999961 0.4691426343 0.0146)
(0.31599948 0.4691426343 0.0146)
(0.29799987 0.4819045638 0.0146)
(0.30399974 0.4819045638 0.0146)
(0.30999961 0.4819045638 0.0146)
(0.31599948 0.4819045638 0.0146)
(0.29799987 0.4946664933 0.0146)
(0.30399974 0.4946664933 0.0146)
(0.30999961 0.4946664933 0.0146)
(0.31599948 0.4946664933 0.0146)
(0.29799987 0.5074284229 0.0146)
(0.30399974 0.5074284229 0.0146)
(0.30999961 0.5074284229 0.0146)
(0.31599948 0.5074284229 0.0146)
(0.29799987 0.5201903524 0.0146)
(0.30399974 0.5201903524 0.0146)
(0.30999961 0.5201903524 0.0146)
(0.31599948 0.5201903524 0.0146)
(0.29799987 0.5329522819 0.0146)
(0.30399974 0.5329522819 0.0146)
(0.30999961 0.5329522819 0.0146)
(0.31599948 0.5329522819 0.0146)
(0.29799987 0.5457142114 0.0146)
(0.30399974 0.5457142114 0.0146)
(0.30999961 0.5457142114 0.0146)
(0.31599948 0.5457142114 0.0146)
(0.29799987 0.558476141 0.0146)
(0.30399974 0.558476141 0.0146)
(0.30999961 0.558476141 0.0146)
(0.31599948 0.558476141 0.0146)
(0.29799987 0.5712380705 0.0146)
(0.30399974 0.5712380705 0.0146)
(0.30999961 0.5712380705 0.0146)
(0.31599948 0.5712380705 0.0146)
(0.29799987 0.584 0.0146)
(0.30399974 0.584 0.0146)
(0.30999961 0.584 0.0146)
(0.31599948 0.584 0.0146)
(0.3301047705 0.2649517619 0)
(0.3442100611 0.2649517619 0)
(0.3583153516 0.2649517619 0)
(0.3724206421 0.2649517619 0)
(0.3865259326 0.2649517619 0)
(0.4006312232 0.2649517619 0)
(0.4147365137 0.2649517619 0)
(0.4288418042 0.2649517619 0)
(0.4429470947 0.2649517619 0)
(0.4570523853 0.2649517619 0)
(0.4711576758 0.2649517619 0)
(0.4852629663 0.2649517619 0)
(0.4993682568 0.2649517619 0)
(0.5134735474 0.2649517619 0)
(0.5275788379 0.2649517619 0)
(0.5416841284 0.2649517619 0)
(0.5557894189 0.2649517619 0)
(0.5698947095 0.2649517619 0)
(0.584 0.2649517619 0)
(0.3301047705 0.2777136914 0)
(0.3442100611 0.2777136914 0)
(0.3583153516 0.2777136914 0)
(0.3724206421 0.2777136914 0)
(0.3865259326 0.2777136914 0)
(0.4006312232 0.2777136914 0)
(0.4147365137 0.2777136914 0)
(0.4288418042 0.2777136914 0)
(0.4429470947 0.2777136914 0)
(0.4570523853 0.2777136914 0)
(0.4711576758 0.2777136914 0)
(0.4852629663 0.2777136914 0)
(0.4993682568 0.2777136914 0)
(0.5134735474 0.2777136914 0)
(0.5275788379 0.2777136914 0)
(0.5416841284 0.2777136914 0)
(0.5557894189 0.2777136914 0)
(0.5698947095 0.2777136914 0)
(0.584 0.2777136914 0)
(0.3301047705 0.290475621 0)
(0.3442100611 0.290475621 0)
(0.3583153516 0.290475621 0)
(0.3724206421 0.290475621 0)
(0.3865259326 0.290475621 0)
(0.4006312232 0.290475621 0)
(0.4147365137 0.290475621 0)
(0.4288418042 0.290475621 0)
(0.4429470947 0.290475621 0)
(0.4570523853 0.290475621 0)
(0.4711576758 0.290475621 0)
(0.4852629663 0.290475621 0)
(0.4993682568 0.290475621 0)
(0.5134735474 0.290475621 0)
(0.5275788379 0.290475621 0)
(0.5416841284 0.290475621 0)
(0.5557894189 0.290475621 0)
(0.5698947095 0.290475621 0)
(0.584 0.290475621 0)
(0.3301047705 0.3032375505 0)
(0.3442100611 0.3032375505 0)
(0.3583153516 0.3032375505 0)
(0.3724206421 0.3032375505 0)
(0.3865259326 0.3032375505 0)
(0.4006312232 0.3032375505 0)
(0.4147365137 0.3032375505 0)
(0.4288418042 0.3032375505 0)
(0.4429470947 0.3032375505 0)
(0.4570523853 0.3032375505 0)
(0.4711576758 0.3032375505 0)
(0.4852629663 0.3032375505 0)
(0.4993682568 0.3032375505 0)
(0.5134735474 0.3032375505 0)
(0.5275788379 0.3032375505 0)
(0.5416841284 0.3032375505 0)
(0.5557894189 0.3032375505 0)
(0.5698947095 0.3032375505 0)
(0.584 0.3032375505 0)
(0.3301047705 0.31599948 0)
(0.3442100611 0.31599948 0)
(0.3583153516 0.31599948 0)
(0.3724206421 0.31599948 0)
(0.3865259326 0.31599948 0)
(0.4006312232 0.31599948 0)
(0.4147365137 0.31599948 0)
(0.4288418042 0.31599948 0)
(0.4429470947 0.31599948 0)
(0.4570523853 0.31599948 0)
(0.4711576758 0.31599948 0)
(0.4852629663 0.31599948 0)
(0.4993682568 0.31599948 0)
(0.5134735474 0.31599948 0)
(0.5275788379 0.31599948 0)
(0.5416841284 0.31599948 0)
(0.5557894189 0.31599948 0)
(0.5698947095 0.31599948 0)
(0.584 0.31599948 0)
(0.3301047705 0.3287614095 0)
(0.3442100611 0.3287614095 0)
(0.3583153516 0.3287614095 0)
(0.3724206421 0.3287614095 0)
(0.3865259326 0.3287614095 0)
(0.4006312232 0.3287614095 0)
(0.4147365137 0.3287614095 0)
(0.4288418042 0.3287614095 0)
(0.4429470947 0.3287614095 0)
(0.4570523853 0.3287614095 0)
(0.4711576758 0.3287614095 0)
(0.4852629663 0.3287614095 0)
(0.4993682568 0.3287614095 0)
(0.5134735474 0.3287614095 0)
(0.5275788379 0.3287614095 0)
(0.5416841284 0.3287614095 0)
(0.5557894189 0.3287614095 0)
(0.5698947095 0.3287614095 0)
(0.584 0.3287614095 0)
(0.3301047705 0.341523339 0)
(0.3442100611 0.341523339 0)
(0.3583153516 0.341523339 0)
(0.3724206421 0.341523339 0)
(0.3865259326 0.341523339 0)
(0.4006312232 0.341523339 0)
(0.4147365137 0.341523339 0)
(0.4288418042 0.341523339 0)
(0.4429470947 0.341523339 0)
(0.4570523853 0.341523339 0)
(0.4711576758 0.341523339 0)
(0.4852629663 0.341523339 0)
(0.4993682568 0.341523339 0)
(0.5134735474 0.341523339 0)
(0.5275788379 0.341523339 0)
(0.5416841284 0.341523339 0)
(0.5557894189 0.341523339 0)
(0.5698947095 0.341523339 0)
(0.584 0.341523339 0)
(0.3301047705 0.3542852686 0)
(0.3442100611 0.3542852686 0)
(0.3583153516 0.3542852686 0)
(0.3724206421 0.3542852686 0)
(0.3865259326 0.3542852686 0)
(0.4006312232 0.3542852686 0)
(0.4147365137 0.3542852686 0)
(0.4288418042 0.3542852686 0)
(0.4429470947 0.3542852686 0)
(0.4570523853 0.3542852686 0)
(0.4711576758 0.3542852686 0)
(0.4852629663 0.3542852686 0)
(0.4993682568 0.3542852686 0)
(0.5134735474 0.3542852686 0)
(0.5275788379 0.3542852686 0)
(0.5416841284 0.3542852686 0)
(0.5557894189 0.3542852686 0)
(0.5698947095 0.3542852686 0)
(0.584 0.3542852686 0)
(0.3301047705 0.3670471981 0)
(0.3442100611 0.3670471981 0)
(0.3583153516 0.3670471981 0)
(0.3724206421 0.3670471981 0)
(0.3865259326 0.3670471981 0)
(0.4006312232 0.3670471981 0)
(0.4147365137 0.3670471981 0)
(0.4288418042 0.3670471981 0)
(0.4429470947 0.3670471981 0)
(0.4570523853 0.3670471981 0)
(0.4711576758 0.3670471981 0)
(0.4852629663 0.3670471981 0)
(0.4993682568 0.3670471981 0)
(0.5134735474 0.3670471981 0)
(0.5275788379 0.3670471981 0)
(0.5416841284 0.3670471981 0)
(0.5557894189 0.3670471981 0)
(0.5698947095 0.3670471981 0)
(0.584 0.3670471981 0)
(0.3301047705 0.3798091276 0)
(0.3442100611 0.3798091276 0)
(0.3583153516 0.3798091276 0)
(0.3724206421 0.3798091276 0)
(0.3865259326 0.3798091276 0)
(0.4006312232 0.3798091276 0)
(0.4147365137 0.3798091276 0)
(0.4288418042 0.3798091276 0)
(0.4429470947 0.3798091276 0)
(0.4570523853 0.3798091276 0)
(0.4711576758 0.3798091276 0)
(0.4852629663 0.3798091276 0)
(0.4993682568 0.3798091276 0)
(0.5134735474 0.3798091276 0)
(0.5275788379 0.3798091276 0)
(0.5416841284 0.3798091276 0)
(0.5557894189 0.3798091276 0)
(0.5698947095 0.3798091276 0)
(0.584 0.3798091276 0)
(0.3301047705 0.3925710571 0)
(0.3442100611 0.3925710571 0)
(0.3583153516 0.3925710571 0)
(0.3724206421 0.3925710571 0)
(0.3865259326 0.3925710571 0)
(0.4006312232 0.3925710571 0)
(0.4147365137 0.3925710571 0)
(0.4288418042 0.3925710571 0)
(0.4429470947 0.3925710571 0)
(0.4570523853 0.3925710571 0)
(0.4711576758 0.3925710571 0)
(0.4852629663 0.3925710571 0)
(0.4993682568 0.3925710571 0)
(0.5134735474 0.3925710571 0)
(0.5275788379 0.3925710571 0)
(0.5416841284 0.3925710571 0)
(0.5557894189 0.3925710571 0)
(0.5698947095 0.3925710571 0)
(0.584 0.3925710571 0)
(0.3301047705 0.4053329867 0)
(0.3442100611 0.4053329867 0)
(0.3583153516 0.4053329867 0)
(0.3724206421 0.4053329867 0)
(0.3865259326 0.4053329867 0)
(0.4006312232 0.4053329867 0)
(0.4147365137 0.4053329867 0)
(0.4288418042 0.4053329867 0)
(0.4429470947 0.4053329867 0)
(0.4570523853 0.4053329867 0)
(0.4711576758 0.4053329867 0)
(0.4852629663 0.4053329867 0)
(0.4993682568 0.4053329867 0)
(0.5134735474 0.4053329867 0)
(0.5275788379 0.4053329867 0)
(0.5416841284 0.4053329867 0)
(0.5557894189 0.4053329867 0)
(0.5698947095 0.4053329867 0)
(0.584 0.4053329867 0)
(0.3301047705 0.4180949162 0)
(0.3442100611 0.4180949162 0)
(0.3583153516 0.4180949162 0)
(0.3724206421 0.4180949162 0)
(0.3865259326 0.4180949162 0)
(0.4006312232 0.4180949162 0)
(0.4147365137 0.4180949162 0)
(0.4288418042 0.4180949162 0)
(0.4429470947 0.4180949162 0)
(0.4570523853 0.4180949162 0)
(0.4711576758 0.4180949162 0)
(0.4852629663 0.4180949162 0)
(0.4993682568 0.4180949162 0)
(0.5134735474 0.4180949162 0)
(0.5275788379 0.4180949162 0)
(0.5416841284 0.4180949162 0)
(0.5557894189 0.4180949162 0)
(0.5698947095 0.4180949162 0)
(0.584 0.4180949162 0)
(0.3301047705 0.4308568457 0)
(0.3442100611 0.4308568457 0)
(0.3583153516 0.4308568457 0)
(0.3724206421 0.4308568457 0)
(0.3865259326 0.4308568457 0)
(0.4006312232 0.4308568457 0)
(0.4147365137 0.4308568457 0)
(0.4288418042 0.4308568457 0)
(0.4429470947 0.4308568457 0)
(0.4570523853 0.4308568457 0)
(0.4711576758 0.4308568457 0)
(0.4852629663 0.4308568457 0)
(0.4993682568 0.4308568457 0)
(0.5134735474 0.4308568457 0)
(0.5275788379 0.4308568457 0)
(0.5416841284 0.4308568457 0)
(0.5557894189 0.4308568457 0)
(0.5698947095 0.4308568457 0)
(0.584 0.4308568457 0)
(0.3301047705 0.4436187752 0)
(0.3442100611 0.4436187752 0)
(0.3583153516 0.4436187752 0)
(0.3724206421 0.4436187752 0)
(0.3865259326 0.4436187752 0)
(0.4006312232 0.4436187752 0)
(0.4147365137 0.4436187752 0)
(0.4288418042 0.4436187752 0)
(0.4429470947 0.4436187752 0)
(0.4570523853 0.4436187752 0)
(0.4711576758 0.4436187752 0)
(0.4852629663 0.4436187752 0)
(0.4993682568 0.4436187752 0)
(0.5134735474 0.4436187752 0)
(0.5275788379 0.4436187752 0)
(0.5416841284 0.4436187752 0)
(0.5557894189 0.4436187752 0)
(0.5698947095 0.4436187752 0)
(0.584 0.4436187752 0)
(0.3301047705 0.4563807048 0)
(0.3442100611 0.4563807048 0)
(0.3583153516 0.4563807048 0)
(0.3724206421 0.4563807048 0)
(0.3865259326 0.4563807048 0)
(0.4006312232 0.4563807048 0)
(0.4147365137 0.4563807048 0)
(0.4288418042 0.4563807048 0)
(0.4429470947 0.4563807048 0)
(0.4570523853 0.4563807048 0)
(0.4711576758 0.4563807048 0)
(0.4852629663 0.4563807048 0)
(0.4993682568 0.4563807048 0)
(0.5134735474 0.4563807048 0)
(0.5275788379 0.4563807048 0)
(0.5416841284 0.4563807048 0)
(0.5557894189 0.4563807048 0)
(0.5698947095 0.4563807048 0)
(0.584 0.4563807048 0)
(0.3301047705 0.4691426343 0)
(0.3442100611 0.4691426343 0)
(0.3583153516 0.4691426343 0)
(0.3724206421 0.4691426343 0)
(0.3865259326 0.4691426343 0)
(0.4006312232 0.4691426343 0)
(0.4147365137 0.4691426343 0)
(0.4288418042 0.4691426343 0)
(0.4429470947 0.4691426343 0)
(0.4570523853 0.4691426343 0)
(0.4711576758 0.4691426343 0)
(0.4852629663 0.4691426343 0)
(0.4993682568 0.4691426343 0)
(0.5134735474 0.4691426343 0)
(0.5275788379 0.4691426343 0)
(0.5416841284 0.4691426343 0)
(0.5557894189 0.4691426343 0)
(0.5698947095 0.4691426343 0)
(0.584 0.4691426343 0)
(0.3301047705 0.4819045638 0)
(0.3442100611 0.4819045638 0)
(0.3583153516 0.4819045638 0)
(0.3724206421 0.4819045638 0)
(0.3865259326 0.4819045638 0)
(0.4006312232 0.4819045638 0)
(0.4147365137 0.4819045638 0)
(0.4288418042 0.4819045638 0)
(0.4429470947 0.4819045638 0)
(0.4570523853 0.4819045638 0)
(0.4711576758 0.4819045638 0)
(0.4852629663 0.4819045638 0)
(0.4993682568 0.4819045638 0)
(0.5134735474 0.4819045638 0)
(0.5275788379 0.4819045638 0)
(0.5416841284 0.4819045638 0)
(0.5557894189 0.4819045638 0)
(0.5698947095 0.4819045638 0)
(0.584 0.4819045638 0)
(0.3301047705 0.4946664933 0)
(0.3442100611 0.4946664933 0)
(0.3583153516 0.4946664933 0)
(0.3724206421 0.4946664933 0)
(0.3865259326 0.4946664933 0)
(0.4006312232 0.4946664933 0)
(0.4147365137 0.4946664933 0)
(0.4288418042 0.4946664933 0)
(0.4429470947 0.4946664933 0)
(0.4570523853 0.4946664933 0)
(0.4711576758 0.4946664933 0)
(0.4852629663 0.4946664933 0)
(0.4993682568 0.4946664933 0)
(0.5134735474 0.4946664933 0)
(0.5275788379 0.4946664933 0)
(0.5416841284 0.4946664933 0)
(0.5557894189 0.4946664933 0)
(0.5698947095 0.4946664933 0)
(0.584 0.4946664933 0)
(0.3301047705 0.5074284229 0)
(0.3442100611 0.5074284229 0)
(0.3583153516 0.5074284229 0)
(0.3724206421 0.5074284229 0)
(0.3865259326 0.5074284229 0)
(0.4006312232 0.5074284229 0)
(0.4147365137 0.5074284229 0)
(0.4288418042 0.5074284229 0)
(0.4429470947 0.5074284229 0)
(0.4570523853 0.5074284229 0)
(0.4711576758 0.5074284229 0)
(0.4852629663 0.5074284229 0)
(0.4993682568 0.5074284229 0)
(0.5134735474 0.5074284229 0)
(0.5275788379 0.5074284229 0)
(0.5416841284 0.5074284229 0)
(0.5557894189 0.5074284229 0)
(0.5698947095 0.5074284229 0)
(0.584 0.5074284229 0)
(0.3301047705 0.5201903524 0)
(0.3442100611 0.5201903524 0)
(0.3583153516 0.5201903524 0)
(0.3724206421 0.5201903524 0)
(0.3865259326 0.5201903524 0)
(0.4006312232 0.5201903524 0)
(0.4147365137 0.5201903524 0)
(0.4288418042 0.5201903524 0)
(0.4429470947 0.5201903524 0)
(0.4570523853 0.5201903524 0)
(0.4711576758 0.5201903524 0)
(0.4852629663 0.5201903524 0)
(0.4993682568 0.5201903524 0)
(0.5134735474 0.5201903524 0)
(0.5275788379 0.5201903524 0)
(0.5416841284 0.5201903524 0)
(0.5557894189 0.5201903524 0)
(0.5698947095 0.5201903524 0)
(0.584 0.5201903524 0)
(0.3301047705 0.5329522819 0)
(0.3442100611 0.5329522819 0)
(0.3583153516 0.5329522819 0)
(0.3724206421 0.5329522819 0)
(0.3865259326 0.5329522819 0)
(0.4006312232 0.5329522819 0)
(0.4147365137 0.5329522819 0)
(0.4288418042 0.5329522819 0)
(0.4429470947 0.5329522819 0)
(0.4570523853 0.5329522819 0)
(0.4711576758 0.5329522819 0)
(0.4852629663 0.5329522819 0)
(0.4993682568 0.5329522819 0)
(0.5134735474 0.5329522819 0)
(0.5275788379 0.5329522819 0)
(0.5416841284 0.5329522819 0)
(0.5557894189 0.5329522819 0)
(0.5698947095 0.5329522819 0)
(0.584 0.5329522819 0)
(0.3301047705 0.5457142114 0)
(0.3442100611 0.5457142114 0)
(0.3583153516 0.5457142114 0)
(0.3724206421 0.5457142114 0)
(0.3865259326 0.5457142114 0)
(0.4006312232 0.5457142114 0)
(0.4147365137 0.5457142114 0)
(0.4288418042 0.5457142114 0)
(0.4429470947 0.5457142114 0)
(0.4570523853 0.5457142114 0)
(0.4711576758 0.5457142114 0)
(0.4852629663 0.5457142114 0)
(0.4993682568 0.5457142114 0)
(0.5134735474 0.5457142114 0)
(0.5275788379 0.5457142114 0)
(0.5416841284 0.5457142114 0)
(0.5557894189 0.5457142114 0)
(0.5698947095 0.5457142114 0)
(0.584 0.5457142114 0)
(0.3301047705 0.558476141 0)
(0.3442100611 0.558476141 0)
(0.3583153516 0.558476141 0)
(0.3724206421 0.558476141 0)
(0.3865259326 0.558476141 0)
(0.4006312232 0.558476141 0)
(0.4147365137 0.558476141 0)
(0.4288418042 0.558476141 0)
(0.4429470947 0.558476141 0)
(0.4570523853 0.558476141 0)
(0.4711576758 0.558476141 0)
(0.4852629663 0.558476141 0)
(0.4993682568 0.558476141 0)
(0.5134735474 0.558476141 0)
(0.5275788379 0.558476141 0)
(0.5416841284 0.558476141 0)
(0.5557894189 0.558476141 0)
(0.5698947095 0.558476141 0)
(0.584 0.558476141 0)
(0.3301047705 0.5712380705 0)
(0.3442100611 0.5712380705 0)
(0.3583153516 0.5712380705 0)
(0.3724206421 0.5712380705 0)
(0.3865259326 0.5712380705 0)
(0.4006312232 0.5712380705 0)
(0.4147365137 0.5712380705 0)
(0.4288418042 0.5712380705 0)
(0.4429470947 0.5712380705 0)
(0.4570523853 0.5712380705 0)
(0.4711576758 0.5712380705 0)
(0.4852629663 0.5712380705 0)
(0.4993682568 0.5712380705 0)
(0.5134735474 0.5712380705 0)
(0.5275788379 0.5712380705 0)
(0.5416841284 0.5712380705 0)
(0.5557894189 0.5712380705 0)
(0.5698947095 0.5712380705 0)
(0.584 0.5712380705 0)
(0.3301047705 0.584 0)
(0.3442100611 0.584 0)
(0.3583153516 0.584 0)
(0.3724206421 0.584 0)
(0.3865259326 0.584 0)
(0.4006312232 0.584 0)
(0.4147365137 0.584 0)
(0.4288418042 0.584 0)
(0.4429470947 0.584 0)
(0.4570523853 0.584 0)
(0.4711576758 0.584 0)
(0.4852629663 0.584 0)
(0.4993682568 0.584 0)
(0.5134735474 0.584 0)
(0.5275788379 0.584 0)
(0.5416841284 0.584 0)
(0.5557894189 0.584 0)
(0.5698947095 0.584 0)
(0.584 0.584 0)
(0.3301047705 0.2649517619 0.0146)
(0.3442100611 0.2649517619 0.0146)
(0.3583153516 0.2649517619 0.0146)
(0.3724206421 0.2649517619 0.0146)
(0.3865259326 0.2649517619 0.0146)
(0.4006312232 0.2649517619 0.0146)
(0.4147365137 0.2649517619 0.0146)
(0.4288418042 0.2649517619 0.0146)
(0.4429470947 0.2649517619 0.0146)
(0.4570523853 0.2649517619 0.0146)
(0.4711576758 0.2649517619 0.0146)
(0.4852629663 0.2649517619 0.0146)
(0.4993682568 0.2649517619 0.0146)
(0.5134735474 0.2649517619 0.0146)
(0.5275788379 0.2649517619 0.0146)
(0.5416841284 0.2649517619 0.0146)
(0.5557894189 0.2649517619 0.0146)
(0.5698947095 0.2649517619 0.0146)
(0.584 0.2649517619 0.0146)
(0.3301047705 0.2777136914 0.0146)
(0.3442100611 0.2777136914 0.0146)
(0.3583153516 0.2777136914 0.0146)
(0.3724206421 0.2777136914 0.0146)
(0.3865259326 0.2777136914 0.0146)
(0.4006312232 0.2777136914 0.0146)
(0.4147365137 0.2777136914 0.0146)
(0.4288418042 0.2777136914 0.0146)
(0.4429470947 0.2777136914 0.0146)
(0.4570523853 0.2777136914 0.0146)
(0.4711576758 0.2777136914 0.0146)
(0.4852629663 0.2777136914 0.0146)
(0.4993682568 0.2777136914 0.0146)
(0.5134735474 0.2777136914 0.0146)
(0.5275788379 0.2777136914 0.0146)
(0.5416841284 0.2777136914 0.0146)
(0.5557894189 0.2777136914 0.0146)
(0.5698947095 0.2777136914 0.0146)
(0.584 0.2777136914 0.0146)
(0.3301047705 0.290475621 0.0146)
(0.3442100611 0.290475621 0.0146)
(0.3583153516 0.290475621 0.0146)
(0.3724206421 0.290475621 0.0146)
(0.3865259326 0.290475621 0.0146)
(0.4006312232 0.290475621 0.0146)
(0.4147365137 0.290475621 0.0146)
(0.4288418042 0.290475621 0.0146)
(0.4429470947 0.290475621 0.0146)
(0.4570523853 0.290475621 0.0146)
(0.4711576758 0.290475621 0.0146)
(0.4852629663 0.290475621 0.0146)
(0.4993682568 0.290475621 0.0146)
(0.5134735474 0.290475621 0.0146)
(0.5275788379 0.290475621 0.0146)
(0.5416841284 0.290475621 0.0146)
(0.5557894189 0.290475621 0.0146)
(0.5698947095 0.290475621 0.0146)
(0.584 0.290475621 0.0146)
(0.3301047705 0.3032375505 0.0146)
(0.3442100611 0.3032375505 0.0146)
(0.3583153516 0.3032375505 0.0146)
(0.3724206421 0.3032375505 0.0146)
(0.3865259326 0.3032375505 0.0146)
(0.4006312232 0.3032375505 0.0146)
(0.4147365137 0.3032375505 0.0146)
(0.4288418042 0.3032375505 0.0146)
(0.4429470947 0.3032375505 0.0146)
(0.4570523853 0.3032375505 0.0146)
(0.4711576758 0.3032375505 0.0146)
(0.4852629663 0.3032375505 0.0146)
(0.4993682568 0.3032375505 0.0146)
(0.5134735474 0.3032375505 0.0146)
(0.5275788379 0.3032375505 0.0146)
(0.5416841284 0.3032375505 0.0146)
(0.5557894189 0.3032375505 0.0146)
(0.5698947095 0.3032375505 0.0146)
(0.584 0.3032375505 0.0146)
(0.3301047705 0.31599948 0.0146)
(0.3442100611 0.31599948 0.0146)
(0.3583153516 0.31599948 0.0146)
(0.3724206421 0.31599948 0.0146)
(0.3865259326 0.31599948 0.0146)
(0.4006312232 0.31599948 0.0146)
(0.4147365137 0.31599948 0.0146)
(0.4288418042 0.31599948 0.0146)
(0.4429470947 0.31599948 0.0146)
(0.4570523853 0.31599948 0.0146)
(0.4711576758 0.31599948 0.0146)
(0.4852629663 0.31599948 0.0146)
(0.4993682568 0.31599948 0.0146)
(0.5134735474 0.31599948 0.0146)
(0.5275788379 0.31599948 0.0146)
(0.5416841284 0.31599948 0.0146)
(0.5557894189 0.31599948 0.0146)
(0.5698947095 0.31599948 0.0146)
(0.584 0.31599948 0.0146)
(0.3301047705 0.3287614095 0.0146)
(0.3442100611 0.3287614095 0.0146)
(0.3583153516 0.3287614095 0.0146)
(0.3724206421 0.3287614095 0.0146)
(0.3865259326 0.3287614095 0.0146)
(0.4006312232 0.3287614095 0.0146)
(0.4147365137 0.3287614095 0.0146)
(0.4288418042 0.3287614095 0.0146)
(0.4429470947 0.3287614095 0.0146)
(0.4570523853 0.3287614095 0.0146)
(0.4711576758 0.3287614095 0.0146)
(0.4852629663 0.3287614095 0.0146)
(0.4993682568 0.3287614095 0.0146)
(0.5134735474 0.3287614095 0.0146)
(0.5275788379 0.3287614095 0.0146)
(0.5416841284 0.3287614095 0.0146)
(0.5557894189 0.3287614095 0.0146)
(0.5698947095 0.3287614095 0.0146)
(0.584 0.3287614095 0.0146)
(0.3301047705 0.341523339 0.0146)
(0.3442100611 0.341523339 0.0146)
(0.3583153516 0.341523339 0.0146)
(0.3724206421 0.341523339 0.0146)
(0.3865259326 0.341523339 0.0146)
(0.4006312232 0.341523339 0.0146)
(0.4147365137 0.341523339 0.0146)
(0.4288418042 0.341523339 0.0146)
(0.4429470947 0.341523339 0.0146)
(0.4570523853 0.341523339 0.0146)
(0.4711576758 0.341523339 0.0146)
(0.4852629663 0.341523339 0.0146)
(0.4993682568 0.341523339 0.0146)
(0.5134735474 0.341523339 0.0146)
(0.5275788379 0.341523339 0.0146)
(0.5416841284 0.341523339 0.0146)
(0.5557894189 0.341523339 0.0146)
(0.5698947095 0.341523339 0.0146)
(0.584 0.341523339 0.0146)
(0.3301047705 0.3542852686 0.0146)
(0.3442100611 0.3542852686 0.0146)
(0.3583153516 0.3542852686 0.0146)
(0.3724206421 0.3542852686 0.0146)
(0.3865259326 0.3542852686 0.0146)
(0.4006312232 0.3542852686 0.0146)
(0.4147365137 0.3542852686 0.0146)
(0.4288418042 0.3542852686 0.0146)
(0.4429470947 0.3542852686 0.0146)
(0.4570523853 0.3542852686 0.0146)
(0.4711576758 0.3542852686 0.0146)
(0.4852629663 0.3542852686 0.0146)
(0.4993682568 0.3542852686 0.0146)
(0.5134735474 0.3542852686 0.0146)
(0.5275788379 0.3542852686 0.0146)
(0.5416841284 0.3542852686 0.0146)
(0.5557894189 0.3542852686 0.0146)
(0.5698947095 0.3542852686 0.0146)
(0.584 0.3542852686 0.0146)
(0.3301047705 0.3670471981 0.0146)
(0.3442100611 0.3670471981 0.0146)
(0.3583153516 0.3670471981 0.0146)
(0.3724206421 0.3670471981 0.0146)
(0.3865259326 0.3670471981 0.0146)
(0.4006312232 0.3670471981 0.0146)
(0.4147365137 0.3670471981 0.0146)
(0.4288418042 0.3670471981 0.0146)
(0.4429470947 0.3670471981 0.0146)
(0.4570523853 0.3670471981 0.0146)
(0.4711576758 0.3670471981 0.0146)
(0.4852629663 0.3670471981 0.0146)
(0.4993682568 0.3670471981 0.0146)
(0.5134735474 0.3670471981 0.0146)
(0.5275788379 0.3670471981 0.0146)
(0.5416841284 0.3670471981 0.0146)
(0.5557894189 0.3670471981 0.0146)
(0.5698947095 0.3670471981 0.0146)
(0.584 0.3670471981 0.0146)
(0.3301047705 0.3798091276 0.0146)
(0.3442100611 0.3798091276 0.0146)
(0.3583153516 0.3798091276 0.0146)
(0.3724206421 0.3798091276 0.0146)
(0.3865259326 0.3798091276 0.0146)
(0.4006312232 0.3798091276 0.0146)
(0.4147365137 0.3798091276 0.0146)
(0.4288418042 0.3798091276 0.0146)
(0.4429470947 0.3798091276 0.0146)
(0.4570523853 0.3798091276 0.0146)
(0.4711576758 0.3798091276 0.0146)
(0.4852629663 0.3798091276 0.0146)
(0.4993682568 0.3798091276 0.0146)
(0.5134735474 0.3798091276 0.0146)
(0.5275788379 0.3798091276 0.0146)
(0.5416841284 0.3798091276 0.0146)
(0.5557894189 0.3798091276 0.0146)
(0.5698947095 0.3798091276 0.0146)
(0.584 0.3798091276 0.0146)
(0.3301047705 0.3925710571 0.0146)
(0.3442100611 0.3925710571 0.0146)
(0.3583153516 0.3925710571 0.0146)
(0.3724206421 0.3925710571 0.0146)
(0.3865259326 0.3925710571 0.0146)
(0.4006312232 0.3925710571 0.0146)
(0.4147365137 0.3925710571 0.0146)
(0.4288418042 0.3925710571 0.0146)
(0.4429470947 0.3925710571 0.0146)
(0.4570523853 0.3925710571 0.0146)
(0.4711576758 0.3925710571 0.0146)
(0.4852629663 0.3925710571 0.0146)
(0.4993682568 0.3925710571 0.0146)
(0.5134735474 0.3925710571 0.0146)
(0.5275788379 0.3925710571 0.0146)
(0.5416841284 0.3925710571 0.0146)
(0.5557894189 0.3925710571 0.0146)
(0.5698947095 0.3925710571 0.0146)
(0.584 0.3925710571 0.0146)
(0.3301047705 0.4053329867 0.0146)
(0.3442100611 0.4053329867 0.0146)
(0.3583153516 0.4053329867 0.0146)
(0.3724206421 0.4053329867 0.0146)
(0.3865259326 0.4053329867 0.0146)
(0.4006312232 0.4053329867 0.0146)
(0.4147365137 0.4053329867 0.0146)
(0.4288418042 0.4053329867 0.0146)
(0.4429470947 0.4053329867 0.0146)
(0.4570523853 0.4053329867 0.0146)
(0.4711576758 0.4053329867 0.0146)
(0.4852629663 0.4053329867 0.0146)
(0.4993682568 0.4053329867 0.0146)
(0.5134735474 0.4053329867 0.0146)
(0.5275788379 0.4053329867 0.0146)
(0.5416841284 0.4053329867 0.0146)
(0.5557894189 0.4053329867 0.0146)
(0.5698947095 0.4053329867 0.0146)
(0.584 0.4053329867 0.0146)
(0.3301047705 0.4180949162 0.0146)
(0.3442100611 0.4180949162 0.0146)
(0.3583153516 0.4180949162 0.0146)
(0.3724206421 0.4180949162 0.0146)
(0.3865259326 0.4180949162 0.0146)
(0.4006312232 0.4180949162 0.0146)
(0.4147365137 0.4180949162 0.0146)
(0.4288418042 0.4180949162 0.0146)
(0.4429470947 0.4180949162 0.0146)
(0.4570523853 0.4180949162 0.0146)
(0.4711576758 0.4180949162 0.0146)
(0.4852629663 0.4180949162 0.0146)
(0.4993682568 0.4180949162 0.0146)
(0.5134735474 0.4180949162 0.0146)
(0.5275788379 0.4180949162 0.0146)
(0.5416841284 0.4180949162 0.0146)
(0.5557894189 0.4180949162 0.0146)
(0.5698947095 0.4180949162 0.0146)
(0.584 0.4180949162 0.0146)
(0.3301047705 0.4308568457 0.0146)
(0.3442100611 0.4308568457 0.0146)
(0.3583153516 0.4308568457 0.0146)
(0.3724206421 0.4308568457 0.0146)
(0.3865259326 0.4308568457 0.0146)
(0.4006312232 0.4308568457 0.0146)
(0.4147365137 0.4308568457 0.0146)
(0.4288418042 0.4308568457 0.0146)
(0.4429470947 0.4308568457 0.0146)
(0.4570523853 0.4308568457 0.0146)
(0.4711576758 0.4308568457 0.0146)
(0.4852629663 0.4308568457 0.0146)
(0.4993682568 0.4308568457 0.0146)
(0.5134735474 0.4308568457 0.0146)
(0.5275788379 0.4308568457 0.0146)
(0.5416841284 0.4308568457 0.0146)
(0.5557894189 0.4308568457 0.0146)
(0.5698947095 0.4308568457 0.0146)
(0.584 0.4308568457 0.0146)
(0.3301047705 0.4436187752 0.0146)
(0.3442100611 0.4436187752 0.0146)
(0.3583153516 0.4436187752 0.0146)
(0.3724206421 0.4436187752 0.0146)
(0.3865259326 0.4436187752 0.0146)
(0.4006312232 0.4436187752 0.0146)
(0.4147365137 0.4436187752 0.0146)
(0.4288418042 0.4436187752 0.0146)
(0.4429470947 0.4436187752 0.0146)
(0.4570523853 0.4436187752 0.0146)
(0.4711576758 0.4436187752 0.0146)
(0.4852629663 0.4436187752 0.0146)
(0.4993682568 0.4436187752 0.0146)
(0.5134735474 0.4436187752 0.0146)
(0.5275788379 0.4436187752 0.0146)
(0.5416841284 0.4436187752 0.0146)
(0.5557894189 0.4436187752 0.0146)
(0.5698947095 0.4436187752 0.0146)
(0.584 0.4436187752 0.0146)
(0.3301047705 0.4563807048 0.0146)
(0.3442100611 0.4563807048 0.0146)
(0.3583153516 0.4563807048 0.0146)
(0.3724206421 0.4563807048 0.0146)
(0.3865259326 0.4563807048 0.0146)
(0.4006312232 0.4563807048 0.0146)
(0.4147365137 0.4563807048 0.0146)
(0.4288418042 0.4563807048 0.0146)
(0.4429470947 0.4563807048 0.0146)
(0.4570523853 0.4563807048 0.0146)
(0.4711576758 0.4563807048 0.0146)
(0.4852629663 0.4563807048 0.0146)
(0.4993682568 0.4563807048 0.0146)
(0.5134735474 0.4563807048 0.0146)
(0.5275788379 0.4563807048 0.0146)
(0.5416841284 0.4563807048 0.0146)
(0.5557894189 0.4563807048 0.0146)
(0.5698947095 0.4563807048 0.0146)
(0.584 0.4563807048 0.0146)
(0.3301047705 0.4691426343 0.0146)
(0.3442100611 0.4691426343 0.0146)
(0.3583153516 0.4691426343 0.0146)
(0.3724206421 0.4691426343 0.0146)
(0.3865259326 0.4691426343 0.0146)
(0.4006312232 0.4691426343 0.0146)
(0.4147365137 0.4691426343 0.0146)
(0.4288418042 0.4691426343 0.0146)
(0.4429470947 0.4691426343 0.0146)
(0.4570523853 0.4691426343 0.0146)
(0.4711576758 0.4691426343 0.0146)
(0.4852629663 0.4691426343 0.0146)
(0.4993682568 0.4691426343 0.0146)
(0.5134735474 0.4691426343 0.0146)
(0.5275788379 0.4691426343 0.0146)
(0.5416841284 0.4691426343 0.0146)
(0.5557894189 0.4691426343 0.0146)
(0.5698947095 0.4691426343 0.0146)
(0.584 0.4691426343 0.0146)
(0.3301047705 0.4819045638 0.0146)
(0.3442100611 0.4819045638 0.0146)
(0.3583153516 0.4819045638 0.0146)
(0.3724206421 0.4819045638 0.0146)
(0.3865259326 0.4819045638 0.0146)
(0.4006312232 0.4819045638 0.0146)
(0.4147365137 0.4819045638 0.0146)
(0.4288418042 0.4819045638 0.0146)
(0.4429470947 0.4819045638 0.0146)
(0.4570523853 0.4819045638 0.0146)
(0.4711576758 0.4819045638 0.0146)
(0.4852629663 0.4819045638 0.0146)
(0.4993682568 0.4819045638 0.0146)
(0.5134735474 0.4819045638 0.0146)
(0.5275788379 0.4819045638 0.0146)
(0.5416841284 0.4819045638 0.0146)
(0.5557894189 0.4819045638 0.0146)
(0.5698947095 0.4819045638 0.0146)
(0.584 0.4819045638 0.0146)
(0.3301047705 0.4946664933 0.0146)
(0.3442100611 0.4946664933 0.0146)
(0.3583153516 0.4946664933 0.0146)
(0.3724206421 0.4946664933 0.0146)
(0.3865259326 0.4946664933 0.0146)
(0.4006312232 0.4946664933 0.0146)
(0.4147365137 0.4946664933 0.0146)
(0.4288418042 0.4946664933 0.0146)
(0.4429470947 0.4946664933 0.0146)
(0.4570523853 0.4946664933 0.0146)
(0.4711576758 0.4946664933 0.0146)
(0.4852629663 0.4946664933 0.0146)
(0.4993682568 0.4946664933 0.0146)
(0.5134735474 0.4946664933 0.0146)
(0.5275788379 0.4946664933 0.0146)
(0.5416841284 0.4946664933 0.0146)
(0.5557894189 0.4946664933 0.0146)
(0.5698947095 0.4946664933 0.0146)
(0.584 0.4946664933 0.0146)
(0.3301047705 0.5074284229 0.0146)
(0.3442100611 0.5074284229 0.0146)
(0.3583153516 0.5074284229 0.0146)
(0.3724206421 0.5074284229 0.0146)
(0.3865259326 0.5074284229 0.0146)
(0.4006312232 0.5074284229 0.0146)
(0.4147365137 0.5074284229 0.0146)
(0.4288418042 0.5074284229 0.0146)
(0.4429470947 0.5074284229 0.0146)
(0.4570523853 0.5074284229 0.0146)
(0.4711576758 0.5074284229 0.0146)
(0.4852629663 0.5074284229 0.0146)
(0.4993682568 0.5074284229 0.0146)
(0.5134735474 0.5074284229 0.0146)
(0.5275788379 0.5074284229 0.0146)
(0.5416841284 0.5074284229 0.0146)
(0.5557894189 0.5074284229 0.0146)
(0.5698947095 0.5074284229 0.0146)
(0.584 0.5074284229 0.0146)
(0.3301047705 0.5201903524 0.0146)
(0.3442100611 0.5201903524 0.0146)
(0.3583153516 0.5201903524 0.0146)
(0.3724206421 0.5201903524 0.0146)
(0.3865259326 0.5201903524 0.0146)
(0.4006312232 0.5201903524 0.0146)
(0.4147365137 0.5201903524 0.0146)
(0.4288418042 0.5201903524 0.0146)
(0.4429470947 0.5201903524 0.0146)
(0.4570523853 0.5201903524 0.0146)
(0.4711576758 0.5201903524 0.0146)
(0.4852629663 0.5201903524 0.0146)
(0.4993682568 0.5201903524 0.0146)
(0.5134735474 0.5201903524 0.0146)
(0.5275788379 0.5201903524 0.0146)
(0.5416841284 0.5201903524 0.0146)
(0.5557894189 0.5201903524 0.0146)
(0.5698947095 0.5201903524 0.0146)
(0.584 0.5201903524 0.0146)
(0.3301047705 0.5329522819 0.0146)
(0.3442100611 0.5329522819 0.0146)
(0.3583153516 0.5329522819 0.0146)
(0.3724206421 0.5329522819 0.0146)
(0.3865259326 0.5329522819 0.0146)
(0.4006312232 0.5329522819 0.0146)
(0.4147365137 0.5329522819 0.0146)
(0.4288418042 0.5329522819 0.0146)
(0.4429470947 0.5329522819 0.0146)
(0.4570523853 0.5329522819 0.0146)
(0.4711576758 0.5329522819 0.0146)
(0.4852629663 0.5329522819 0.0146)
(0.4993682568 0.5329522819 0.0146)
(0.5134735474 0.5329522819 0.0146)
(0.5275788379 0.5329522819 0.0146)
(0.5416841284 0.5329522819 0.0146)
(0.5557894189 0.5329522819 0.0146)
(0.5698947095 0.5329522819 0.0146)
(0.584 0.5329522819 0.0146)
(0.3301047705 0.5457142114 0.0146)
(0.3442100611 0.5457142114 0.0146)
(0.3583153516 0.5457142114 0.0146)
(0.3724206421 0.5457142114 0.0146)
(0.3865259326 0.5457142114 0.0146)
(0.4006312232 0.5457142114 0.0146)
(0.4147365137 0.5457142114 0.0146)
(0.4288418042 0.5457142114 0.0146)
(0.4429470947 0.5457142114 0.0146)
(0.4570523853 0.5457142114 0.0146)
(0.4711576758 0.5457142114 0.0146)
(0.4852629663 0.5457142114 0.0146)
(0.4993682568 0.5457142114 0.0146)
(0.5134735474 0.5457142114 0.0146)
(0.5275788379 0.5457142114 0.0146)
(0.5416841284 0.5457142114 0.0146)
(0.5557894189 0.5457142114 0.0146)
(0.5698947095 0.5457142114 0.0146)
(0.584 0.5457142114 0.0146)
(0.3301047705 0.558476141 0.0146)
(0.3442100611 0.558476141 0.0146)
(0.3583153516 0.558476141 0.0146)
(0.3724206421 0.558476141 0.0146)
(0.3865259326 0.558476141 0.0146)
(0.4006312232 0.558476141 0.0146)
(0.4147365137 0.558476141 0.0146)
(0.4288418042 0.558476141 0.0146)
(0.4429470947 0.558476141 0.0146)
(0.4570523853 0.558476141 0.0146)
(0.4711576758 0.558476141 0.0146)
(0.4852629663 0.558476141 0.0146)
(0.4993682568 0.558476141 0.0146)
(0.5134735474 0.558476141 0.0146)
(0.5275788379 0.558476141 0.0146)
(0.5416841284 0.558476141 0.0146)
(0.5557894189 0.558476141 0.0146)
(0.5698947095 0.558476141 0.0146)
(0.584 0.558476141 0.0146)
(0.3301047705 0.5712380705 0.0146)
(0.3442100611 0.5712380705 0.0146)
(0.3583153516 0.5712380705 0.0146)
(0.3724206421 0.5712380705 0.0146)
(0.3865259326 0.5712380705 0.0146)
(0.4006312232 0.5712380705 0.0146)
(0.4147365137 0.5712380705 0.0146)
(0.4288418042 0.5712380705 0.0146)
(0.4429470947 0.5712380705 0.0146)
(0.4570523853 0.5712380705 0.0146)
(0.4711576758 0.5712380705 0.0146)
(0.4852629663 0.5712380705 0.0146)
(0.4993682568 0.5712380705 0.0146)
(0.5134735474 0.5712380705 0.0146)
(0.5275788379 0.5712380705 0.0146)
(0.5416841284 0.5712380705 0.0146)
(0.5557894189 0.5712380705 0.0146)
(0.5698947095 0.5712380705 0.0146)
(0.584 0.5712380705 0.0146)
(0.3301047705 0.584 0.0146)
(0.3442100611 0.584 0.0146)
(0.3583153516 0.584 0.0146)
(0.3724206421 0.584 0.0146)
(0.3865259326 0.584 0.0146)
(0.4006312232 0.584 0.0146)
(0.4147365137 0.584 0.0146)
(0.4288418042 0.584 0.0146)
(0.4429470947 0.584 0.0146)
(0.4570523853 0.584 0.0146)
(0.4711576758 0.584 0.0146)
(0.4852629663 0.584 0.0146)
(0.4993682568 0.584 0.0146)
(0.5134735474 0.584 0.0146)
(0.5275788379 0.584 0.0146)
(0.5416841284 0.584 0.0146)
(0.5557894189 0.584 0.0146)
(0.5698947095 0.584 0.0146)
(0.584 0.584 0.0146)
)


// ************************************************************************* //
