/*---------------------------------------------------------------------------*\
| =========                 |                                                 |
| \\      /  F ield         | OpenFOAM: The Open Source CFD Toolbox           |
|  \\    /   O peration     | Version:  1.0                                   |
|   \\  /    A nd           | Web:      http://www.openfoam.org               |
|    \\/     M anipulation  |                                                 |
\*---------------------------------------------------------------------------*/

FoamFile
{
    version 2.0;
    format ascii;

    root "";
    case "";
    instance "";
    local "";

    class cellList;
    object cells;
}

// * * * * * * * * * * * * * * * * * * * * * * * * * * * * * * * * * * * * * //


1900
(
5(3835 0 5800 1 3900)
5(0 2 5815 3 3915)
5(2 4 5830 5 3930)
5(4 6 5845 7 3945)
5(6 8 5860 9 3960)
5(8 10 5875 11 3975)
5(10 12 5890 13 3990)
5(12 14 5905 15 4005)
5(14 16 5920 17 4020)
5(16 18 5935 19 4035)
5(18 20 5950 21 4050)
5(20 22 5965 23 4065)
5(22 24 5980 25 4080)
5(24 26 5995 27 4095)
5(26 3665 6010 28 4110)
6(1 30 3901 5801 3836 29)
6(3 32 3916 5816 29 31)
6(5 34 3931 5831 31 33)
6(7 36 3946 5846 33 35)
6(9 38 3961 5861 35 37)
6(11 40 3976 5876 37 39)
6(13 42 3991 5891 39 41)
6(15 44 4006 5906 41 43)
6(17 46 4021 5921 43 45)
6(19 48 4036 5936 45 47)
6(21 50 4051 5951 47 49)
6(23 52 4066 5966 49 51)
6(25 54 4081 5981 51 53)
6(27 56 4096 5996 53 55)
6(28 57 4111 6011 55 3666)
6(30 59 3902 5802 3837 58)
6(32 61 3917 5817 58 60)
6(34 63 3932 5832 60 62)
6(36 65 3947 5847 62 64)
6(38 67 3962 5862 64 66)
6(40 69 3977 5877 66 68)
6(42 71 3992 5892 68 70)
6(44 73 4007 5907 70 72)
6(46 75 4022 5922 72 74)
6(48 77 4037 5937 74 76)
6(50 79 4052 5952 76 78)
6(52 81 4067 5967 78 80)
6(54 83 4082 5982 80 82)
6(56 85 4097 5997 82 84)
6(57 86 4112 6012 84 3667)
6(59 88 3903 5803 3838 87)
6(61 90 3918 5818 87 89)
6(63 92 3933 5833 89 91)
6(65 94 3948 5848 91 93)
6(67 96 3963 5863 93 95)
6(69 98 3978 5878 95 97)
6(71 100 3993 5893 97 99)
6(73 102 4008 5908 99 101)
6(75 104 4023 5923 101 103)
6(77 106 4038 5938 103 105)
6(79 108 4053 5953 105 107)
6(81 110 4068 5968 107 109)
6(83 112 4083 5983 109 111)
6(85 114 4098 5998 111 113)
6(86 115 4113 6013 113 3668)
6(88 117 3904 5804 3839 116)
6(90 119 3919 5819 116 118)
6(92 121 3934 5834 118 120)
6(94 123 3949 5849 120 122)
6(96 125 3964 5864 122 124)
6(98 127 3979 5879 124 126)
6(100 129 3994 5894 126 128)
6(102 131 4009 5909 128 130)
6(104 133 4024 5924 130 132)
6(106 135 4039 5939 132 134)
6(108 137 4054 5954 134 136)
6(110 139 4069 5969 136 138)
6(112 141 4084 5984 138 140)
6(114 143 4099 5999 140 142)
6(115 144 4114 6014 142 3669)
6(117 146 3905 5805 3840 145)
6(119 148 3920 5820 145 147)
6(121 150 3935 5835 147 149)
6(123 152 3950 5850 149 151)
6(125 154 3965 5865 151 153)
6(127 156 3980 5880 153 155)
6(129 158 3995 5895 155 157)
6(131 160 4010 5910 157 159)
6(133 162 4025 5925 159 161)
6(135 164 4040 5940 161 163)
6(137 166 4055 5955 163 165)
6(139 168 4070 5970 165 167)
6(141 170 4085 5985 167 169)
6(143 172 4100 6000 169 171)
6(144 173 4115 6015 171 3670)
6(146 175 3906 5806 3841 174)
6(148 177 3921 5821 174 176)
6(150 179 3936 5836 176 178)
6(152 181 3951 5851 178 180)
6(154 183 3966 5866 180 182)
6(156 185 3981 5881 182 184)
6(158 187 3996 5896 184 186)
6(160 189 4011 5911 186 188)
6(162 191 4026 5926 188 190)
6(164 193 4041 5941 190 192)
6(166 195 4056 5956 192 194)
6(168 197 4071 5971 194 196)
6(170 199 4086 5986 196 198)
6(172 201 4101 6001 198 200)
6(173 202 4116 6016 200 3671)
6(175 204 3907 5807 3842 203)
6(177 206 3922 5822 203 205)
6(179 208 3937 5837 205 207)
6(181 210 3952 5852 207 209)
6(183 212 3967 5867 209 211)
6(185 214 3982 5882 211 213)
6(187 216 3997 5897 213 215)
6(189 218 4012 5912 215 217)
6(191 220 4027 5927 217 219)
6(193 222 4042 5942 219 221)
6(195 224 4057 5957 221 223)
6(197 226 4072 5972 223 225)
6(199 228 4087 5987 225 227)
6(201 230 4102 6002 227 229)
6(202 231 4117 6017 229 3672)
6(204 233 3908 5808 3843 232)
6(206 235 3923 5823 232 234)
6(208 237 3938 5838 234 236)
6(210 239 3953 5853 236 238)
6(212 241 3968 5868 238 240)
6(214 243 3983 5883 240 242)
6(216 245 3998 5898 242 244)
6(218 247 4013 5913 244 246)
6(220 249 4028 5928 246 248)
6(222 251 4043 5943 248 250)
6(224 253 4058 5958 250 252)
6(226 255 4073 5973 252 254)
6(228 257 4088 5988 254 256)
6(230 259 4103 6003 256 258)
6(231 260 4118 6018 258 3673)
6(233 262 3909 5809 3844 261)
6(235 264 3924 5824 261 263)
6(237 266 3939 5839 263 265)
6(239 268 3954 5854 265 267)
6(241 270 3969 5869 267 269)
6(243 272 3984 5884 269 271)
6(245 274 3999 5899 271 273)
6(247 276 4014 5914 273 275)
6(249 278 4029 5929 275 277)
6(251 280 4044 5944 277 279)
6(253 282 4059 5959 279 281)
6(255 284 4074 5974 281 283)
6(257 286 4089 5989 283 285)
6(259 288 4104 6004 285 287)
6(260 289 4119 6019 287 3674)
6(262 291 3910 5810 3845 290)
6(264 293 3925 5825 290 292)
6(266 295 3940 5840 292 294)
6(268 297 3955 5855 294 296)
6(270 299 3970 5870 296 298)
6(272 301 3985 5885 298 300)
6(274 303 4000 5900 300 302)
6(276 305 4015 5915 302 304)
6(278 307 4030 5930 304 306)
6(280 309 4045 5945 306 308)
6(282 311 4060 5960 308 310)
6(284 313 4075 5975 310 312)
6(286 315 4090 5990 312 314)
6(288 317 4105 6005 314 316)
6(289 318 4120 6020 316 3675)
6(291 320 3911 5811 3846 319)
6(293 322 3926 5826 319 321)
6(295 324 3941 5841 321 323)
6(297 326 3956 5856 323 325)
6(299 328 3971 5871 325 327)
6(301 330 3986 5886 327 329)
6(303 332 4001 5901 329 331)
6(305 334 4016 5916 331 333)
6(307 336 4031 5931 333 335)
6(309 338 4046 5946 335 337)
6(311 340 4061 5961 337 339)
6(313 342 4076 5976 339 341)
6(315 344 4091 5991 341 343)
6(317 346 4106 6006 343 345)
6(318 347 4121 6021 345 3676)
6(320 349 3912 5812 3847 348)
6(322 351 3927 5827 348 350)
6(324 353 3942 5842 350 352)
6(326 355 3957 5857 352 354)
6(328 357 3972 5872 354 356)
6(330 359 3987 5887 356 358)
6(332 361 4002 5902 358 360)
6(334 363 4017 5917 360 362)
6(336 365 4032 5932 362 364)
6(338 367 4047 5947 364 366)
6(340 369 4062 5962 366 368)
6(342 371 4077 5977 368 370)
6(344 373 4092 5992 370 372)
6(346 375 4107 6007 372 374)
6(347 376 4122 6022 374 3677)
6(349 378 3913 5813 3848 377)
6(351 380 3928 5828 377 379)
6(353 382 3943 5843 379 381)
6(355 384 3958 5858 381 383)
6(357 386 3973 5873 383 385)
6(359 388 3988 5888 385 387)
6(361 390 4003 5903 387 389)
6(363 392 4018 5918 389 391)
6(365 394 4033 5933 391 393)
6(367 396 4048 5948 393 395)
6(369 398 4063 5963 395 397)
6(371 400 4078 5978 397 399)
6(373 402 4093 5993 399 401)
6(375 404 4108 6008 401 403)
6(376 405 4123 6023 403 3678)
6(378 407 3914 5814 3849 406)
6(380 409 3929 5829 406 408)
6(382 411 3944 5844 408 410)
6(384 413 3959 5859 410 412)
6(386 415 3974 5874 412 414)
6(388 417 3989 5889 414 416)
6(390 419 4004 5904 416 418)
6(392 421 4019 5919 418 420)
6(394 423 4034 5934 420 422)
6(396 425 4049 5949 422 424)
6(398 427 4064 5964 424 426)
6(400 429 4079 5979 426 428)
6(402 431 4094 5994 428 430)
6(404 433 4109 6009 430 432)
6(405 434 4124 6024 432 3679)
5(3730 435 6025 436 4125)
5(435 437 6045 438 4145)
5(437 439 6065 440 4165)
5(439 441 6085 442 4185)
5(441 443 6105 444 4205)
5(443 445 6125 446 4225)
5(445 447 6145 448 4245)
5(447 449 6165 450 4265)
5(449 451 6185 452 4285)
5(451 453 6205 454 4305)
5(453 455 6225 456 4325)
5(455 457 6245 458 4345)
5(457 459 6265 460 4365)
5(459 461 6285 462 4385)
5(461 463 6305 464 4405)
5(463 465 6325 466 4425)
5(465 467 6345 468 4445)
5(467 469 6365 470 4465)
5(469 471 6385 472 4485)
5(471 3800 6405 473 4505)
6(436 475 4126 6026 3731 474)
6(438 477 4146 6046 474 476)
6(440 479 4166 6066 476 478)
6(442 481 4186 6086 478 480)
6(444 483 4206 6106 480 482)
6(446 485 4226 6126 482 484)
6(448 487 4246 6146 484 486)
6(450 489 4266 6166 486 488)
6(452 491 4286 6186 488 490)
6(454 493 4306 6206 490 492)
6(456 495 4326 6226 492 494)
6(458 497 4346 6246 494 496)
6(460 499 4366 6266 496 498)
6(462 501 4386 6286 498 500)
6(464 503 4406 6306 500 502)
6(466 505 4426 6326 502 504)
6(468 507 4446 6346 504 506)
6(470 509 4466 6366 506 508)
6(472 511 4486 6386 508 510)
6(473 512 4506 6406 510 3801)
6(475 514 4127 6027 3732 513)
6(477 516 4147 6047 513 515)
6(479 518 4167 6067 515 517)
6(481 520 4187 6087 517 519)
6(483 522 4207 6107 519 521)
6(485 524 4227 6127 521 523)
6(487 526 4247 6147 523 525)
6(489 528 4267 6167 525 527)
6(491 530 4287 6187 527 529)
6(493 532 4307 6207 529 531)
6(495 534 4327 6227 531 533)
6(497 536 4347 6247 533 535)
6(499 538 4367 6267 535 537)
6(501 540 4387 6287 537 539)
6(503 542 4407 6307 539 541)
6(505 544 4427 6327 541 543)
6(507 546 4447 6347 543 545)
6(509 548 4467 6367 545 547)
6(511 550 4487 6387 547 549)
6(512 551 4507 6407 549 3802)
6(514 553 4128 6028 3733 552)
6(516 555 4148 6048 552 554)
6(518 557 4168 6068 554 556)
6(520 559 4188 6088 556 558)
6(522 561 4208 6108 558 560)
6(524 563 4228 6128 560 562)
6(526 565 4248 6148 562 564)
6(528 567 4268 6168 564 566)
6(530 569 4288 6188 566 568)
6(532 571 4308 6208 568 570)
6(534 573 4328 6228 570 572)
6(536 575 4348 6248 572 574)
6(538 577 4368 6268 574 576)
6(540 579 4388 6288 576 578)
6(542 581 4408 6308 578 580)
6(544 583 4428 6328 580 582)
6(546 585 4448 6348 582 584)
6(548 587 4468 6368 584 586)
6(550 589 4488 6388 586 588)
6(551 590 4508 6408 588 3803)
6(553 592 4129 6029 3734 591)
6(555 594 4149 6049 591 593)
6(557 596 4169 6069 593 595)
6(559 598 4189 6089 595 597)
6(561 600 4209 6109 597 599)
6(563 602 4229 6129 599 601)
6(565 604 4249 6149 601 603)
6(567 606 4269 6169 603 605)
6(569 608 4289 6189 605 607)
6(571 610 4309 6209 607 609)
6(573 612 4329 6229 609 611)
6(575 614 4349 6249 611 613)
6(577 616 4369 6269 613 615)
6(579 618 4389 6289 615 617)
6(581 620 4409 6309 617 619)
6(583 622 4429 6329 619 621)
6(585 624 4449 6349 621 623)
6(587 626 4469 6369 623 625)
6(589 628 4489 6389 625 627)
6(590 629 4509 6409 627 3804)
6(592 631 4130 6030 3735 630)
6(594 633 4150 6050 630 632)
6(596 635 4170 6070 632 634)
6(598 637 4190 6090 634 636)
6(600 639 4210 6110 636 638)
6(602 641 4230 6130 638 640)
6(604 643 4250 6150 640 642)
6(606 645 4270 6170 642 644)
6(608 647 4290 6190 644 646)
6(610 649 4310 6210 646 648)
6(612 651 4330 6230 648 650)
6(614 653 4350 6250 650 652)
6(616 655 4370 6270 652 654)
6(618 657 4390 6290 654 656)
6(620 659 4410 6310 656 658)
6(622 661 4430 6330 658 660)
6(624 663 4450 6350 660 662)
6(626 665 4470 6370 662 664)
6(628 667 4490 6390 664 666)
6(629 668 4510 6410 666 3805)
6(631 670 4131 6031 3736 669)
6(633 672 4151 6051 669 671)
6(635 674 4171 6071 671 673)
6(637 676 4191 6091 673 675)
6(639 678 4211 6111 675 677)
6(641 680 4231 6131 677 679)
6(643 682 4251 6151 679 681)
6(645 684 4271 6171 681 683)
6(647 686 4291 6191 683 685)
6(649 688 4311 6211 685 687)
6(651 690 4331 6231 687 689)
6(653 692 4351 6251 689 691)
6(655 694 4371 6271 691 693)
6(657 696 4391 6291 693 695)
6(659 698 4411 6311 695 697)
6(661 700 4431 6331 697 699)
6(663 702 4451 6351 699 701)
6(665 704 4471 6371 701 703)
6(667 706 4491 6391 703 705)
6(668 707 4511 6411 705 3806)
6(670 709 4132 6032 3737 708)
6(672 711 4152 6052 708 710)
6(674 713 4172 6072 710 712)
6(676 715 4192 6092 712 714)
6(678 717 4212 6112 714 716)
6(680 719 4232 6132 716 718)
6(682 721 4252 6152 718 720)
6(684 723 4272 6172 720 722)
6(686 725 4292 6192 722 724)
6(688 727 4312 6212 724 726)
6(690 729 4332 6232 726 728)
6(692 731 4352 6252 728 730)
6(694 733 4372 6272 730 732)
6(696 735 4392 6292 732 734)
6(698 737 4412 6312 734 736)
6(700 739 4432 6332 736 738)
6(702 741 4452 6352 738 740)
6(704 743 4472 6372 740 742)
6(706 745 4492 6392 742 744)
6(707 746 4512 6412 744 3807)
6(709 748 4133 6033 3738 747)
6(711 750 4153 6053 747 749)
6(713 752 4173 6073 749 751)
6(715 754 4193 6093 751 753)
6(717 756 4213 6113 753 755)
6(719 758 4233 6133 755 757)
6(721 760 4253 6153 757 759)
6(723 762 4273 6173 759 761)
6(725 764 4293 6193 761 763)
6(727 766 4313 6213 763 765)
6(729 768 4333 6233 765 767)
6(731 770 4353 6253 767 769)
6(733 772 4373 6273 769 771)
6(735 774 4393 6293 771 773)
6(737 776 4413 6313 773 775)
6(739 778 4433 6333 775 777)
6(741 780 4453 6353 777 779)
6(743 782 4473 6373 779 781)
6(745 784 4493 6393 781 783)
6(746 785 4513 6413 783 3808)
6(748 787 4134 6034 3739 786)
6(750 789 4154 6054 786 788)
6(752 791 4174 6074 788 790)
6(754 793 4194 6094 790 792)
6(756 795 4214 6114 792 794)
6(758 797 4234 6134 794 796)
6(760 799 4254 6154 796 798)
6(762 801 4274 6174 798 800)
6(764 803 4294 6194 800 802)
6(766 805 4314 6214 802 804)
6(768 807 4334 6234 804 806)
6(770 809 4354 6254 806 808)
6(772 811 4374 6274 808 810)
6(774 813 4394 6294 810 812)
6(776 815 4414 6314 812 814)
6(778 817 4434 6334 814 816)
6(780 819 4454 6354 816 818)
6(782 821 4474 6374 818 820)
6(784 823 4494 6394 820 822)
6(785 824 4514 6414 822 3809)
6(787 826 4135 6035 3740 825)
6(789 828 4155 6055 825 827)
6(791 830 4175 6075 827 829)
6(793 832 4195 6095 829 831)
6(795 834 4215 6115 831 833)
6(797 836 4235 6135 833 835)
6(799 838 4255 6155 835 837)
6(801 840 4275 6175 837 839)
6(803 842 4295 6195 839 841)
6(805 844 4315 6215 841 843)
6(807 846 4335 6235 843 845)
6(809 848 4355 6255 845 847)
6(811 850 4375 6275 847 849)
6(813 852 4395 6295 849 851)
6(815 854 4415 6315 851 853)
6(817 856 4435 6335 853 855)
6(819 858 4455 6355 855 857)
6(821 860 4475 6375 857 859)
6(823 862 4495 6395 859 861)
6(824 863 4515 6415 861 3810)
6(826 865 4136 6036 3741 864)
6(828 867 4156 6056 864 866)
6(830 869 4176 6076 866 868)
6(832 871 4196 6096 868 870)
6(834 873 4216 6116 870 872)
6(836 875 4236 6136 872 874)
6(838 877 4256 6156 874 876)
6(840 879 4276 6176 876 878)
6(842 881 4296 6196 878 880)
6(844 883 4316 6216 880 882)
6(846 885 4336 6236 882 884)
6(848 887 4356 6256 884 886)
6(850 889 4376 6276 886 888)
6(852 891 4396 6296 888 890)
6(854 893 4416 6316 890 892)
6(856 895 4436 6336 892 894)
6(858 897 4456 6356 894 896)
6(860 899 4476 6376 896 898)
6(862 901 4496 6396 898 900)
6(863 902 4516 6416 900 3811)
6(865 904 4137 6037 3742 903)
6(867 906 4157 6057 903 905)
6(869 908 4177 6077 905 907)
6(871 910 4197 6097 907 909)
6(873 912 4217 6117 909 911)
6(875 914 4237 6137 911 913)
6(877 916 4257 6157 913 915)
6(879 918 4277 6177 915 917)
6(881 920 4297 6197 917 919)
6(883 922 4317 6217 919 921)
6(885 924 4337 6237 921 923)
6(887 926 4357 6257 923 925)
6(889 928 4377 6277 925 927)
6(891 930 4397 6297 927 929)
6(893 932 4417 6317 929 931)
6(895 934 4437 6337 931 933)
6(897 936 4457 6357 933 935)
6(899 938 4477 6377 935 937)
6(901 940 4497 6397 937 939)
6(902 941 4517 6417 939 3812)
6(904 943 4138 6038 3743 942)
6(906 945 4158 6058 942 944)
6(908 947 4178 6078 944 946)
6(910 949 4198 6098 946 948)
6(912 951 4218 6118 948 950)
6(914 953 4238 6138 950 952)
6(916 955 4258 6158 952 954)
6(918 957 4278 6178 954 956)
6(920 959 4298 6198 956 958)
6(922 961 4318 6218 958 960)
6(924 963 4338 6238 960 962)
6(926 965 4358 6258 962 964)
6(928 967 4378 6278 964 966)
6(930 969 4398 6298 966 968)
6(932 971 4418 6318 968 970)
6(934 973 4438 6338 970 972)
6(936 975 4458 6358 972 974)
6(938 977 4478 6378 974 976)
6(940 979 4498 6398 976 978)
6(941 980 4518 6418 978 3813)
6(943 982 4139 6039 3744 981)
6(945 984 4159 6059 981 983)
6(947 986 4179 6079 983 985)
6(949 988 4199 6099 985 987)
6(951 990 4219 6119 987 989)
6(953 992 4239 6139 989 991)
6(955 994 4259 6159 991 993)
6(957 996 4279 6179 993 995)
6(959 998 4299 6199 995 997)
6(961 1000 4319 6219 997 999)
6(963 1002 4339 6239 999 1001)
6(965 1004 4359 6259 1001 1003)
6(967 1006 4379 6279 1003 1005)
6(969 1008 4399 6299 1005 1007)
6(971 1010 4419 6319 1007 1009)
6(973 1012 4439 6339 1009 1011)
6(975 1014 4459 6359 1011 1013)
6(977 1016 4479 6379 1013 1015)
6(979 1018 4499 6399 1015 1017)
6(980 1019 4519 6419 1017 3814)
6(982 1021 4140 6040 3745 1020)
6(984 1023 4160 6060 1020 1022)
6(986 1025 4180 6080 1022 1024)
6(988 1027 4200 6100 1024 1026)
6(990 1029 4220 6120 1026 1028)
6(992 1031 4240 6140 1028 1030)
6(994 1033 4260 6160 1030 1032)
6(996 1035 4280 6180 1032 1034)
6(998 1037 4300 6200 1034 1036)
6(1000 1039 4320 6220 1036 1038)
6(1002 1041 4340 6240 1038 1040)
6(1004 1043 4360 6260 1040 1042)
6(1006 1045 4380 6280 1042 1044)
6(1008 1047 4400 6300 1044 1046)
6(1010 1049 4420 6320 1046 1048)
6(1012 1051 4440 6340 1048 1050)
6(1014 1053 4460 6360 1050 1052)
6(1016 1055 4480 6380 1052 1054)
6(1018 1057 4500 6400 1054 1056)
6(1019 1058 4520 6420 1056 3815)
6(1021 1060 4141 6041 3746 1059)
6(1023 1062 4161 6061 1059 1061)
6(1025 1064 4181 6081 1061 1063)
6(1027 1066 4201 6101 1063 1065)
6(1029 1068 4221 6121 1065 1067)
6(1031 1070 4241 6141 1067 1069)
6(1033 1072 4261 6161 1069 1071)
6(1035 1074 4281 6181 1071 1073)
6(1037 1076 4301 6201 1073 1075)
6(1039 1078 4321 6221 1075 1077)
6(1041 1080 4341 6241 1077 1079)
6(1043 1082 4361 6261 1079 1081)
6(1045 1084 4381 6281 1081 1083)
6(1047 1086 4401 6301 1083 1085)
6(1049 1088 4421 6321 1085 1087)
6(1051 1090 4441 6341 1087 1089)
6(1053 1092 4461 6361 1089 1091)
6(1055 1094 4481 6381 1091 1093)
6(1057 1096 4501 6401 1093 1095)
6(1058 1097 4521 6421 1095 3816)
6(1060 1099 4142 6042 3747 1098)
6(1062 1101 4162 6062 1098 1100)
6(1064 1103 4182 6082 1100 1102)
6(1066 1105 4202 6102 1102 1104)
6(1068 1107 4222 6122 1104 1106)
6(1070 1109 4242 6142 1106 1108)
6(1072 1111 4262 6162 1108 1110)
6(1074 1113 4282 6182 1110 1112)
6(1076 1115 4302 6202 1112 1114)
6(1078 1117 4322 6222 1114 1116)
6(1080 1119 4342 6242 1116 1118)
6(1082 1121 4362 6262 1118 1120)
6(1084 1123 4382 6282 1120 1122)
6(1086 1125 4402 6302 1122 1124)
6(1088 1127 4422 6322 1124 1126)
6(1090 1129 4442 6342 1126 1128)
6(1092 1131 4462 6362 1128 1130)
6(1094 1133 4482 6382 1130 1132)
6(1096 1135 4502 6402 1132 1134)
6(1097 1136 4522 6422 1134 3817)
6(1099 1138 4143 6043 3748 1137)
6(1101 1140 4163 6063 1137 1139)
6(1103 1142 4183 6083 1139 1141)
6(1105 1144 4203 6103 1141 1143)
6(1107 1146 4223 6123 1143 1145)
6(1109 1148 4243 6143 1145 1147)
6(1111 1150 4263 6163 1147 1149)
6(1113 1152 4283 6183 1149 1151)
6(1115 1154 4303 6203 1151 1153)
6(1117 1156 4323 6223 1153 1155)
6(1119 1158 4343 6243 1155 1157)
6(1121 1160 4363 6263 1157 1159)
6(1123 1162 4383 6283 1159 1161)
6(1125 1164 4403 6303 1161 1163)
6(1127 1166 4423 6323 1163 1165)
6(1129 1168 4443 6343 1165 1167)
6(1131 1170 4463 6363 1167 1169)
6(1133 1172 4483 6383 1169 1171)
6(1135 1174 4503 6403 1171 1173)
6(1136 1175 4523 6423 1173 3818)
6(1138 1177 4144 6044 3749 1176)
6(1140 1179 4164 6064 1176 1178)
6(1142 1181 4184 6084 1178 1180)
6(1144 1183 4204 6104 1180 1182)
6(1146 1185 4224 6124 1182 1184)
6(1148 1187 4244 6144 1184 1186)
6(1150 1189 4264 6164 1186 1188)
6(1152 1191 4284 6184 1188 1190)
6(1154 1193 4304 6204 1190 1192)
6(1156 1195 4324 6224 1192 1194)
6(1158 1197 4344 6244 1194 1196)
6(1160 1199 4364 6264 1196 1198)
6(1162 1201 4384 6284 1198 1200)
6(1164 1203 4404 6304 1200 1202)
6(1166 1205 4424 6324 1202 1204)
6(1168 1207 4444 6344 1204 1206)
6(1170 1209 4464 6364 1206 1208)
6(1172 1211 4484 6384 1208 1210)
6(1174 1213 4504 6404 1210 1212)
6(1175 1214 4524 6424 1212 3819)
6(407 1216 4525 6425 3850 1215)
6(409 1218 4540 6440 1215 1217)
6(411 1220 4555 6455 1217 1219)
6(413 1222 4570 6470 1219 1221)
6(415 1224 4585 6485 1221 1223)
6(417 1226 4600 6500 1223 1225)
6(419 1228 4615 6515 1225 1227)
6(421 1230 4630 6530 1227 1229)
6(423 1232 4645 6545 1229 1231)
6(425 1234 4660 6560 1231 1233)
6(427 1236 4675 6575 1233 1235)
6(429 1238 4690 6590 1235 1237)
6(431 1240 4705 6605 1237 1239)
6(433 1242 4720 6620 1239 1241)
6(434 1243 4735 6635 1241 1244)
6(1216 1246 4526 6426 3851 1245)
6(1218 1248 4541 6441 1245 1247)
6(1220 1250 4556 6456 1247 1249)
6(1222 1252 4571 6471 1249 1251)
6(1224 1254 4586 6486 1251 1253)
6(1226 1256 4601 6501 1253 1255)
6(1228 1258 4616 6516 1255 1257)
6(1230 1260 4631 6531 1257 1259)
6(1232 1262 4646 6546 1259 1261)
6(1234 1264 4661 6561 1261 1263)
6(1236 1266 4676 6576 1263 1265)
6(1238 1268 4691 6591 1265 1267)
6(1240 1270 4706 6606 1267 1269)
6(1242 1272 4721 6621 1269 1271)
6(1243 1273 4736 6636 1271 1274)
6(1246 1276 4527 6427 3852 1275)
6(1248 1278 4542 6442 1275 1277)
6(1250 1280 4557 6457 1277 1279)
6(1252 1282 4572 6472 1279 1281)
6(1254 1284 4587 6487 1281 1283)
6(1256 1286 4602 6502 1283 1285)
6(1258 1288 4617 6517 1285 1287)
6(1260 1290 4632 6532 1287 1289)
6(1262 1292 4647 6547 1289 1291)
6(1264 1294 4662 6562 1291 1293)
6(1266 1296 4677 6577 1293 1295)
6(1268 1298 4692 6592 1295 1297)
6(1270 1300 4707 6607 1297 1299)
6(1272 1302 4722 6622 1299 1301)
6(1273 1303 4737 6637 1301 1304)
6(1276 1306 4528 6428 3853 1305)
6(1278 1308 4543 6443 1305 1307)
6(1280 1310 4558 6458 1307 1309)
6(1282 1312 4573 6473 1309 1311)
6(1284 1314 4588 6488 1311 1313)
6(1286 1316 4603 6503 1313 1315)
6(1288 1318 4618 6518 1315 1317)
6(1290 1320 4633 6533 1317 1319)
6(1292 1322 4648 6548 1319 1321)
6(1294 1324 4663 6563 1321 1323)
6(1296 1326 4678 6578 1323 1325)
6(1298 1328 4693 6593 1325 1327)
6(1300 1330 4708 6608 1327 1329)
6(1302 1332 4723 6623 1329 1331)
6(1303 1333 4738 6638 1331 1334)
6(1306 1336 4529 6429 3854 1335)
6(1308 1338 4544 6444 1335 1337)
6(1310 1340 4559 6459 1337 1339)
6(1312 1342 4574 6474 1339 1341)
6(1314 1344 4589 6489 1341 1343)
6(1316 1346 4604 6504 1343 1345)
6(1318 1348 4619 6519 1345 1347)
6(1320 1350 4634 6534 1347 1349)
6(1322 1352 4649 6549 1349 1351)
6(1324 1354 4664 6564 1351 1353)
6(1326 1356 4679 6579 1353 1355)
6(1328 1358 4694 6594 1355 1357)
6(1330 1360 4709 6609 1357 1359)
6(1332 1362 4724 6624 1359 1361)
6(1333 1363 4739 6639 1361 1364)
6(1336 1366 4530 6430 3855 1365)
6(1338 1368 4545 6445 1365 1367)
6(1340 1370 4560 6460 1367 1369)
6(1342 1372 4575 6475 1369 1371)
6(1344 1374 4590 6490 1371 1373)
6(1346 1376 4605 6505 1373 1375)
6(1348 1378 4620 6520 1375 1377)
6(1350 1380 4635 6535 1377 1379)
6(1352 1382 4650 6550 1379 1381)
6(1354 1384 4665 6565 1381 1383)
6(1356 1386 4680 6580 1383 1385)
6(1358 1388 4695 6595 1385 1387)
6(1360 1390 4710 6610 1387 1389)
6(1362 1392 4725 6625 1389 1391)
6(1363 1393 4740 6640 1391 1394)
6(1366 1396 4531 6431 3856 1395)
6(1368 1398 4546 6446 1395 1397)
6(1370 1400 4561 6461 1397 1399)
6(1372 1402 4576 6476 1399 1401)
6(1374 1404 4591 6491 1401 1403)
6(1376 1406 4606 6506 1403 1405)
6(1378 1408 4621 6521 1405 1407)
6(1380 1410 4636 6536 1407 1409)
6(1382 1412 4651 6551 1409 1411)
6(1384 1414 4666 6566 1411 1413)
6(1386 1416 4681 6581 1413 1415)
6(1388 1418 4696 6596 1415 1417)
6(1390 1420 4711 6611 1417 1419)
6(1392 1422 4726 6626 1419 1421)
6(1393 1423 4741 6641 1421 1424)
6(1396 1426 4532 6432 3857 1425)
6(1398 1428 4547 6447 1425 1427)
6(1400 1430 4562 6462 1427 1429)
6(1402 1432 4577 6477 1429 1431)
6(1404 1434 4592 6492 1431 1433)
6(1406 1436 4607 6507 1433 1435)
6(1408 1438 4622 6522 1435 1437)
6(1410 1440 4637 6537 1437 1439)
6(1412 1442 4652 6552 1439 1441)
6(1414 1444 4667 6567 1441 1443)
6(1416 1446 4682 6582 1443 1445)
6(1418 1448 4697 6597 1445 1447)
6(1420 1450 4712 6612 1447 1449)
6(1422 1452 4727 6627 1449 1451)
6(1423 1453 4742 6642 1451 1454)
6(1426 1456 4533 6433 3858 1455)
6(1428 1458 4548 6448 1455 1457)
6(1430 1460 4563 6463 1457 1459)
6(1432 1462 4578 6478 1459 1461)
6(1434 1464 4593 6493 1461 1463)
6(1436 1466 4608 6508 1463 1465)
6(1438 1468 4623 6523 1465 1467)
6(1440 1470 4638 6538 1467 1469)
6(1442 1472 4653 6553 1469 1471)
6(1444 1474 4668 6568 1471 1473)
6(1446 1476 4683 6583 1473 1475)
6(1448 1478 4698 6598 1475 1477)
6(1450 1480 4713 6613 1477 1479)
6(1452 1482 4728 6628 1479 1481)
6(1453 1483 4743 6643 1481 1484)
6(1456 1486 4534 6434 3859 1485)
6(1458 1488 4549 6449 1485 1487)
6(1460 1490 4564 6464 1487 1489)
6(1462 1492 4579 6479 1489 1491)
6(1464 1494 4594 6494 1491 1493)
6(1466 1496 4609 6509 1493 1495)
6(1468 1498 4624 6524 1495 1497)
6(1470 1500 4639 6539 1497 1499)
6(1472 1502 4654 6554 1499 1501)
6(1474 1504 4669 6569 1501 1503)
6(1476 1506 4684 6584 1503 1505)
6(1478 1508 4699 6599 1505 1507)
6(1480 1510 4714 6614 1507 1509)
6(1482 1512 4729 6629 1509 1511)
6(1483 1513 4744 6644 1511 1514)
6(1486 1516 4535 6435 3860 1515)
6(1488 1518 4550 6450 1515 1517)
6(1490 1520 4565 6465 1517 1519)
6(1492 1522 4580 6480 1519 1521)
6(1494 1524 4595 6495 1521 1523)
6(1496 1526 4610 6510 1523 1525)
6(1498 1528 4625 6525 1525 1527)
6(1500 1530 4640 6540 1527 1529)
6(1502 1532 4655 6555 1529 1531)
6(1504 1534 4670 6570 1531 1533)
6(1506 1536 4685 6585 1533 1535)
6(1508 1538 4700 6600 1535 1537)
6(1510 1540 4715 6615 1537 1539)
6(1512 1542 4730 6630 1539 1541)
6(1513 1543 4745 6645 1541 1544)
6(1516 1546 4536 6436 3861 1545)
6(1518 1548 4551 6451 1545 1547)
6(1520 1550 4566 6466 1547 1549)
6(1522 1552 4581 6481 1549 1551)
6(1524 1554 4596 6496 1551 1553)
6(1526 1556 4611 6511 1553 1555)
6(1528 1558 4626 6526 1555 1557)
6(1530 1560 4641 6541 1557 1559)
6(1532 1562 4656 6556 1559 1561)
6(1534 1564 4671 6571 1561 1563)
6(1536 1566 4686 6586 1563 1565)
6(1538 1568 4701 6601 1565 1567)
6(1540 1570 4716 6616 1567 1569)
6(1542 1572 4731 6631 1569 1571)
6(1543 1573 4746 6646 1571 1574)
6(1546 1576 4537 6437 3862 1575)
6(1548 1578 4552 6452 1575 1577)
6(1550 1580 4567 6467 1577 1579)
6(1552 1582 4582 6482 1579 1581)
6(1554 1584 4597 6497 1581 1583)
6(1556 1586 4612 6512 1583 1585)
6(1558 1588 4627 6527 1585 1587)
6(1560 1590 4642 6542 1587 1589)
6(1562 1592 4657 6557 1589 1591)
6(1564 1594 4672 6572 1591 1593)
6(1566 1596 4687 6587 1593 1595)
6(1568 1598 4702 6602 1595 1597)
6(1570 1600 4717 6617 1597 1599)
6(1572 1602 4732 6632 1599 1601)
6(1573 1603 4747 6647 1601 1604)
6(1576 1606 4538 6438 3863 1605)
6(1578 1608 4553 6453 1605 1607)
6(1580 1610 4568 6468 1607 1609)
6(1582 1612 4583 6483 1609 1611)
6(1584 1614 4598 6498 1611 1613)
6(1586 1616 4613 6513 1613 1615)
6(1588 1618 4628 6528 1615 1617)
6(1590 1620 4643 6543 1617 1619)
6(1592 1622 4658 6558 1619 1621)
6(1594 1624 4673 6573 1621 1623)
6(1596 1626 4688 6588 1623 1625)
6(1598 1628 4703 6603 1625 1627)
6(1600 1630 4718 6618 1627 1629)
6(1602 1632 4733 6633 1629 1631)
6(1603 1633 4748 6648 1631 1634)
6(1606 3865 4539 6439 3864 1635)
6(1608 3866 4554 6454 1635 1636)
6(1610 3867 4569 6469 1636 1637)
6(1612 3868 4584 6484 1637 1638)
6(1614 3869 4599 6499 1638 1639)
6(1616 3870 4614 6514 1639 1640)
6(1618 3871 4629 6529 1640 1641)
6(1620 3872 4644 6544 1641 1642)
6(1622 3873 4659 6559 1642 1643)
6(1624 3874 4674 6574 1643 1644)
6(1626 3875 4689 6589 1644 1645)
6(1628 3876 4704 6604 1645 1646)
6(1630 3877 4719 6619 1646 1647)
6(1632 3878 4734 6634 1647 1648)
6(1633 3879 4749 6649 1648 1649)
6(3680 1651 4750 6650 1244 1650)
6(3681 1653 4765 6665 1650 1652)
6(3682 1655 4780 6680 1652 1654)
6(3683 1657 4795 6695 1654 1656)
6(3684 1659 4810 6710 1656 1658)
6(3685 1661 4825 6725 1658 1660)
6(3686 1663 4840 6740 1660 1662)
6(3687 1665 4855 6755 1662 1664)
6(3688 1667 4870 6770 1664 1666)
6(3689 1669 4885 6785 1666 1668)
6(3690 1671 4900 6800 1668 1670)
6(3691 1673 4915 6815 1670 1672)
6(3692 1675 4930 6830 1672 1674)
6(3693 1677 4945 6845 1674 1676)
6(3694 1679 4960 6860 1676 1678)
6(3695 1681 4975 6875 1678 1680)
6(3696 1683 4990 6890 1680 1682)
6(3697 1685 5005 6905 1682 1684)
6(3698 1687 5020 6920 1684 1686)
6(3699 1689 5035 6935 1686 1688)
6(3700 1691 5050 6950 1688 1690)
6(3701 1693 5065 6965 1690 1692)
6(3702 1695 5080 6980 1692 1694)
6(3703 1697 5095 6995 1694 1696)
6(3704 1699 5110 7010 1696 1698)
6(3705 1701 5125 7025 1698 1700)
6(3706 1703 5140 7040 1700 1702)
6(3707 1705 5155 7055 1702 1704)
6(3708 1707 5170 7070 1704 1706)
6(3709 1709 5185 7085 1706 1708)
6(3710 1711 5200 7100 1708 1710)
6(3711 1713 5215 7115 1710 1712)
6(3712 1715 5230 7130 1712 1714)
6(3713 1717 5245 7145 1714 1716)
6(3714 1719 5260 7160 1716 1718)
6(3715 1721 5275 7175 1718 1720)
6(3716 1723 5290 7190 1720 1722)
6(3717 1725 5305 7205 1722 1724)
6(3718 1727 5320 7220 1724 1726)
6(3719 1729 5335 7235 1726 1728)
6(3720 1731 5350 7250 1728 1730)
6(3721 1733 5365 7265 1730 1732)
6(3722 1735 5380 7280 1732 1734)
6(3723 1737 5395 7295 1734 1736)
6(3724 1739 5410 7310 1736 1738)
6(3725 1741 5425 7325 1738 1740)
6(3726 1743 5440 7340 1740 1742)
6(3727 1745 5455 7355 1742 1744)
6(3728 1747 5470 7370 1744 1746)
6(3729 1748 5485 7385 1746 1749)
6(1651 1751 4751 6651 1274 1750)
6(1653 1753 4766 6666 1750 1752)
6(1655 1755 4781 6681 1752 1754)
6(1657 1757 4796 6696 1754 1756)
6(1659 1759 4811 6711 1756 1758)
6(1661 1761 4826 6726 1758 1760)
6(1663 1763 4841 6741 1760 1762)
6(1665 1765 4856 6756 1762 1764)
6(1667 1767 4871 6771 1764 1766)
6(1669 1769 4886 6786 1766 1768)
6(1671 1771 4901 6801 1768 1770)
6(1673 1773 4916 6816 1770 1772)
6(1675 1775 4931 6831 1772 1774)
6(1677 1777 4946 6846 1774 1776)
6(1679 1779 4961 6861 1776 1778)
6(1681 1781 4976 6876 1778 1780)
6(1683 1783 4991 6891 1780 1782)
6(1685 1785 5006 6906 1782 1784)
6(1687 1787 5021 6921 1784 1786)
6(1689 1789 5036 6936 1786 1788)
6(1691 1791 5051 6951 1788 1790)
6(1693 1793 5066 6966 1790 1792)
6(1695 1795 5081 6981 1792 1794)
6(1697 1797 5096 6996 1794 1796)
6(1699 1799 5111 7011 1796 1798)
6(1701 1801 5126 7026 1798 1800)
6(1703 1803 5141 7041 1800 1802)
6(1705 1805 5156 7056 1802 1804)
6(1707 1807 5171 7071 1804 1806)
6(1709 1809 5186 7086 1806 1808)
6(1711 1811 5201 7101 1808 1810)
6(1713 1813 5216 7116 1810 1812)
6(1715 1815 5231 7131 1812 1814)
6(1717 1817 5246 7146 1814 1816)
6(1719 1819 5261 7161 1816 1818)
6(1721 1821 5276 7176 1818 1820)
6(1723 1823 5291 7191 1820 1822)
6(1725 1825 5306 7206 1822 1824)
6(1727 1827 5321 7221 1824 1826)
6(1729 1829 5336 7236 1826 1828)
6(1731 1831 5351 7251 1828 1830)
6(1733 1833 5366 7266 1830 1832)
6(1735 1835 5381 7281 1832 1834)
6(1737 1837 5396 7296 1834 1836)
6(1739 1839 5411 7311 1836 1838)
6(1741 1841 5426 7326 1838 1840)
6(1743 1843 5441 7341 1840 1842)
6(1745 1845 5456 7356 1842 1844)
6(1747 1847 5471 7371 1844 1846)
6(1748 1848 5486 7386 1846 1849)
6(1751 1851 4752 6652 1304 1850)
6(1753 1853 4767 6667 1850 1852)
6(1755 1855 4782 6682 1852 1854)
6(1757 1857 4797 6697 1854 1856)
6(1759 1859 4812 6712 1856 1858)
6(1761 1861 4827 6727 1858 1860)
6(1763 1863 4842 6742 1860 1862)
6(1765 1865 4857 6757 1862 1864)
6(1767 1867 4872 6772 1864 1866)
6(1769 1869 4887 6787 1866 1868)
6(1771 1871 4902 6802 1868 1870)
6(1773 1873 4917 6817 1870 1872)
6(1775 1875 4932 6832 1872 1874)
6(1777 1877 4947 6847 1874 1876)
6(1779 1879 4962 6862 1876 1878)
6(1781 1881 4977 6877 1878 1880)
6(1783 1883 4992 6892 1880 1882)
6(1785 1885 5007 6907 1882 1884)
6(1787 1887 5022 6922 1884 1886)
6(1789 1889 5037 6937 1886 1888)
6(1791 1891 5052 6952 1888 1890)
6(1793 1893 5067 6967 1890 1892)
6(1795 1895 5082 6982 1892 1894)
6(1797 1897 5097 6997 1894 1896)
6(1799 1899 5112 7012 1896 1898)
6(1801 1901 5127 7027 1898 1900)
6(1803 1903 5142 7042 1900 1902)
6(1805 1905 5157 7057 1902 1904)
6(1807 1907 5172 7072 1904 1906)
6(1809 1909 5187 7087 1906 1908)
6(1811 1911 5202 7102 1908 1910)
6(1813 1913 5217 7117 1910 1912)
6(1815 1915 5232 7132 1912 1914)
6(1817 1917 5247 7147 1914 1916)
6(1819 1919 5262 7162 1916 1918)
6(1821 1921 5277 7177 1918 1920)
6(1823 1923 5292 7192 1920 1922)
6(1825 1925 5307 7207 1922 1924)
6(1827 1927 5322 7222 1924 1926)
6(1829 1929 5337 7237 1926 1928)
6(1831 1931 5352 7252 1928 1930)
6(1833 1933 5367 7267 1930 1932)
6(1835 1935 5382 7282 1932 1934)
6(1837 1937 5397 7297 1934 1936)
6(1839 1939 5412 7312 1936 1938)
6(1841 1941 5427 7327 1938 1940)
6(1843 1943 5442 7342 1940 1942)
6(1845 1945 5457 7357 1942 1944)
6(1847 1947 5472 7372 1944 1946)
6(1848 1948 5487 7387 1946 1949)
6(1851 1951 4753 6653 1334 1950)
6(1853 1953 4768 6668 1950 1952)
6(1855 1955 4783 6683 1952 1954)
6(1857 1957 4798 6698 1954 1956)
6(1859 1959 4813 6713 1956 1958)
6(1861 1961 4828 6728 1958 1960)
6(1863 1963 4843 6743 1960 1962)
6(1865 1965 4858 6758 1962 1964)
6(1867 1967 4873 6773 1964 1966)
6(1869 1969 4888 6788 1966 1968)
6(1871 1971 4903 6803 1968 1970)
6(1873 1973 4918 6818 1970 1972)
6(1875 1975 4933 6833 1972 1974)
6(1877 1977 4948 6848 1974 1976)
6(1879 1979 4963 6863 1976 1978)
6(1881 1981 4978 6878 1978 1980)
6(1883 1983 4993 6893 1980 1982)
6(1885 1985 5008 6908 1982 1984)
6(1887 1987 5023 6923 1984 1986)
6(1889 1989 5038 6938 1986 1988)
6(1891 1991 5053 6953 1988 1990)
6(1893 1993 5068 6968 1990 1992)
6(1895 1995 5083 6983 1992 1994)
6(1897 1997 5098 6998 1994 1996)
6(1899 1999 5113 7013 1996 1998)
6(1901 2001 5128 7028 1998 2000)
6(1903 2003 5143 7043 2000 2002)
6(1905 2005 5158 7058 2002 2004)
6(1907 2007 5173 7073 2004 2006)
6(1909 2009 5188 7088 2006 2008)
6(1911 2011 5203 7103 2008 2010)
6(1913 2013 5218 7118 2010 2012)
6(1915 2015 5233 7133 2012 2014)
6(1917 2017 5248 7148 2014 2016)
6(1919 2019 5263 7163 2016 2018)
6(1921 2021 5278 7178 2018 2020)
6(1923 2023 5293 7193 2020 2022)
6(1925 2025 5308 7208 2022 2024)
6(1927 2027 5323 7223 2024 2026)
6(1929 2029 5338 7238 2026 2028)
6(1931 2031 5353 7253 2028 2030)
6(1933 2033 5368 7268 2030 2032)
6(1935 2035 5383 7283 2032 2034)
6(1937 2037 5398 7298 2034 2036)
6(1939 2039 5413 7313 2036 2038)
6(1941 2041 5428 7328 2038 2040)
6(1943 2043 5443 7343 2040 2042)
6(1945 2045 5458 7358 2042 2044)
6(1947 2047 5473 7373 2044 2046)
6(1948 2048 5488 7388 2046 2049)
6(1951 2051 4754 6654 1364 2050)
6(1953 2053 4769 6669 2050 2052)
6(1955 2055 4784 6684 2052 2054)
6(1957 2057 4799 6699 2054 2056)
6(1959 2059 4814 6714 2056 2058)
6(1961 2061 4829 6729 2058 2060)
6(1963 2063 4844 6744 2060 2062)
6(1965 2065 4859 6759 2062 2064)
6(1967 2067 4874 6774 2064 2066)
6(1969 2069 4889 6789 2066 2068)
6(1971 2071 4904 6804 2068 2070)
6(1973 2073 4919 6819 2070 2072)
6(1975 2075 4934 6834 2072 2074)
6(1977 2077 4949 6849 2074 2076)
6(1979 2079 4964 6864 2076 2078)
6(1981 2081 4979 6879 2078 2080)
6(1983 2083 4994 6894 2080 2082)
6(1985 2085 5009 6909 2082 2084)
6(1987 2087 5024 6924 2084 2086)
6(1989 2089 5039 6939 2086 2088)
6(1991 2091 5054 6954 2088 2090)
6(1993 2093 5069 6969 2090 2092)
6(1995 2095 5084 6984 2092 2094)
6(1997 2097 5099 6999 2094 2096)
6(1999 2099 5114 7014 2096 2098)
6(2001 2101 5129 7029 2098 2100)
6(2003 2103 5144 7044 2100 2102)
6(2005 2105 5159 7059 2102 2104)
6(2007 2107 5174 7074 2104 2106)
6(2009 2109 5189 7089 2106 2108)
6(2011 2111 5204 7104 2108 2110)
6(2013 2113 5219 7119 2110 2112)
6(2015 2115 5234 7134 2112 2114)
6(2017 2117 5249 7149 2114 2116)
6(2019 2119 5264 7164 2116 2118)
6(2021 2121 5279 7179 2118 2120)
6(2023 2123 5294 7194 2120 2122)
6(2025 2125 5309 7209 2122 2124)
6(2027 2127 5324 7224 2124 2126)
6(2029 2129 5339 7239 2126 2128)
6(2031 2131 5354 7254 2128 2130)
6(2033 2133 5369 7269 2130 2132)
6(2035 2135 5384 7284 2132 2134)
6(2037 2137 5399 7299 2134 2136)
6(2039 2139 5414 7314 2136 2138)
6(2041 2141 5429 7329 2138 2140)
6(2043 2143 5444 7344 2140 2142)
6(2045 2145 5459 7359 2142 2144)
6(2047 2147 5474 7374 2144 2146)
6(2048 2148 5489 7389 2146 2149)
6(2051 2151 4755 6655 1394 2150)
6(2053 2153 4770 6670 2150 2152)
6(2055 2155 4785 6685 2152 2154)
6(2057 2157 4800 6700 2154 2156)
6(2059 2159 4815 6715 2156 2158)
6(2061 2161 4830 6730 2158 2160)
6(2063 2163 4845 6745 2160 2162)
6(2065 2165 4860 6760 2162 2164)
6(2067 2167 4875 6775 2164 2166)
6(2069 2169 4890 6790 2166 2168)
6(2071 2171 4905 6805 2168 2170)
6(2073 2173 4920 6820 2170 2172)
6(2075 2175 4935 6835 2172 2174)
6(2077 2177 4950 6850 2174 2176)
6(2079 2179 4965 6865 2176 2178)
6(2081 2181 4980 6880 2178 2180)
6(2083 2183 4995 6895 2180 2182)
6(2085 2185 5010 6910 2182 2184)
6(2087 2187 5025 6925 2184 2186)
6(2089 2189 5040 6940 2186 2188)
6(2091 2191 5055 6955 2188 2190)
6(2093 2193 5070 6970 2190 2192)
6(2095 2195 5085 6985 2192 2194)
6(2097 2197 5100 7000 2194 2196)
6(2099 2199 5115 7015 2196 2198)
6(2101 2201 5130 7030 2198 2200)
6(2103 2203 5145 7045 2200 2202)
6(2105 2205 5160 7060 2202 2204)
6(2107 2207 5175 7075 2204 2206)
6(2109 2209 5190 7090 2206 2208)
6(2111 2211 5205 7105 2208 2210)
6(2113 2213 5220 7120 2210 2212)
6(2115 2215 5235 7135 2212 2214)
6(2117 2217 5250 7150 2214 2216)
6(2119 2219 5265 7165 2216 2218)
6(2121 2221 5280 7180 2218 2220)
6(2123 2223 5295 7195 2220 2222)
6(2125 2225 5310 7210 2222 2224)
6(2127 2227 5325 7225 2224 2226)
6(2129 2229 5340 7240 2226 2228)
6(2131 2231 5355 7255 2228 2230)
6(2133 2233 5370 7270 2230 2232)
6(2135 2235 5385 7285 2232 2234)
6(2137 2237 5400 7300 2234 2236)
6(2139 2239 5415 7315 2236 2238)
6(2141 2241 5430 7330 2238 2240)
6(2143 2243 5445 7345 2240 2242)
6(2145 2245 5460 7360 2242 2244)
6(2147 2247 5475 7375 2244 2246)
6(2148 2248 5490 7390 2246 2249)
6(2151 2251 4756 6656 1424 2250)
6(2153 2253 4771 6671 2250 2252)
6(2155 2255 4786 6686 2252 2254)
6(2157 2257 4801 6701 2254 2256)
6(2159 2259 4816 6716 2256 2258)
6(2161 2261 4831 6731 2258 2260)
6(2163 2263 4846 6746 2260 2262)
6(2165 2265 4861 6761 2262 2264)
6(2167 2267 4876 6776 2264 2266)
6(2169 2269 4891 6791 2266 2268)
6(2171 2271 4906 6806 2268 2270)
6(2173 2273 4921 6821 2270 2272)
6(2175 2275 4936 6836 2272 2274)
6(2177 2277 4951 6851 2274 2276)
6(2179 2279 4966 6866 2276 2278)
6(2181 2281 4981 6881 2278 2280)
6(2183 2283 4996 6896 2280 2282)
6(2185 2285 5011 6911 2282 2284)
6(2187 2287 5026 6926 2284 2286)
6(2189 2289 5041 6941 2286 2288)
6(2191 2291 5056 6956 2288 2290)
6(2193 2293 5071 6971 2290 2292)
6(2195 2295 5086 6986 2292 2294)
6(2197 2297 5101 7001 2294 2296)
6(2199 2299 5116 7016 2296 2298)
6(2201 2301 5131 7031 2298 2300)
6(2203 2303 5146 7046 2300 2302)
6(2205 2305 5161 7061 2302 2304)
6(2207 2307 5176 7076 2304 2306)
6(2209 2309 5191 7091 2306 2308)
6(2211 2311 5206 7106 2308 2310)
6(2213 2313 5221 7121 2310 2312)
6(2215 2315 5236 7136 2312 2314)
6(2217 2317 5251 7151 2314 2316)
6(2219 2319 5266 7166 2316 2318)
6(2221 2321 5281 7181 2318 2320)
6(2223 2323 5296 7196 2320 2322)
6(2225 2325 5311 7211 2322 2324)
6(2227 2327 5326 7226 2324 2326)
6(2229 2329 5341 7241 2326 2328)
6(2231 2331 5356 7256 2328 2330)
6(2233 2333 5371 7271 2330 2332)
6(2235 2335 5386 7286 2332 2334)
6(2237 2337 5401 7301 2334 2336)
6(2239 2339 5416 7316 2336 2338)
6(2241 2341 5431 7331 2338 2340)
6(2243 2343 5446 7346 2340 2342)
6(2245 2345 5461 7361 2342 2344)
6(2247 2347 5476 7376 2344 2346)
6(2248 2348 5491 7391 2346 2349)
6(2251 2351 4757 6657 1454 2350)
6(2253 2353 4772 6672 2350 2352)
6(2255 2355 4787 6687 2352 2354)
6(2257 2357 4802 6702 2354 2356)
6(2259 2359 4817 6717 2356 2358)
6(2261 2361 4832 6732 2358 2360)
6(2263 2363 4847 6747 2360 2362)
6(2265 2365 4862 6762 2362 2364)
6(2267 2367 4877 6777 2364 2366)
6(2269 2369 4892 6792 2366 2368)
6(2271 2371 4907 6807 2368 2370)
6(2273 2373 4922 6822 2370 2372)
6(2275 2375 4937 6837 2372 2374)
6(2277 2377 4952 6852 2374 2376)
6(2279 2379 4967 6867 2376 2378)
6(2281 2381 4982 6882 2378 2380)
6(2283 2383 4997 6897 2380 2382)
6(2285 2385 5012 6912 2382 2384)
6(2287 2387 5027 6927 2384 2386)
6(2289 2389 5042 6942 2386 2388)
6(2291 2391 5057 6957 2388 2390)
6(2293 2393 5072 6972 2390 2392)
6(2295 2395 5087 6987 2392 2394)
6(2297 2397 5102 7002 2394 2396)
6(2299 2399 5117 7017 2396 2398)
6(2301 2401 5132 7032 2398 2400)
6(2303 2403 5147 7047 2400 2402)
6(2305 2405 5162 7062 2402 2404)
6(2307 2407 5177 7077 2404 2406)
6(2309 2409 5192 7092 2406 2408)
6(2311 2411 5207 7107 2408 2410)
6(2313 2413 5222 7122 2410 2412)
6(2315 2415 5237 7137 2412 2414)
6(2317 2417 5252 7152 2414 2416)
6(2319 2419 5267 7167 2416 2418)
6(2321 2421 5282 7182 2418 2420)
6(2323 2423 5297 7197 2420 2422)
6(2325 2425 5312 7212 2422 2424)
6(2327 2427 5327 7227 2424 2426)
6(2329 2429 5342 7242 2426 2428)
6(2331 2431 5357 7257 2428 2430)
6(2333 2433 5372 7272 2430 2432)
6(2335 2435 5387 7287 2432 2434)
6(2337 2437 5402 7302 2434 2436)
6(2339 2439 5417 7317 2436 2438)
6(2341 2441 5432 7332 2438 2440)
6(2343 2443 5447 7347 2440 2442)
6(2345 2445 5462 7362 2442 2444)
6(2347 2447 5477 7377 2444 2446)
6(2348 2448 5492 7392 2446 2449)
6(2351 2451 4758 6658 1484 2450)
6(2353 2453 4773 6673 2450 2452)
6(2355 2455 4788 6688 2452 2454)
6(2357 2457 4803 6703 2454 2456)
6(2359 2459 4818 6718 2456 2458)
6(2361 2461 4833 6733 2458 2460)
6(2363 2463 4848 6748 2460 2462)
6(2365 2465 4863 6763 2462 2464)
6(2367 2467 4878 6778 2464 2466)
6(2369 2469 4893 6793 2466 2468)
6(2371 2471 4908 6808 2468 2470)
6(2373 2473 4923 6823 2470 2472)
6(2375 2475 4938 6838 2472 2474)
6(2377 2477 4953 6853 2474 2476)
6(2379 2479 4968 6868 2476 2478)
6(2381 2481 4983 6883 2478 2480)
6(2383 2483 4998 6898 2480 2482)
6(2385 2485 5013 6913 2482 2484)
6(2387 2487 5028 6928 2484 2486)
6(2389 2489 5043 6943 2486 2488)
6(2391 2491 5058 6958 2488 2490)
6(2393 2493 5073 6973 2490 2492)
6(2395 2495 5088 6988 2492 2494)
6(2397 2497 5103 7003 2494 2496)
6(2399 2499 5118 7018 2496 2498)
6(2401 2501 5133 7033 2498 2500)
6(2403 2503 5148 7048 2500 2502)
6(2405 2505 5163 7063 2502 2504)
6(2407 2507 5178 7078 2504 2506)
6(2409 2509 5193 7093 2506 2508)
6(2411 2511 5208 7108 2508 2510)
6(2413 2513 5223 7123 2510 2512)
6(2415 2515 5238 7138 2512 2514)
6(2417 2517 5253 7153 2514 2516)
6(2419 2519 5268 7168 2516 2518)
6(2421 2521 5283 7183 2518 2520)
6(2423 2523 5298 7198 2520 2522)
6(2425 2525 5313 7213 2522 2524)
6(2427 2527 5328 7228 2524 2526)
6(2429 2529 5343 7243 2526 2528)
6(2431 2531 5358 7258 2528 2530)
6(2433 2533 5373 7273 2530 2532)
6(2435 2535 5388 7288 2532 2534)
6(2437 2537 5403 7303 2534 2536)
6(2439 2539 5418 7318 2536 2538)
6(2441 2541 5433 7333 2538 2540)
6(2443 2543 5448 7348 2540 2542)
6(2445 2545 5463 7363 2542 2544)
6(2447 2547 5478 7378 2544 2546)
6(2448 2548 5493 7393 2546 2549)
6(2451 2551 4759 6659 1514 2550)
6(2453 2553 4774 6674 2550 2552)
6(2455 2555 4789 6689 2552 2554)
6(2457 2557 4804 6704 2554 2556)
6(2459 2559 4819 6719 2556 2558)
6(2461 2561 4834 6734 2558 2560)
6(2463 2563 4849 6749 2560 2562)
6(2465 2565 4864 6764 2562 2564)
6(2467 2567 4879 6779 2564 2566)
6(2469 2569 4894 6794 2566 2568)
6(2471 2571 4909 6809 2568 2570)
6(2473 2573 4924 6824 2570 2572)
6(2475 2575 4939 6839 2572 2574)
6(2477 2577 4954 6854 2574 2576)
6(2479 2579 4969 6869 2576 2578)
6(2481 2581 4984 6884 2578 2580)
6(2483 2583 4999 6899 2580 2582)
6(2485 2585 5014 6914 2582 2584)
6(2487 2587 5029 6929 2584 2586)
6(2489 2589 5044 6944 2586 2588)
6(2491 2591 5059 6959 2588 2590)
6(2493 2593 5074 6974 2590 2592)
6(2495 2595 5089 6989 2592 2594)
6(2497 2597 5104 7004 2594 2596)
6(2499 2599 5119 7019 2596 2598)
6(2501 2601 5134 7034 2598 2600)
6(2503 2603 5149 7049 2600 2602)
6(2505 2605 5164 7064 2602 2604)
6(2507 2607 5179 7079 2604 2606)
6(2509 2609 5194 7094 2606 2608)
6(2511 2611 5209 7109 2608 2610)
6(2513 2613 5224 7124 2610 2612)
6(2515 2615 5239 7139 2612 2614)
6(2517 2617 5254 7154 2614 2616)
6(2519 2619 5269 7169 2616 2618)
6(2521 2621 5284 7184 2618 2620)
6(2523 2623 5299 7199 2620 2622)
6(2525 2625 5314 7214 2622 2624)
6(2527 2627 5329 7229 2624 2626)
6(2529 2629 5344 7244 2626 2628)
6(2531 2631 5359 7259 2628 2630)
6(2533 2633 5374 7274 2630 2632)
6(2535 2635 5389 7289 2632 2634)
6(2537 2637 5404 7304 2634 2636)
6(2539 2639 5419 7319 2636 2638)
6(2541 2641 5434 7334 2638 2640)
6(2543 2643 5449 7349 2640 2642)
6(2545 2645 5464 7364 2642 2644)
6(2547 2647 5479 7379 2644 2646)
6(2548 2648 5494 7394 2646 2649)
6(2551 2651 4760 6660 1544 2650)
6(2553 2653 4775 6675 2650 2652)
6(2555 2655 4790 6690 2652 2654)
6(2557 2657 4805 6705 2654 2656)
6(2559 2659 4820 6720 2656 2658)
6(2561 2661 4835 6735 2658 2660)
6(2563 2663 4850 6750 2660 2662)
6(2565 2665 4865 6765 2662 2664)
6(2567 2667 4880 6780 2664 2666)
6(2569 2669 4895 6795 2666 2668)
6(2571 2671 4910 6810 2668 2670)
6(2573 2673 4925 6825 2670 2672)
6(2575 2675 4940 6840 2672 2674)
6(2577 2677 4955 6855 2674 2676)
6(2579 2679 4970 6870 2676 2678)
6(2581 2681 4985 6885 2678 2680)
6(2583 2683 5000 6900 2680 2682)
6(2585 2685 5015 6915 2682 2684)
6(2587 2687 5030 6930 2684 2686)
6(2589 2689 5045 6945 2686 2688)
6(2591 2691 5060 6960 2688 2690)
6(2593 2693 5075 6975 2690 2692)
6(2595 2695 5090 6990 2692 2694)
6(2597 2697 5105 7005 2694 2696)
6(2599 2699 5120 7020 2696 2698)
6(2601 2701 5135 7035 2698 2700)
6(2603 2703 5150 7050 2700 2702)
6(2605 2705 5165 7065 2702 2704)
6(2607 2707 5180 7080 2704 2706)
6(2609 2709 5195 7095 2706 2708)
6(2611 2711 5210 7110 2708 2710)
6(2613 2713 5225 7125 2710 2712)
6(2615 2715 5240 7140 2712 2714)
6(2617 2717 5255 7155 2714 2716)
6(2619 2719 5270 7170 2716 2718)
6(2621 2721 5285 7185 2718 2720)
6(2623 2723 5300 7200 2720 2722)
6(2625 2725 5315 7215 2722 2724)
6(2627 2727 5330 7230 2724 2726)
6(2629 2729 5345 7245 2726 2728)
6(2631 2731 5360 7260 2728 2730)
6(2633 2733 5375 7275 2730 2732)
6(2635 2735 5390 7290 2732 2734)
6(2637 2737 5405 7305 2734 2736)
6(2639 2739 5420 7320 2736 2738)
6(2641 2741 5435 7335 2738 2740)
6(2643 2743 5450 7350 2740 2742)
6(2645 2745 5465 7365 2742 2744)
6(2647 2747 5480 7380 2744 2746)
6(2648 2748 5495 7395 2746 2749)
6(2651 2751 4761 6661 1574 2750)
6(2653 2753 4776 6676 2750 2752)
6(2655 2755 4791 6691 2752 2754)
6(2657 2757 4806 6706 2754 2756)
6(2659 2759 4821 6721 2756 2758)
6(2661 2761 4836 6736 2758 2760)
6(2663 2763 4851 6751 2760 2762)
6(2665 2765 4866 6766 2762 2764)
6(2667 2767 4881 6781 2764 2766)
6(2669 2769 4896 6796 2766 2768)
6(2671 2771 4911 6811 2768 2770)
6(2673 2773 4926 6826 2770 2772)
6(2675 2775 4941 6841 2772 2774)
6(2677 2777 4956 6856 2774 2776)
6(2679 2779 4971 6871 2776 2778)
6(2681 2781 4986 6886 2778 2780)
6(2683 2783 5001 6901 2780 2782)
6(2685 2785 5016 6916 2782 2784)
6(2687 2787 5031 6931 2784 2786)
6(2689 2789 5046 6946 2786 2788)
6(2691 2791 5061 6961 2788 2790)
6(2693 2793 5076 6976 2790 2792)
6(2695 2795 5091 6991 2792 2794)
6(2697 2797 5106 7006 2794 2796)
6(2699 2799 5121 7021 2796 2798)
6(2701 2801 5136 7036 2798 2800)
6(2703 2803 5151 7051 2800 2802)
6(2705 2805 5166 7066 2802 2804)
6(2707 2807 5181 7081 2804 2806)
6(2709 2809 5196 7096 2806 2808)
6(2711 2811 5211 7111 2808 2810)
6(2713 2813 5226 7126 2810 2812)
6(2715 2815 5241 7141 2812 2814)
6(2717 2817 5256 7156 2814 2816)
6(2719 2819 5271 7171 2816 2818)
6(2721 2821 5286 7186 2818 2820)
6(2723 2823 5301 7201 2820 2822)
6(2725 2825 5316 7216 2822 2824)
6(2727 2827 5331 7231 2824 2826)
6(2729 2829 5346 7246 2826 2828)
6(2731 2831 5361 7261 2828 2830)
6(2733 2833 5376 7276 2830 2832)
6(2735 2835 5391 7291 2832 2834)
6(2737 2837 5406 7306 2834 2836)
6(2739 2839 5421 7321 2836 2838)
6(2741 2841 5436 7336 2838 2840)
6(2743 2843 5451 7351 2840 2842)
6(2745 2845 5466 7366 2842 2844)
6(2747 2847 5481 7381 2844 2846)
6(2748 2848 5496 7396 2846 2849)
6(2751 2851 4762 6662 1604 2850)
6(2753 2853 4777 6677 2850 2852)
6(2755 2855 4792 6692 2852 2854)
6(2757 2857 4807 6707 2854 2856)
6(2759 2859 4822 6722 2856 2858)
6(2761 2861 4837 6737 2858 2860)
6(2763 2863 4852 6752 2860 2862)
6(2765 2865 4867 6767 2862 2864)
6(2767 2867 4882 6782 2864 2866)
6(2769 2869 4897 6797 2866 2868)
6(2771 2871 4912 6812 2868 2870)
6(2773 2873 4927 6827 2870 2872)
6(2775 2875 4942 6842 2872 2874)
6(2777 2877 4957 6857 2874 2876)
6(2779 2879 4972 6872 2876 2878)
6(2781 2881 4987 6887 2878 2880)
6(2783 2883 5002 6902 2880 2882)
6(2785 2885 5017 6917 2882 2884)
6(2787 2887 5032 6932 2884 2886)
6(2789 2889 5047 6947 2886 2888)
6(2791 2891 5062 6962 2888 2890)
6(2793 2893 5077 6977 2890 2892)
6(2795 2895 5092 6992 2892 2894)
6(2797 2897 5107 7007 2894 2896)
6(2799 2899 5122 7022 2896 2898)
6(2801 2901 5137 7037 2898 2900)
6(2803 2903 5152 7052 2900 2902)
6(2805 2905 5167 7067 2902 2904)
6(2807 2907 5182 7082 2904 2906)
6(2809 2909 5197 7097 2906 2908)
6(2811 2911 5212 7112 2908 2910)
6(2813 2913 5227 7127 2910 2912)
6(2815 2915 5242 7142 2912 2914)
6(2817 2917 5257 7157 2914 2916)
6(2819 2919 5272 7172 2916 2918)
6(2821 2921 5287 7187 2918 2920)
6(2823 2923 5302 7202 2920 2922)
6(2825 2925 5317 7217 2922 2924)
6(2827 2927 5332 7232 2924 2926)
6(2829 2929 5347 7247 2926 2928)
6(2831 2931 5362 7262 2928 2930)
6(2833 2933 5377 7277 2930 2932)
6(2835 2935 5392 7292 2932 2934)
6(2837 2937 5407 7307 2934 2936)
6(2839 2939 5422 7322 2936 2938)
6(2841 2941 5437 7337 2938 2940)
6(2843 2943 5452 7352 2940 2942)
6(2845 2945 5467 7367 2942 2944)
6(2847 2947 5482 7382 2944 2946)
6(2848 2948 5497 7397 2946 2949)
6(2851 2951 4763 6663 1634 2950)
6(2853 2953 4778 6678 2950 2952)
6(2855 2955 4793 6693 2952 2954)
6(2857 2957 4808 6708 2954 2956)
6(2859 2959 4823 6723 2956 2958)
6(2861 2961 4838 6738 2958 2960)
6(2863 2963 4853 6753 2960 2962)
6(2865 2965 4868 6768 2962 2964)
6(2867 2967 4883 6783 2964 2966)
6(2869 2969 4898 6798 2966 2968)
6(2871 2971 4913 6813 2968 2970)
6(2873 2973 4928 6828 2970 2972)
6(2875 2975 4943 6843 2972 2974)
6(2877 2977 4958 6858 2974 2976)
6(2879 2979 4973 6873 2976 2978)
6(2881 2981 4988 6888 2978 2980)
6(2883 2983 5003 6903 2980 2982)
6(2885 2985 5018 6918 2982 2984)
6(2887 2987 5033 6933 2984 2986)
6(2889 2989 5048 6948 2986 2988)
6(2891 2991 5063 6963 2988 2990)
6(2893 2993 5078 6978 2990 2992)
6(2895 2995 5093 6993 2992 2994)
6(2897 2997 5108 7008 2994 2996)
6(2899 2999 5123 7023 2996 2998)
6(2901 3001 5138 7038 2998 3000)
6(2903 3003 5153 7053 3000 3002)
6(2905 3005 5168 7068 3002 3004)
6(2907 3007 5183 7083 3004 3006)
6(2909 3009 5198 7098 3006 3008)
6(2911 3011 5213 7113 3008 3010)
6(2913 3013 5228 7128 3010 3012)
6(2915 3015 5243 7143 3012 3014)
6(2917 3017 5258 7158 3014 3016)
6(2919 3019 5273 7173 3016 3018)
6(2921 3021 5288 7188 3018 3020)
6(2923 3023 5303 7203 3020 3022)
6(2925 3025 5318 7218 3022 3024)
6(2927 3027 5333 7233 3024 3026)
6(2929 3029 5348 7248 3026 3028)
6(2931 3031 5363 7263 3028 3030)
6(2933 3033 5378 7278 3030 3032)
6(2935 3035 5393 7293 3032 3034)
6(2937 3037 5408 7308 3034 3036)
6(2939 3039 5423 7323 3036 3038)
6(2941 3041 5438 7338 3038 3040)
6(2943 3043 5453 7353 3040 3042)
6(2945 3045 5468 7368 3042 3044)
6(2947 3047 5483 7383 3044 3046)
6(2948 3048 5498 7398 3046 3049)
6(2951 3750 4764 6664 1649 3050)
6(2953 3751 4779 6679 3050 3051)
6(2955 3752 4794 6694 3051 3052)
6(2957 3753 4809 6709 3052 3053)
6(2959 3754 4824 6724 3053 3054)
6(2961 3755 4839 6739 3054 3055)
6(2963 3756 4854 6754 3055 3056)
6(2965 3757 4869 6769 3056 3057)
6(2967 3758 4884 6784 3057 3058)
6(2969 3759 4899 6799 3058 3059)
6(2971 3760 4914 6814 3059 3060)
6(2973 3761 4929 6829 3060 3061)
6(2975 3762 4944 6844 3061 3062)
6(2977 3763 4959 6859 3062 3063)
6(2979 3764 4974 6874 3063 3064)
6(2981 3765 4989 6889 3064 3065)
6(2983 3766 5004 6904 3065 3066)
6(2985 3767 5019 6919 3066 3067)
6(2987 3768 5034 6934 3067 3068)
6(2989 3769 5049 6949 3068 3069)
6(2991 3770 5064 6964 3069 3070)
6(2993 3771 5079 6979 3070 3071)
6(2995 3772 5094 6994 3071 3072)
6(2997 3773 5109 7009 3072 3073)
6(2999 3774 5124 7024 3073 3074)
6(3001 3775 5139 7039 3074 3075)
6(3003 3776 5154 7054 3075 3076)
6(3005 3777 5169 7069 3076 3077)
6(3007 3778 5184 7084 3077 3078)
6(3009 3779 5199 7099 3078 3079)
6(3011 3780 5214 7114 3079 3080)
6(3013 3781 5229 7129 3080 3081)
6(3015 3782 5244 7144 3081 3082)
6(3017 3783 5259 7159 3082 3083)
6(3019 3784 5274 7174 3083 3084)
6(3021 3785 5289 7189 3084 3085)
6(3023 3786 5304 7204 3085 3086)
6(3025 3787 5319 7219 3086 3087)
6(3027 3788 5334 7234 3087 3088)
6(3029 3789 5349 7249 3088 3089)
6(3031 3790 5364 7264 3089 3090)
6(3033 3791 5379 7279 3090 3091)
6(3035 3792 5394 7294 3091 3092)
6(3037 3793 5409 7309 3092 3093)
6(3039 3794 5424 7324 3093 3094)
6(3041 3795 5439 7339 3094 3095)
6(3043 3796 5454 7354 3095 3096)
6(3045 3797 5469 7369 3096 3097)
6(3047 3798 5484 7384 3097 3098)
6(3048 3799 5499 7399 3098 3099)
6(1177 3101 5500 7400 1749 3100)
6(1179 3103 5515 7415 3100 3102)
6(1181 3105 5530 7430 3102 3104)
6(1183 3107 5545 7445 3104 3106)
6(1185 3109 5560 7460 3106 3108)
6(1187 3111 5575 7475 3108 3110)
6(1189 3113 5590 7490 3110 3112)
6(1191 3115 5605 7505 3112 3114)
6(1193 3117 5620 7520 3114 3116)
6(1195 3119 5635 7535 3116 3118)
6(1197 3121 5650 7550 3118 3120)
6(1199 3123 5665 7565 3120 3122)
6(1201 3125 5680 7580 3122 3124)
6(1203 3127 5695 7595 3124 3126)
6(1205 3129 5710 7610 3126 3128)
6(1207 3131 5725 7625 3128 3130)
6(1209 3133 5740 7640 3130 3132)
6(1211 3135 5755 7655 3132 3134)
6(1213 3137 5770 7670 3134 3136)
6(1214 3138 5785 7685 3136 3820)
6(3101 3140 5501 7401 1849 3139)
6(3103 3142 5516 7416 3139 3141)
6(3105 3144 5531 7431 3141 3143)
6(3107 3146 5546 7446 3143 3145)
6(3109 3148 5561 7461 3145 3147)
6(3111 3150 5576 7476 3147 3149)
6(3113 3152 5591 7491 3149 3151)
6(3115 3154 5606 7506 3151 3153)
6(3117 3156 5621 7521 3153 3155)
6(3119 3158 5636 7536 3155 3157)
6(3121 3160 5651 7551 3157 3159)
6(3123 3162 5666 7566 3159 3161)
6(3125 3164 5681 7581 3161 3163)
6(3127 3166 5696 7596 3163 3165)
6(3129 3168 5711 7611 3165 3167)
6(3131 3170 5726 7626 3167 3169)
6(3133 3172 5741 7641 3169 3171)
6(3135 3174 5756 7656 3171 3173)
6(3137 3176 5771 7671 3173 3175)
6(3138 3177 5786 7686 3175 3821)
6(3140 3179 5502 7402 1949 3178)
6(3142 3181 5517 7417 3178 3180)
6(3144 3183 5532 7432 3180 3182)
6(3146 3185 5547 7447 3182 3184)
6(3148 3187 5562 7462 3184 3186)
6(3150 3189 5577 7477 3186 3188)
6(3152 3191 5592 7492 3188 3190)
6(3154 3193 5607 7507 3190 3192)
6(3156 3195 5622 7522 3192 3194)
6(3158 3197 5637 7537 3194 3196)
6(3160 3199 5652 7552 3196 3198)
6(3162 3201 5667 7567 3198 3200)
6(3164 3203 5682 7582 3200 3202)
6(3166 3205 5697 7597 3202 3204)
6(3168 3207 5712 7612 3204 3206)
6(3170 3209 5727 7627 3206 3208)
6(3172 3211 5742 7642 3208 3210)
6(3174 3213 5757 7657 3210 3212)
6(3176 3215 5772 7672 3212 3214)
6(3177 3216 5787 7687 3214 3822)
6(3179 3218 5503 7403 2049 3217)
6(3181 3220 5518 7418 3217 3219)
6(3183 3222 5533 7433 3219 3221)
6(3185 3224 5548 7448 3221 3223)
6(3187 3226 5563 7463 3223 3225)
6(3189 3228 5578 7478 3225 3227)
6(3191 3230 5593 7493 3227 3229)
6(3193 3232 5608 7508 3229 3231)
6(3195 3234 5623 7523 3231 3233)
6(3197 3236 5638 7538 3233 3235)
6(3199 3238 5653 7553 3235 3237)
6(3201 3240 5668 7568 3237 3239)
6(3203 3242 5683 7583 3239 3241)
6(3205 3244 5698 7598 3241 3243)
6(3207 3246 5713 7613 3243 3245)
6(3209 3248 5728 7628 3245 3247)
6(3211 3250 5743 7643 3247 3249)
6(3213 3252 5758 7658 3249 3251)
6(3215 3254 5773 7673 3251 3253)
6(3216 3255 5788 7688 3253 3823)
6(3218 3257 5504 7404 2149 3256)
6(3220 3259 5519 7419 3256 3258)
6(3222 3261 5534 7434 3258 3260)
6(3224 3263 5549 7449 3260 3262)
6(3226 3265 5564 7464 3262 3264)
6(3228 3267 5579 7479 3264 3266)
6(3230 3269 5594 7494 3266 3268)
6(3232 3271 5609 7509 3268 3270)
6(3234 3273 5624 7524 3270 3272)
6(3236 3275 5639 7539 3272 3274)
6(3238 3277 5654 7554 3274 3276)
6(3240 3279 5669 7569 3276 3278)
6(3242 3281 5684 7584 3278 3280)
6(3244 3283 5699 7599 3280 3282)
6(3246 3285 5714 7614 3282 3284)
6(3248 3287 5729 7629 3284 3286)
6(3250 3289 5744 7644 3286 3288)
6(3252 3291 5759 7659 3288 3290)
6(3254 3293 5774 7674 3290 3292)
6(3255 3294 5789 7689 3292 3824)
6(3257 3296 5505 7405 2249 3295)
6(3259 3298 5520 7420 3295 3297)
6(3261 3300 5535 7435 3297 3299)
6(3263 3302 5550 7450 3299 3301)
6(3265 3304 5565 7465 3301 3303)
6(3267 3306 5580 7480 3303 3305)
6(3269 3308 5595 7495 3305 3307)
6(3271 3310 5610 7510 3307 3309)
6(3273 3312 5625 7525 3309 3311)
6(3275 3314 5640 7540 3311 3313)
6(3277 3316 5655 7555 3313 3315)
6(3279 3318 5670 7570 3315 3317)
6(3281 3320 5685 7585 3317 3319)
6(3283 3322 5700 7600 3319 3321)
6(3285 3324 5715 7615 3321 3323)
6(3287 3326 5730 7630 3323 3325)
6(3289 3328 5745 7645 3325 3327)
6(3291 3330 5760 7660 3327 3329)
6(3293 3332 5775 7675 3329 3331)
6(3294 3333 5790 7690 3331 3825)
6(3296 3335 5506 7406 2349 3334)
6(3298 3337 5521 7421 3334 3336)
6(3300 3339 5536 7436 3336 3338)
6(3302 3341 5551 7451 3338 3340)
6(3304 3343 5566 7466 3340 3342)
6(3306 3345 5581 7481 3342 3344)
6(3308 3347 5596 7496 3344 3346)
6(3310 3349 5611 7511 3346 3348)
6(3312 3351 5626 7526 3348 3350)
6(3314 3353 5641 7541 3350 3352)
6(3316 3355 5656 7556 3352 3354)
6(3318 3357 5671 7571 3354 3356)
6(3320 3359 5686 7586 3356 3358)
6(3322 3361 5701 7601 3358 3360)
6(3324 3363 5716 7616 3360 3362)
6(3326 3365 5731 7631 3362 3364)
6(3328 3367 5746 7646 3364 3366)
6(3330 3369 5761 7661 3366 3368)
6(3332 3371 5776 7676 3368 3370)
6(3333 3372 5791 7691 3370 3826)
6(3335 3374 5507 7407 2449 3373)
6(3337 3376 5522 7422 3373 3375)
6(3339 3378 5537 7437 3375 3377)
6(3341 3380 5552 7452 3377 3379)
6(3343 3382 5567 7467 3379 3381)
6(3345 3384 5582 7482 3381 3383)
6(3347 3386 5597 7497 3383 3385)
6(3349 3388 5612 7512 3385 3387)
6(3351 3390 5627 7527 3387 3389)
6(3353 3392 5642 7542 3389 3391)
6(3355 3394 5657 7557 3391 3393)
6(3357 3396 5672 7572 3393 3395)
6(3359 3398 5687 7587 3395 3397)
6(3361 3400 5702 7602 3397 3399)
6(3363 3402 5717 7617 3399 3401)
6(3365 3404 5732 7632 3401 3403)
6(3367 3406 5747 7647 3403 3405)
6(3369 3408 5762 7662 3405 3407)
6(3371 3410 5777 7677 3407 3409)
6(3372 3411 5792 7692 3409 3827)
6(3374 3413 5508 7408 2549 3412)
6(3376 3415 5523 7423 3412 3414)
6(3378 3417 5538 7438 3414 3416)
6(3380 3419 5553 7453 3416 3418)
6(3382 3421 5568 7468 3418 3420)
6(3384 3423 5583 7483 3420 3422)
6(3386 3425 5598 7498 3422 3424)
6(3388 3427 5613 7513 3424 3426)
6(3390 3429 5628 7528 3426 3428)
6(3392 3431 5643 7543 3428 3430)
6(3394 3433 5658 7558 3430 3432)
6(3396 3435 5673 7573 3432 3434)
6(3398 3437 5688 7588 3434 3436)
6(3400 3439 5703 7603 3436 3438)
6(3402 3441 5718 7618 3438 3440)
6(3404 3443 5733 7633 3440 3442)
6(3406 3445 5748 7648 3442 3444)
6(3408 3447 5763 7663 3444 3446)
6(3410 3449 5778 7678 3446 3448)
6(3411 3450 5793 7693 3448 3828)
6(3413 3452 5509 7409 2649 3451)
6(3415 3454 5524 7424 3451 3453)
6(3417 3456 5539 7439 3453 3455)
6(3419 3458 5554 7454 3455 3457)
6(3421 3460 5569 7469 3457 3459)
6(3423 3462 5584 7484 3459 3461)
6(3425 3464 5599 7499 3461 3463)
6(3427 3466 5614 7514 3463 3465)
6(3429 3468 5629 7529 3465 3467)
6(3431 3470 5644 7544 3467 3469)
6(3433 3472 5659 7559 3469 3471)
6(3435 3474 5674 7574 3471 3473)
6(3437 3476 5689 7589 3473 3475)
6(3439 3478 5704 7604 3475 3477)
6(3441 3480 5719 7619 3477 3479)
6(3443 3482 5734 7634 3479 3481)
6(3445 3484 5749 7649 3481 3483)
6(3447 3486 5764 7664 3483 3485)
6(3449 3488 5779 7679 3485 3487)
6(3450 3489 5794 7694 3487 3829)
6(3452 3491 5510 7410 2749 3490)
6(3454 3493 5525 7425 3490 3492)
6(3456 3495 5540 7440 3492 3494)
6(3458 3497 5555 7455 3494 3496)
6(3460 3499 5570 7470 3496 3498)
6(3462 3501 5585 7485 3498 3500)
6(3464 3503 5600 7500 3500 3502)
6(3466 3505 5615 7515 3502 3504)
6(3468 3507 5630 7530 3504 3506)
6(3470 3509 5645 7545 3506 3508)
6(3472 3511 5660 7560 3508 3510)
6(3474 3513 5675 7575 3510 3512)
6(3476 3515 5690 7590 3512 3514)
6(3478 3517 5705 7605 3514 3516)
6(3480 3519 5720 7620 3516 3518)
6(3482 3521 5735 7635 3518 3520)
6(3484 3523 5750 7650 3520 3522)
6(3486 3525 5765 7665 3522 3524)
6(3488 3527 5780 7680 3524 3526)
6(3489 3528 5795 7695 3526 3830)
6(3491 3530 5511 7411 2849 3529)
6(3493 3532 5526 7426 3529 3531)
6(3495 3534 5541 7441 3531 3533)
6(3497 3536 5556 7456 3533 3535)
6(3499 3538 5571 7471 3535 3537)
6(3501 3540 5586 7486 3537 3539)
6(3503 3542 5601 7501 3539 3541)
6(3505 3544 5616 7516 3541 3543)
6(3507 3546 5631 7531 3543 3545)
6(3509 3548 5646 7546 3545 3547)
6(3511 3550 5661 7561 3547 3549)
6(3513 3552 5676 7576 3549 3551)
6(3515 3554 5691 7591 3551 3553)
6(3517 3556 5706 7606 3553 3555)
6(3519 3558 5721 7621 3555 3557)
6(3521 3560 5736 7636 3557 3559)
6(3523 3562 5751 7651 3559 3561)
6(3525 3564 5766 7666 3561 3563)
6(3527 3566 5781 7681 3563 3565)
6(3528 3567 5796 7696 3565 3831)
6(3530 3569 5512 7412 2949 3568)
6(3532 3571 5527 7427 3568 3570)
6(3534 3573 5542 7442 3570 3572)
6(3536 3575 5557 7457 3572 3574)
6(3538 3577 5572 7472 3574 3576)
6(3540 3579 5587 7487 3576 3578)
6(3542 3581 5602 7502 3578 3580)
6(3544 3583 5617 7517 3580 3582)
6(3546 3585 5632 7532 3582 3584)
6(3548 3587 5647 7547 3584 3586)
6(3550 3589 5662 7562 3586 3588)
6(3552 3591 5677 7577 3588 3590)
6(3554 3593 5692 7592 3590 3592)
6(3556 3595 5707 7607 3592 3594)
6(3558 3597 5722 7622 3594 3596)
6(3560 3599 5737 7637 3596 3598)
6(3562 3601 5752 7652 3598 3600)
6(3564 3603 5767 7667 3600 3602)
6(3566 3605 5782 7682 3602 3604)
6(3567 3606 5797 7697 3604 3832)
6(3569 3608 5513 7413 3049 3607)
6(3571 3610 5528 7428 3607 3609)
6(3573 3612 5543 7443 3609 3611)
6(3575 3614 5558 7458 3611 3613)
6(3577 3616 5573 7473 3613 3615)
6(3579 3618 5588 7488 3615 3617)
6(3581 3620 5603 7503 3617 3619)
6(3583 3622 5618 7518 3619 3621)
6(3585 3624 5633 7533 3621 3623)
6(3587 3626 5648 7548 3623 3625)
6(3589 3628 5663 7563 3625 3627)
6(3591 3630 5678 7578 3627 3629)
6(3593 3632 5693 7593 3629 3631)
6(3595 3634 5708 7608 3631 3633)
6(3597 3636 5723 7623 3633 3635)
6(3599 3638 5738 7638 3635 3637)
6(3601 3640 5753 7653 3637 3639)
6(3603 3642 5768 7668 3639 3641)
6(3605 3644 5783 7683 3641 3643)
6(3606 3645 5798 7698 3643 3833)
6(3608 3880 5514 7414 3099 3646)
6(3610 3881 5529 7429 3646 3647)
6(3612 3882 5544 7444 3647 3648)
6(3614 3883 5559 7459 3648 3649)
6(3616 3884 5574 7474 3649 3650)
6(3618 3885 5589 7489 3650 3651)
6(3620 3886 5604 7504 3651 3652)
6(3622 3887 5619 7519 3652 3653)
6(3624 3888 5634 7534 3653 3654)
6(3626 3889 5649 7549 3654 3655)
6(3628 3890 5664 7564 3655 3656)
6(3630 3891 5679 7579 3656 3657)
6(3632 3892 5694 7594 3657 3658)
6(3634 3893 5709 7609 3658 3659)
6(3636 3894 5724 7624 3659 3660)
6(3638 3895 5739 7639 3660 3661)
6(3640 3896 5754 7654 3661 3662)
6(3642 3897 5769 7669 3662 3663)
6(3644 3898 5784 7684 3663 3664)
6(3645 3899 5799 7699 3664 3834)
)


// ************************************************************************* //
